,Absolute Magnetisations Per Spin
0,0.9375
1,0.96875
2,0.96875
3,1.0
4,1.0
5,0.96875
6,0.90625
7,0.90625
8,0.90625
9,0.96875
10,0.96875
11,0.96875
12,0.96875
13,0.9375
14,0.9375
15,0.90625
16,0.96875
17,1.0
18,1.0
19,1.0
20,0.96875
21,0.9375
22,0.875
23,1.0
24,1.0
25,0.9375
26,0.96875
27,0.9375
28,0.96875
29,0.96875
30,0.9375
31,0.875
32,0.96875
33,0.875
34,0.90625
35,0.96875
36,1.0
37,0.96875
38,0.96875
39,0.96875
40,0.9375
41,0.96875
42,1.0
43,0.9375
44,0.96875
45,0.96875
46,1.0
47,0.90625
48,0.9375
49,0.875
50,0.84375
51,0.8125
52,0.9375
53,1.0
54,1.0
55,1.0
56,1.0
57,1.0
58,0.9375
59,0.875
60,0.9375
61,0.90625
62,0.65625
63,0.65625
64,0.75
65,0.90625
66,1.0
67,1.0
68,1.0
69,0.90625
70,0.9375
71,0.9375
72,0.9375
73,0.78125
74,0.6875
75,0.875
76,0.84375
77,0.84375
78,0.84375
79,0.84375
80,0.875
81,0.9375
82,0.9375
83,1.0
84,0.875
85,0.875
86,0.84375
87,0.90625
88,0.96875
89,0.96875
90,0.96875
91,1.0
92,0.96875
93,0.96875
94,0.9375
95,0.90625
96,0.9375
97,1.0
98,0.9375
99,0.96875
100,0.96875
101,0.96875
102,0.875
103,0.875
104,0.9375
105,0.9375
106,1.0
107,1.0
108,0.9375
109,1.0
110,1.0
111,1.0
112,0.90625
113,0.96875
114,0.9375
115,1.0
116,0.96875
117,0.96875
118,0.96875
119,0.96875
120,1.0
121,1.0
122,1.0
123,1.0
124,0.96875
125,1.0
126,1.0
127,0.96875
128,0.96875
129,0.96875
130,1.0
131,0.9375
132,0.84375
133,0.90625
134,0.84375
135,0.875
136,0.90625
137,0.875
138,0.84375
139,0.90625
140,0.96875
141,0.96875
142,0.96875
143,0.90625
144,0.90625
145,0.9375
146,0.96875
147,1.0
148,0.9375
149,0.8125
150,0.875
151,0.875
152,0.90625
153,0.90625
154,0.90625
155,0.875
156,1.0
157,1.0
158,0.90625
159,0.96875
160,1.0
161,0.96875
162,0.96875
163,1.0
164,1.0
165,0.9375
166,0.96875
167,0.96875
168,0.90625
169,0.9375
170,0.96875
171,1.0
172,1.0
173,0.96875
174,1.0
175,0.96875
176,0.96875
177,1.0
178,1.0
179,0.9375
180,1.0
181,0.96875
182,0.9375
183,0.96875
184,0.96875
185,0.96875
186,0.96875
187,0.96875
188,0.96875
189,0.96875
190,1.0
191,0.9375
192,0.90625
193,0.90625
194,0.96875
195,0.96875
196,0.9375
197,0.875
198,0.90625
199,0.9375
200,1.0
201,0.90625
202,0.9375
203,0.9375
204,1.0
205,0.96875
206,0.9375
207,1.0
208,1.0
209,0.96875
210,0.9375
211,1.0
212,1.0
213,1.0
214,0.96875
215,0.96875
216,1.0
217,1.0
218,0.96875
219,0.9375
220,0.9375
221,0.9375
222,0.96875
223,1.0
224,0.96875
225,0.96875
226,1.0
227,0.96875
228,0.9375
229,0.96875
230,0.96875
231,0.96875
232,0.90625
233,0.875
234,0.8125
235,0.9375
236,0.96875
237,1.0
238,1.0
239,1.0
240,1.0
241,0.96875
242,1.0
243,0.96875
244,0.9375
245,0.90625
246,0.875
247,0.90625
248,0.9375
249,0.84375
250,0.90625
251,0.9375
252,0.90625
253,0.875
254,0.96875
255,0.96875
256,0.96875
257,0.9375
258,1.0
259,1.0
260,1.0
261,0.9375
262,0.90625
263,0.9375
264,0.96875
265,1.0
266,0.90625
267,1.0
268,1.0
269,1.0
270,0.875
271,0.96875
272,0.96875
273,1.0
274,1.0
275,0.9375
276,0.9375
277,0.96875
278,1.0
279,1.0
280,0.96875
281,0.96875
282,0.9375
283,0.90625
284,0.9375
285,0.9375
286,0.84375
287,0.90625
288,0.96875
289,0.96875
290,0.9375
291,0.9375
292,0.96875
293,0.9375
294,0.875
295,1.0
296,1.0
297,1.0
298,1.0
299,1.0
300,0.9375
301,0.96875
302,0.96875
303,0.9375
304,0.96875
305,0.96875
306,1.0
307,1.0
308,1.0
309,1.0
310,1.0
311,1.0
312,1.0
313,1.0
314,1.0
315,0.96875
316,0.90625
317,0.96875
318,0.9375
319,0.9375
320,0.90625
321,0.84375
322,0.9375
323,1.0
324,1.0
325,0.96875
326,0.9375
327,0.9375
328,0.90625
329,0.9375
330,1.0
331,1.0
332,1.0
333,1.0
334,1.0
335,0.96875
336,1.0
337,1.0
338,0.96875
339,1.0
340,0.9375
341,0.96875
342,0.96875
343,0.96875
344,0.9375
345,0.96875
346,1.0
347,0.90625
348,0.9375
349,1.0
350,0.96875
351,1.0
352,0.96875
353,1.0
354,1.0
355,0.96875
356,0.96875
357,1.0
358,1.0
359,0.96875
360,0.96875
361,0.9375
362,0.90625
363,0.71875
364,0.875
365,0.96875
366,0.90625
367,0.96875
368,0.9375
369,0.9375
370,1.0
371,0.96875
372,0.875
373,0.96875
374,0.875
375,0.9375
376,0.96875
377,1.0
378,1.0
379,0.96875
380,1.0
381,1.0
382,1.0
383,1.0
384,1.0
385,0.96875
386,0.9375
387,0.96875
388,0.9375
389,0.9375
390,0.9375
391,0.90625
392,0.875
393,0.9375
394,0.8125
395,0.90625
396,1.0
397,1.0
398,0.96875
399,0.9375
400,0.90625
401,0.90625
402,0.90625
403,0.96875
404,1.0
405,0.9375
406,0.96875
407,1.0
408,1.0
409,1.0
410,0.96875
411,0.96875
412,1.0
413,1.0
414,1.0
415,0.9375
416,1.0
417,1.0
418,1.0
419,1.0
420,1.0
421,1.0
422,0.96875
423,0.96875
424,0.84375
425,0.875
426,0.875
427,0.875
428,0.8125
429,0.90625
430,0.875
431,0.84375
432,0.9375
433,0.875
434,0.9375
435,1.0
436,1.0
437,1.0
438,1.0
439,0.96875
440,0.96875
441,0.96875
442,0.96875
443,1.0
444,0.96875
445,1.0
446,1.0
447,1.0
448,1.0
449,0.90625
450,0.9375
451,0.84375
452,0.875
453,0.875
454,0.90625
455,0.96875
456,1.0
457,1.0
458,1.0
459,1.0
460,0.90625
461,0.96875
462,1.0
463,0.96875
464,0.90625
465,0.90625
466,0.78125
467,0.84375
468,0.84375
469,0.78125
470,0.8125
471,0.78125
472,0.90625
473,0.875
474,0.9375
475,0.9375
476,0.9375
477,0.96875
478,1.0
479,1.0
480,0.9375
481,0.96875
482,1.0
483,1.0
484,1.0
485,0.96875
486,0.9375
487,0.96875
488,1.0
489,0.9375
490,1.0
491,1.0
492,1.0
493,0.96875
494,0.84375
495,0.84375
496,0.84375
497,0.96875
498,0.9375
499,1.0
500,0.9375
501,1.0
502,0.96875
503,0.78125
504,0.8125
505,0.875
506,0.90625
507,0.96875
508,0.90625
509,0.875
510,0.90625
511,0.96875
512,0.875
513,0.90625
514,0.90625
515,0.96875
516,1.0
517,0.96875
518,0.96875
519,0.96875
520,1.0
521,0.96875
522,0.90625
523,0.9375
524,0.9375
525,0.9375
526,0.96875
527,0.96875
528,0.96875
529,0.96875
530,1.0
531,1.0
532,1.0
533,0.96875
534,0.90625
535,0.8125
536,0.90625
537,0.90625
538,0.875
539,0.875
540,0.9375
541,0.96875
542,0.96875
543,1.0
544,0.96875
545,0.96875
546,1.0
547,0.96875
548,1.0
549,0.9375
550,0.90625
551,0.84375
552,0.90625
553,0.9375
554,0.875
555,0.90625
556,0.875
557,0.75
558,0.6875
559,0.6875
560,0.8125
561,0.875
562,0.8125
563,0.8125
564,0.96875
565,0.90625
566,0.96875
567,0.96875
568,1.0
569,0.875
570,1.0
571,1.0
572,0.96875
573,1.0
574,1.0
575,0.96875
576,0.96875
577,0.96875
578,0.875
579,0.84375
580,0.875
581,0.875
582,0.96875
583,1.0
584,1.0
585,0.84375
586,0.84375
587,0.96875
588,0.90625
589,1.0
590,0.96875
591,1.0
592,0.96875
593,0.90625
594,0.9375
595,0.90625
596,0.8125
597,0.875
598,0.9375
599,0.9375
600,0.90625
601,1.0
602,1.0
603,0.9375
604,0.96875
605,1.0
606,0.96875
607,0.9375
608,0.9375
609,1.0
610,0.96875
611,1.0
612,1.0
613,1.0
614,1.0
615,1.0
616,0.96875
617,0.875
618,0.90625
619,0.90625
620,0.9375
621,0.96875
622,0.96875
623,1.0
624,0.96875
625,0.9375
626,0.9375
627,0.875
628,0.84375
629,0.90625
630,0.9375
631,0.875
632,0.78125
633,0.84375
634,0.9375
635,0.9375
636,0.90625
637,0.9375
638,0.96875
639,1.0
640,0.90625
641,0.96875
642,0.96875
643,0.96875
644,1.0
645,1.0
646,1.0
647,0.96875
648,0.96875
649,0.96875
650,1.0
651,0.9375
652,0.9375
653,0.96875
654,0.96875
655,1.0
656,1.0
657,1.0
658,0.9375
659,0.9375
660,0.96875
661,1.0
662,1.0
663,1.0
664,0.96875
665,0.9375
666,0.875
667,0.8125
668,0.90625
669,0.8125
670,0.84375
671,0.96875
672,1.0
673,1.0
674,1.0
675,0.96875
676,0.9375
677,0.96875
678,0.96875
679,0.90625
680,1.0
681,1.0
682,0.96875
683,1.0
684,1.0
685,0.96875
686,0.90625
687,0.84375
688,0.9375
689,0.90625
690,0.71875
691,0.71875
692,0.875
693,0.90625
694,0.9375
695,0.90625
696,0.84375
697,0.9375
698,0.96875
699,1.0
700,1.0
701,1.0
702,1.0
703,1.0
704,1.0
705,0.9375
706,0.96875
707,0.90625
708,0.96875
709,0.84375
710,0.75
711,0.59375
712,0.5625
713,0.6875
714,0.65625
715,0.59375
716,0.53125
717,0.5625
718,0.625
719,0.78125
720,0.84375
721,0.90625
722,1.0
723,1.0
724,1.0
725,1.0
726,1.0
727,1.0
728,0.96875
729,0.96875
730,0.96875
731,0.96875
732,1.0
733,1.0
734,1.0
735,0.9375
736,0.875
737,0.96875
738,0.96875
739,0.875
740,1.0
741,0.9375
742,0.84375
743,0.84375
744,0.90625
745,0.84375
746,0.8125
747,0.875
748,0.78125
749,0.75
750,0.75
751,0.9375
752,0.90625
753,0.96875
754,0.90625
755,1.0
756,0.96875
757,1.0
758,1.0
759,0.875
760,0.9375
761,1.0
762,1.0
763,0.96875
764,1.0
765,0.9375
766,0.96875
767,1.0
768,1.0
769,0.96875
770,0.96875
771,0.90625
772,0.875
773,0.96875
774,1.0
775,0.84375
776,0.90625
777,0.90625
778,0.875
779,0.875
780,0.78125
781,0.875
782,0.96875
783,0.96875
784,0.90625
785,0.9375
786,0.8125
787,0.84375
788,1.0
789,1.0
790,1.0
791,1.0
792,0.96875
793,1.0
794,0.875
795,0.90625
796,0.90625
797,1.0
798,0.9375
799,0.96875
800,0.9375
801,0.9375
802,0.9375
803,0.84375
804,0.96875
805,0.9375
806,0.96875
807,1.0
808,0.96875
809,1.0
810,1.0
811,1.0
812,0.9375
813,0.9375
814,0.875
815,0.9375
816,0.96875
817,0.96875
818,1.0
819,0.96875
820,1.0
821,0.96875
822,0.96875
823,1.0
824,0.96875
825,1.0
826,1.0
827,0.90625
828,0.96875
829,1.0
830,0.96875
831,0.96875
832,0.90625
833,0.90625
834,0.84375
835,0.96875
836,0.90625
837,0.96875
838,1.0
839,1.0
840,0.96875
841,0.9375
842,0.8125
843,0.875
844,0.90625
845,0.9375
846,0.96875
847,0.9375
848,1.0
849,0.9375
850,1.0
851,1.0
852,1.0
853,0.96875
854,0.875
855,1.0
856,0.96875
857,0.96875
858,0.90625
859,0.90625
860,0.96875
861,0.9375
862,0.96875
863,0.96875
864,0.9375
865,0.96875
866,0.78125
867,0.875
868,0.875
869,0.8125
870,0.84375
871,0.875
872,0.875
873,0.96875
874,0.90625
875,0.875
876,0.875
877,0.96875
878,1.0
879,0.96875
880,0.96875
881,1.0
882,1.0
883,0.9375
884,0.9375
885,0.96875
886,1.0
887,0.96875
888,0.96875
889,0.84375
890,0.96875
891,0.9375
892,0.96875
893,1.0
894,0.96875
895,0.96875
896,1.0
897,0.9375
898,0.9375
899,0.96875
900,0.90625
901,0.9375
902,0.9375
903,0.96875
904,0.84375
905,0.9375
906,0.96875
907,0.9375
908,0.96875
909,1.0
910,1.0
911,1.0
912,1.0
913,0.9375
914,0.9375
915,0.96875
916,0.96875
917,0.96875
918,0.84375
919,0.8125
920,0.875
921,0.96875
922,1.0
923,1.0
924,0.96875
925,1.0
926,0.96875
927,0.96875
928,1.0
929,1.0
930,0.90625
931,0.96875
932,0.875
933,1.0
934,1.0
935,1.0
936,1.0
937,1.0
938,1.0
939,0.96875
940,0.875
941,0.90625
942,0.90625
943,0.8125
944,0.875
945,0.84375
946,0.8125
947,0.8125
948,0.875
949,0.875
950,0.78125
951,0.84375
952,0.90625
953,0.875
954,0.84375
955,0.875
956,0.9375
957,1.0
958,0.90625
959,0.96875
960,1.0
961,0.9375
962,0.9375
963,0.96875
964,0.875
965,0.8125
966,0.90625
967,0.9375
968,0.90625
969,1.0
970,0.9375
971,0.96875
972,0.96875
973,1.0
974,0.9375
975,0.96875
976,0.9375
977,0.90625
978,0.8125
979,0.9375
980,0.96875
981,0.96875
982,0.96875
983,0.9375
984,0.9375
985,0.96875
986,1.0
987,1.0
988,0.96875
989,1.0
990,1.0
991,0.9375
992,0.875
993,1.0
994,1.0
995,0.96875
996,0.96875
997,0.90625
998,0.9375
999,0.90625
