,Absolute Magnetisations Per Spin
0,0.1875
1,0.375
2,0.875
3,0.28125
4,0.84375
5,0.78125
6,0.59375
7,0.5625
8,0.0
9,0.5
10,0.28125
11,0.53125
12,0.34375
13,0.46875
14,0.53125
15,0.5
16,0.875
17,0.5625
18,0.0625
19,0.875
20,0.25
21,0.46875
22,0.03125
23,0.28125
24,0.65625
25,0.09375
26,0.0
27,0.34375
28,0.75
29,0.625
30,0.0625
31,0.84375
32,0.75
33,0.21875
34,0.125
35,0.4375
36,0.75
37,0.4375
38,0.5625
39,0.34375
40,0.09375
41,0.28125
42,0.625
43,0.0
44,0.0625
45,0.34375
46,0.375
47,0.78125
48,0.53125
49,0.625
50,0.125
51,0.0625
52,0.40625
53,0.15625
54,0.5
55,0.4375
56,0.34375
57,0.78125
58,0.53125
59,0.78125
60,0.5
61,0.875
62,0.8125
63,0.875
64,0.6875
65,0.375
66,0.625
67,0.78125
68,0.59375
69,0.90625
70,0.59375
71,0.21875
72,0.53125
73,0.78125
74,0.75
75,0.5625
76,0.5
77,0.8125
78,0.34375
79,0.03125
80,0.3125
81,0.84375
82,0.71875
83,0.3125
84,0.0
85,0.09375
86,0.59375
87,0.71875
88,0.15625
89,0.625
90,0.46875
91,0.8125
92,0.625
93,0.34375
94,0.40625
95,0.78125
96,0.25
97,0.21875
98,0.875
99,0.21875
100,0.5625
101,0.40625
102,0.09375
103,0.53125
104,0.875
105,0.6875
106,0.84375
107,0.375
108,0.65625
109,0.1875
110,0.0625
111,0.59375
112,0.09375
113,0.53125
114,0.09375
115,0.5625
116,0.1875
117,0.0625
118,0.15625
119,0.4375
120,0.78125
121,0.90625
122,0.65625
123,0.84375
124,0.40625
125,0.90625
126,0.96875
127,0.21875
128,0.3125
129,0.59375
130,0.25
131,0.0625
132,0.5625
133,0.875
134,0.5625
135,0.375
136,0.15625
137,0.8125
138,0.03125
139,0.3125
140,0.75
141,0.59375
142,0.65625
143,0.1875
144,0.21875
145,0.0625
146,0.875
147,0.125
148,0.75
149,0.28125
150,0.71875
151,0.84375
152,0.15625
153,0.8125
154,0.96875
155,0.8125
156,0.28125
157,0.1875
158,0.125
159,0.65625
160,0.28125
161,0.21875
162,0.25
163,0.15625
164,0.6875
165,0.09375
166,0.03125
167,0.375
168,0.0
169,0.15625
170,0.34375
171,0.28125
172,0.28125
173,0.78125
174,0.25
175,0.3125
176,0.65625
177,0.46875
178,0.625
179,0.90625
180,0.6875
181,0.34375
182,0.21875
183,0.34375
184,0.09375
185,0.1875
186,0.5625
187,0.65625
188,0.90625
189,0.53125
190,0.53125
191,0.40625
192,0.6875
193,0.59375
194,0.53125
195,0.28125
196,0.9375
197,0.65625
198,0.8125
199,0.71875
200,0.5625
201,0.125
202,0.0625
203,0.28125
204,0.0625
205,0.1875
206,0.375
207,0.6875
208,0.6875
209,0.09375
210,0.1875
211,0.125
212,0.28125
213,0.125
214,0.21875
215,0.1875
216,0.3125
217,0.5625
218,0.9375
219,0.625
220,0.8125
221,0.5625
222,0.1875
223,0.3125
224,0.40625
225,0.5
226,0.09375
227,0.65625
228,0.28125
229,0.125
230,0.15625
231,0.4375
232,0.5
233,0.0625
234,0.625
235,0.375
236,0.0625
237,0.125
238,0.4375
239,0.15625
240,0.34375
241,0.1875
242,0.5
243,0.375
244,0.0625
245,0.53125
246,0.53125
247,0.0625
248,0.53125
249,0.375
250,0.34375
251,0.34375
252,0.78125
253,0.875
254,0.875
255,0.375
256,0.8125
257,0.25
258,0.5625
259,0.53125
260,0.03125
261,0.59375
262,0.34375
263,0.125
264,0.15625
265,0.15625
266,0.1875
267,0.21875
268,0.5
269,0.78125
270,0.78125
271,0.21875
272,0.71875
273,0.5625
274,0.65625
275,0.25
276,0.59375
277,0.4375
278,0.375
279,0.09375
280,0.09375
281,0.375
282,0.0625
283,0.59375
284,0.375
285,0.0625
286,0.15625
287,0.03125
288,0.59375
289,0.3125
290,0.8125
291,0.4375
292,0.4375
293,0.28125
294,0.4375
295,0.5
296,0.34375
297,0.625
298,0.6875
299,0.8125
300,0.375
301,0.21875
302,0.8125
303,0.625
304,0.3125
305,0.25
306,0.90625
307,0.0
308,0.09375
309,0.1875
310,0.1875
311,0.46875
312,0.3125
313,0.15625
314,0.53125
315,0.34375
316,0.09375
317,0.6875
318,0.90625
319,0.625
320,0.90625
321,0.5
322,0.1875
323,0.0625
324,0.46875
325,0.53125
326,0.71875
327,0.5
328,0.53125
329,0.09375
330,0.53125
331,0.6875
332,0.03125
333,0.65625
334,0.34375
335,0.75
336,0.34375
337,0.46875
338,0.0625
339,0.5625
340,0.71875
341,0.625
342,0.65625
343,0.1875
344,0.75
345,0.59375
346,0.40625
347,0.3125
348,0.28125
349,0.65625
350,0.75
351,0.71875
352,0.78125
353,0.46875
354,0.875
355,0.625
356,0.625
357,0.75
358,0.3125
359,0.8125
360,0.5
361,0.59375
362,0.75
363,0.03125
364,0.15625
365,0.0625
366,0.21875
367,0.15625
368,0.40625
369,0.5625
370,0.90625
371,0.875
372,0.6875
373,0.3125
374,0.15625
375,0.46875
376,0.40625
377,0.5
378,0.09375
379,0.15625
380,0.59375
381,0.46875
382,0.34375
383,0.8125
384,0.78125
385,0.9375
386,0.28125
387,0.375
388,0.1875
389,0.28125
390,0.0
391,0.65625
392,0.59375
393,0.1875
394,0.75
395,0.625
396,0.59375
397,0.59375
398,0.75
399,0.03125
400,0.03125
401,0.40625
402,0.65625
403,0.09375
404,0.59375
405,0.34375
406,0.34375
407,0.1875
408,0.375
409,0.0625
410,0.75
411,0.25
412,0.28125
413,0.03125
414,0.21875
415,0.03125
416,0.25
417,0.125
418,0.625
419,0.34375
420,0.15625
421,0.53125
422,0.09375
423,0.03125
424,0.15625
425,0.46875
426,0.34375
427,0.34375
428,0.5
429,0.125
430,0.28125
431,0.1875
432,0.375
433,0.1875
434,0.25
435,0.5625
436,0.28125
437,0.125
438,0.40625
439,0.59375
440,0.59375
441,0.625
442,0.40625
443,0.375
444,0.15625
445,0.0625
446,0.78125
447,0.40625
448,0.46875
449,0.15625
450,0.59375
451,0.6875
452,0.71875
453,0.46875
454,0.15625
455,0.1875
456,0.03125
457,0.15625
458,0.59375
459,0.3125
460,0.03125
461,0.03125
462,0.625
463,0.625
464,0.84375
465,0.1875
466,0.0625
467,0.46875
468,0.6875
469,0.09375
470,0.78125
471,0.09375
472,0.90625
473,0.5
474,0.4375
475,0.21875
476,0.4375
477,0.71875
478,0.34375
479,0.1875
480,0.1875
481,0.1875
482,0.75
483,0.0
484,0.75
485,0.125
486,0.21875
487,0.96875
488,0.75
489,0.25
490,0.3125
491,0.40625
492,0.15625
493,0.3125
494,0.84375
495,0.53125
496,0.5
497,0.78125
498,0.15625
499,0.375
500,0.3125
501,0.5
502,0.40625
503,0.53125
504,0.09375
505,0.59375
506,0.78125
507,0.5
508,0.0625
509,0.28125
510,0.625
511,0.21875
512,0.09375
513,0.5
514,0.1875
515,0.59375
516,0.6875
517,0.59375
518,0.1875
519,0.125
520,0.75
521,0.34375
522,0.65625
523,0.21875
524,0.21875
525,0.5625
526,0.65625
527,0.625
528,0.34375
529,0.65625
530,0.65625
531,0.6875
532,0.15625
533,0.625
534,0.15625
535,0.5625
536,0.15625
537,0.25
538,0.53125
539,0.5
540,0.6875
541,0.21875
542,0.8125
543,0.84375
544,0.40625
545,0.78125
546,0.5625
547,0.3125
548,0.8125
549,0.03125
550,0.53125
551,0.78125
552,0.21875
553,0.03125
554,0.59375
555,0.25
556,0.625
557,0.5
558,0.375
559,0.3125
560,0.53125
561,0.4375
562,0.34375
563,0.21875
564,0.1875
565,0.40625
566,0.375
567,0.375
568,0.28125
569,0.0625
570,0.4375
571,0.0
572,0.34375
573,0.125
574,0.34375
575,0.625
576,0.40625
577,0.46875
578,0.0
579,0.4375
580,0.34375
581,0.59375
582,0.5
583,0.34375
584,0.09375
585,0.625
586,0.53125
587,0.0625
588,0.75
589,0.53125
590,0.28125
591,0.21875
592,0.21875
593,0.6875
594,0.8125
595,0.4375
596,0.28125
597,0.28125
598,0.78125
599,0.6875
600,0.5625
601,0.3125
602,0.71875
603,0.28125
604,0.71875
605,0.0625
606,0.40625
607,0.1875
608,0.25
609,0.28125
610,0.375
611,0.40625
612,0.03125
613,0.34375
614,0.125
615,0.09375
616,0.8125
617,0.75
618,0.40625
619,0.28125
620,0.0
621,0.65625
622,0.21875
623,0.3125
624,0.3125
625,0.21875
626,0.375
627,0.34375
628,0.71875
629,0.09375
630,0.5625
631,0.15625
632,0.53125
633,0.375
634,0.15625
635,0.03125
636,0.46875
637,0.0
638,0.09375
639,0.25
640,0.21875
641,0.15625
642,0.625
643,0.8125
644,0.6875
645,0.125
646,0.25
647,0.5625
648,0.40625
649,0.15625
650,0.59375
651,0.6875
652,0.4375
653,0.5
654,0.21875
655,0.375
656,0.59375
657,0.78125
658,0.84375
659,0.46875
660,0.34375
661,0.3125
662,0.46875
663,0.21875
664,0.03125
665,0.25
666,0.625
667,0.71875
668,0.59375
669,0.65625
670,0.65625
671,0.3125
672,0.375
673,0.75
674,0.28125
675,0.6875
676,0.9375
677,0.34375
678,0.71875
679,0.78125
680,0.625
681,0.75
682,0.59375
683,0.90625
684,0.53125
685,0.75
686,0.40625
687,0.25
688,0.25
689,0.375
690,0.34375
691,0.4375
692,0.0625
693,0.5625
694,0.375
695,0.125
696,0.59375
697,0.625
698,0.53125
699,0.625
700,0.6875
701,0.75
702,0.53125
703,0.15625
704,0.25
705,0.5
706,0.71875
707,0.15625
708,0.09375
709,0.03125
710,0.78125
711,0.5625
712,0.21875
713,0.84375
714,0.71875
715,0.40625
716,0.59375
717,0.875
718,0.0625
719,0.3125
720,0.1875
721,0.125
722,0.28125
723,0.03125
724,0.65625
725,0.25
726,0.03125
727,0.78125
728,0.28125
729,0.59375
730,0.3125
731,0.21875
732,0.34375
733,0.65625
734,0.65625
735,0.84375
736,0.375
737,0.90625
738,0.34375
739,0.3125
740,0.09375
741,0.53125
742,0.53125
743,0.15625
744,0.46875
745,0.15625
746,0.65625
747,0.28125
748,0.09375
749,0.15625
750,0.5
751,0.0625
752,0.4375
753,0.6875
754,0.6875
755,0.1875
756,0.4375
757,0.21875
758,0.8125
759,0.3125
760,0.46875
761,0.625
762,0.53125
763,0.375
764,0.125
765,0.28125
766,0.15625
767,0.8125
768,0.40625
769,0.1875
770,0.53125
771,0.4375
772,0.0
773,0.375
774,0.625
775,0.5
776,0.25
777,0.21875
778,0.75
779,0.9375
780,0.09375
781,0.4375
782,0.0625
783,0.5625
784,0.375
785,0.1875
786,0.125
787,0.53125
788,0.78125
789,0.0625
790,0.71875
791,0.4375
792,0.4375
793,0.25
794,0.65625
795,0.8125
796,0.4375
797,0.21875
798,0.625
799,0.46875
800,0.53125
801,0.5
802,0.46875
803,0.875
804,0.59375
805,0.75
806,0.3125
807,0.75
808,0.53125
809,0.125
810,0.1875
811,0.78125
812,0.5
813,0.28125
814,0.625
815,0.5625
816,0.90625
817,0.25
818,0.03125
819,0.09375
820,0.21875
821,0.0
822,0.78125
823,0.34375
824,0.46875
825,0.46875
826,0.3125
827,0.5625
828,0.75
829,0.6875
830,0.21875
831,0.90625
832,0.5
833,0.4375
834,0.25
835,0.0625
836,0.1875
837,0.625
838,0.59375
839,0.4375
840,0.71875
841,0.375
842,0.75
843,0.34375
844,0.0625
845,0.09375
846,0.71875
847,0.3125
848,0.25
849,0.15625
850,0.375
851,0.09375
852,0.5625
853,0.6875
854,0.4375
855,0.1875
856,0.15625
857,0.46875
858,0.21875
859,0.96875
860,0.375
861,0.40625
862,0.5
863,0.21875
864,0.125
865,0.53125
866,0.1875
867,0.34375
868,0.59375
869,0.0625
870,0.40625
871,0.09375
872,0.6875
873,0.65625
874,0.6875
875,0.21875
876,0.59375
877,0.59375
878,0.25
879,0.59375
880,0.15625
881,0.125
882,0.78125
883,0.40625
884,0.125
885,0.3125
886,0.28125
887,0.0
888,0.125
889,0.34375
890,0.09375
891,0.0625
892,0.0
893,0.09375
894,0.03125
895,0.5625
896,0.71875
897,0.0625
898,0.59375
899,0.78125
900,0.375
901,0.5625
902,0.0625
903,0.03125
904,0.15625
905,0.25
906,0.40625
907,0.0625
908,0.34375
909,0.03125
910,0.28125
911,0.1875
912,0.4375
913,0.03125
914,0.6875
915,0.375
916,0.25
917,0.0
918,0.3125
919,0.78125
920,0.5
921,0.78125
922,0.5
923,0.0625
924,0.5
925,0.25
926,0.125
927,0.59375
928,0.3125
929,0.46875
930,0.5625
931,0.5
932,0.03125
933,0.4375
934,0.0625
935,0.28125
936,0.65625
937,0.0625
938,0.25
939,0.25
940,0.40625
941,0.5
942,0.09375
943,0.0625
944,0.78125
945,0.25
946,0.21875
947,0.34375
948,0.5
949,0.90625
950,0.1875
951,0.1875
952,0.40625
953,0.625
954,0.5625
955,0.375
956,0.71875
957,0.40625
958,0.21875
959,0.25
960,0.6875
961,0.40625
962,0.1875
963,0.59375
964,0.875
965,0.65625
966,0.46875
967,0.625
968,0.03125
969,0.8125
970,0.5625
971,0.46875
972,0.65625
973,0.625
974,0.15625
975,0.21875
976,0.40625
977,0.09375
978,0.21875
979,0.59375
980,0.5
981,0.125
982,0.09375
983,0.0
984,0.5
985,0.65625
986,0.0625
987,0.15625
988,0.0625
989,0.125
990,0.6875
991,0.75
992,0.5
993,0.34375
994,0.59375
995,0.375
996,0.40625
997,0.375
998,0.1875
999,0.4375
1000,0.65625
1001,0.8125
1002,0.4375
1003,0.28125
1004,0.375
1005,0.9375
1006,0.59375
1007,0.28125
1008,0.46875
1009,0.28125
1010,0.4375
1011,0.46875
1012,0.625
1013,0.4375
1014,0.65625
1015,0.65625
1016,0.3125
1017,0.03125
1018,0.0
1019,0.75
1020,0.34375
1021,0.28125
1022,0.28125
1023,0.625
1024,0.625
1025,0.8125
1026,0.75
1027,0.8125
1028,0.15625
1029,0.6875
1030,0.5625
1031,0.25
1032,0.25
1033,0.0
1034,0.375
1035,0.1875
1036,0.875
1037,0.53125
1038,0.03125
1039,0.65625
1040,0.3125
1041,0.78125
1042,0.125
1043,0.28125
1044,0.65625
1045,0.5
1046,0.5625
1047,0.53125
1048,0.34375
1049,0.1875
1050,0.34375
1051,0.125
1052,0.34375
1053,0.09375
1054,0.5
1055,0.03125
1056,0.40625
1057,0.3125
1058,0.65625
1059,0.625
1060,0.4375
1061,0.15625
1062,0.1875
1063,0.625
1064,0.53125
1065,0.09375
1066,0.09375
1067,0.8125
1068,0.125
1069,0.0
1070,0.40625
1071,0.5
1072,0.46875
1073,0.71875
1074,0.15625
1075,0.03125
1076,0.84375
1077,0.40625
1078,0.4375
1079,0.5625
1080,0.46875
1081,0.125
1082,0.0625
1083,0.59375
1084,0.0
1085,0.3125
1086,0.3125
1087,0.15625
1088,0.09375
1089,0.1875
1090,0.65625
1091,0.6875
1092,0.3125
1093,0.3125
1094,0.53125
1095,0.34375
1096,0.1875
1097,0.15625
1098,0.875
1099,0.125
1100,0.21875
1101,0.25
1102,0.53125
1103,0.3125
1104,0.125
1105,0.65625
1106,0.5625
1107,0.125
1108,0.875
1109,0.25
1110,0.5625
1111,0.0625
1112,0.28125
1113,0.9375
1114,0.78125
1115,0.65625
1116,0.75
1117,0.4375
1118,0.5625
1119,0.46875
1120,0.03125
1121,0.25
1122,0.125
1123,0.1875
1124,0.03125
1125,0.3125
1126,0.4375
1127,0.34375
1128,0.25
1129,0.34375
1130,0.4375
1131,0.5625
1132,0.59375
1133,0.75
1134,0.6875
1135,0.59375
1136,0.6875
1137,0.03125
1138,0.15625
1139,0.5625
1140,0.15625
1141,0.40625
1142,0.625
1143,0.90625
1144,0.59375
1145,0.03125
1146,0.0
1147,0.28125
1148,0.15625
1149,0.5625
1150,0.25
1151,0.6875
1152,0.25
1153,0.4375
1154,0.0625
1155,0.46875
1156,0.0
1157,0.25
1158,0.53125
1159,0.5625
1160,0.28125
1161,0.1875
1162,0.46875
1163,0.4375
1164,0.6875
1165,0.5
1166,0.1875
1167,0.75
1168,0.5625
1169,0.71875
1170,0.125
1171,0.03125
1172,0.65625
1173,0.40625
1174,0.25
1175,0.46875
1176,0.3125
1177,0.0625
1178,0.25
1179,0.34375
1180,0.84375
1181,0.78125
1182,0.84375
1183,0.25
1184,0.625
1185,0.21875
1186,0.375
1187,0.125
1188,0.15625
1189,0.0
1190,0.03125
1191,0.03125
1192,0.53125
1193,0.3125
1194,0.75
1195,0.09375
1196,0.03125
1197,0.125
1198,0.0
1199,0.6875
1200,0.71875
1201,0.96875
1202,0.71875
1203,0.0
1204,0.25
1205,0.03125
1206,0.28125
1207,0.21875
1208,0.0625
1209,0.4375
1210,0.5
1211,0.40625
1212,0.53125
1213,0.09375
1214,0.25
1215,0.5
1216,0.5
1217,0.0625
1218,0.1875
1219,0.59375
1220,0.0625
1221,0.34375
1222,0.21875
1223,0.5
1224,0.21875
1225,0.0
1226,0.5625
1227,0.375
1228,0.40625
1229,0.625
1230,0.625
1231,0.75
1232,0.28125
1233,0.15625
1234,0.5
1235,0.46875
1236,0.4375
1237,0.46875
1238,0.4375
1239,0.78125
1240,0.875
1241,0.4375
1242,0.71875
1243,0.375
1244,0.8125
1245,0.78125
1246,0.65625
1247,0.90625
1248,0.46875
1249,0.875
1250,0.84375
1251,0.28125
1252,0.46875
1253,0.1875
1254,0.1875
1255,0.03125
1256,0.5625
1257,0.53125
1258,0.625
1259,0.34375
1260,0.84375
1261,0.65625
1262,0.625
1263,0.78125
1264,0.28125
1265,0.1875
1266,0.3125
1267,0.78125
1268,0.1875
1269,0.1875
1270,0.875
1271,0.0625
1272,0.40625
1273,0.15625
1274,0.65625
1275,0.3125
1276,0.34375
1277,0.1875
1278,0.78125
1279,0.78125
1280,0.625
1281,0.5
1282,0.125
1283,0.40625
1284,0.34375
1285,0.03125
1286,0.59375
1287,0.21875
1288,0.34375
1289,0.21875
1290,0.46875
1291,0.875
1292,0.3125
1293,0.625
1294,0.625
1295,0.15625
1296,0.03125
1297,0.25
1298,0.75
1299,0.375
1300,0.0625
1301,0.15625
1302,0.15625
1303,0.4375
1304,0.125
1305,0.03125
1306,0.9375
1307,0.65625
1308,0.71875
1309,0.46875
1310,0.59375
1311,0.25
1312,0.0625
1313,0.59375
1314,0.28125
1315,0.15625
1316,0.78125
1317,0.6875
1318,0.09375
1319,0.21875
1320,0.1875
1321,0.40625
1322,0.8125
1323,0.53125
1324,0.09375
1325,0.6875
1326,0.71875
1327,0.40625
1328,0.28125
1329,0.125
1330,0.21875
1331,0.34375
1332,0.65625
1333,0.71875
1334,0.59375
1335,0.84375
1336,0.8125
1337,0.4375
1338,0.375
1339,0.84375
1340,0.34375
1341,0.40625
1342,0.71875
1343,0.84375
1344,0.46875
1345,0.4375
1346,0.34375
1347,0.125
1348,0.40625
1349,0.71875
1350,0.6875
1351,0.3125
1352,0.0625
1353,0.4375
1354,0.1875
1355,0.1875
1356,0.1875
1357,0.59375
1358,0.71875
1359,0.4375
1360,0.25
1361,0.65625
1362,0.71875
1363,0.28125
1364,0.625
1365,0.46875
1366,0.21875
1367,0.1875
1368,0.46875
1369,0.5
1370,0.28125
1371,0.15625
1372,0.5
1373,0.53125
1374,0.15625
1375,0.34375
1376,0.25
1377,0.25
1378,0.5625
1379,0.15625
1380,0.0
1381,0.40625
1382,0.15625
1383,0.0625
1384,0.625
1385,0.0625
1386,0.03125
1387,0.1875
1388,0.0
1389,0.5
1390,0.34375
1391,0.78125
1392,0.1875
1393,0.09375
1394,0.25
1395,0.25
1396,0.625
1397,0.1875
1398,0.40625
1399,0.59375
1400,0.5625
1401,0.40625
1402,0.1875
1403,0.40625
1404,0.34375
1405,0.1875
1406,0.5
1407,0.40625
1408,0.03125
1409,0.15625
1410,0.625
1411,0.8125
1412,0.8125
1413,0.5625
1414,0.03125
1415,0.4375
1416,0.375
1417,0.125
1418,0.125
1419,0.15625
1420,0.75
1421,0.34375
1422,0.75
1423,0.53125
1424,0.375
1425,0.1875
1426,0.1875
1427,0.65625
1428,0.53125
1429,0.75
1430,0.75
1431,0.78125
1432,0.4375
1433,0.0
1434,0.6875
1435,0.34375
1436,0.75
1437,0.71875
1438,0.71875
1439,0.1875
1440,0.125
1441,0.5625
1442,0.65625
1443,0.8125
1444,0.09375
1445,0.65625
1446,0.25
1447,0.03125
1448,0.5625
1449,0.625
1450,0.1875
1451,0.03125
1452,0.25
1453,0.3125
1454,0.1875
1455,0.34375
1456,0.5625
1457,0.34375
1458,0.21875
1459,0.0625
1460,0.15625
1461,0.5
1462,0.84375
1463,0.15625
1464,0.09375
1465,0.0625
1466,0.21875
1467,0.25
1468,0.15625
1469,0.5
1470,0.53125
1471,0.25
1472,0.53125
1473,0.3125
1474,0.15625
1475,0.25
1476,0.3125
1477,0.375
1478,0.4375
1479,0.4375
1480,0.53125
1481,0.78125
1482,0.25
1483,0.4375
1484,0.75
1485,0.5
1486,0.1875
1487,0.5625
1488,0.4375
1489,0.03125
1490,0.46875
1491,0.09375
1492,0.59375
1493,0.40625
1494,0.90625
1495,0.53125
1496,0.40625
1497,0.40625
1498,0.09375
1499,0.09375
1500,0.21875
1501,0.625
1502,0.5
1503,0.75
1504,0.09375
1505,0.1875
1506,0.75
1507,0.75
1508,0.78125
1509,0.6875
1510,0.34375
1511,0.6875
1512,0.59375
1513,0.1875
1514,0.46875
1515,0.53125
1516,0.6875
1517,0.5
1518,0.6875
1519,0.34375
1520,0.34375
1521,0.3125
1522,0.40625
1523,0.21875
1524,0.375
1525,0.78125
1526,0.03125
1527,0.46875
1528,0.65625
1529,0.53125
1530,0.625
1531,0.09375
1532,0.03125
1533,0.53125
1534,0.78125
1535,0.03125
1536,0.28125
1537,0.15625
1538,0.8125
1539,0.53125
1540,0.625
1541,0.90625
1542,0.625
1543,0.34375
1544,0.0
1545,0.59375
1546,0.3125
1547,0.125
1548,0.0
1549,0.03125
1550,0.6875
1551,0.5625
1552,0.1875
1553,0.21875
1554,0.125
1555,0.78125
1556,0.34375
1557,0.3125
1558,0.53125
1559,0.625
1560,0.25
1561,0.1875
1562,0.5
1563,0.59375
1564,0.5625
1565,0.375
1566,0.8125
1567,0.9375
1568,0.78125
1569,0.65625
1570,0.59375
1571,0.34375
1572,0.46875
1573,0.09375
1574,0.375
1575,0.1875
1576,0.9375
1577,0.25
1578,0.3125
1579,0.03125
1580,0.53125
1581,0.28125
1582,0.0625
1583,0.125
1584,0.9375
1585,0.65625
1586,0.09375
1587,0.53125
1588,0.78125
1589,0.78125
1590,0.1875
1591,0.15625
1592,0.28125
1593,0.5
1594,0.8125
1595,0.15625
1596,0.53125
1597,0.125
1598,0.15625
1599,0.53125
1600,0.09375
1601,0.34375
1602,0.28125
1603,0.65625
1604,0.09375
1605,0.15625
1606,0.25
1607,0.03125
1608,0.09375
1609,0.28125
1610,1.0
1611,0.53125
1612,0.28125
1613,0.03125
1614,0.21875
1615,0.25
1616,0.28125
1617,0.59375
1618,0.4375
1619,0.15625
1620,0.09375
1621,0.03125
1622,0.21875
1623,0.53125
1624,0.6875
1625,0.09375
1626,0.46875
1627,0.6875
1628,0.75
1629,0.125
1630,0.65625
1631,0.84375
1632,0.5
1633,0.25
1634,0.25
1635,0.03125
1636,0.1875
1637,0.9375
1638,0.84375
1639,0.21875
1640,0.625
1641,0.8125
1642,0.71875
1643,0.46875
1644,0.53125
1645,0.40625
1646,0.75
1647,0.625
1648,0.34375
1649,0.53125
1650,0.625
1651,0.1875
1652,0.40625
1653,0.4375
1654,0.6875
1655,0.375
1656,0.90625
1657,0.40625
1658,0.59375
1659,0.625
1660,0.28125
1661,0.5
1662,0.09375
1663,0.53125
1664,0.6875
1665,0.40625
1666,0.15625
1667,0.65625
1668,0.15625
1669,0.40625
1670,0.46875
1671,0.28125
1672,0.09375
1673,0.6875
1674,0.84375
1675,0.09375
1676,0.0625
1677,0.40625
1678,0.3125
1679,0.09375
1680,0.40625
1681,0.375
1682,0.84375
1683,0.71875
1684,0.46875
1685,0.34375
1686,0.1875
1687,0.90625
1688,0.84375
1689,0.625
1690,0.5625
1691,0.46875
1692,0.5625
1693,0.375
1694,0.5
1695,0.59375
1696,0.5625
1697,0.03125
1698,0.375
1699,0.03125
1700,0.5
1701,0.59375
1702,0.3125
1703,0.46875
1704,0.5625
1705,0.46875
1706,0.59375
1707,0.8125
1708,0.5625
1709,0.8125
1710,0.71875
1711,0.9375
1712,0.5625
1713,0.09375
1714,0.34375
1715,0.65625
1716,0.59375
1717,0.15625
1718,0.15625
1719,0.0
1720,0.78125
1721,0.28125
1722,0.6875
1723,0.15625
1724,0.6875
1725,0.75
1726,0.40625
1727,0.15625
1728,0.21875
1729,0.59375
1730,0.3125
1731,0.65625
1732,0.0625
1733,0.3125
1734,0.71875
1735,0.15625
1736,0.40625
1737,0.84375
1738,0.5625
1739,0.65625
1740,0.71875
1741,0.4375
1742,0.59375
1743,0.71875
1744,0.6875
1745,0.1875
1746,0.34375
1747,0.28125
1748,0.125
1749,0.4375
1750,0.28125
1751,0.46875
1752,0.6875
1753,0.15625
1754,0.25
1755,0.34375
1756,0.0
1757,0.25
1758,0.5625
1759,0.125
1760,0.03125
1761,0.1875
1762,0.75
1763,0.1875
1764,0.34375
1765,0.625
1766,0.5625
1767,0.125
1768,0.59375
1769,0.3125
1770,0.625
1771,0.65625
1772,0.09375
1773,0.0
1774,0.125
1775,0.65625
1776,0.65625
1777,0.90625
1778,0.53125
1779,0.0625
1780,0.40625
1781,0.59375
1782,0.28125
1783,0.6875
1784,0.40625
1785,0.15625
1786,0.34375
1787,0.40625
1788,0.8125
1789,0.25
1790,0.9375
1791,0.5625
1792,0.75
1793,0.84375
1794,0.375
1795,0.5
1796,0.90625
1797,0.375
1798,0.375
1799,0.125
1800,0.21875
1801,0.21875
1802,0.25
1803,0.46875
1804,0.59375
1805,0.90625
1806,0.65625
1807,0.34375
1808,0.25
1809,0.8125
1810,0.125
1811,0.09375
1812,0.46875
1813,0.125
1814,0.375
1815,0.3125
1816,0.34375
1817,0.5
1818,0.65625
1819,0.28125
1820,0.0
1821,0.0625
1822,0.21875
1823,0.6875
1824,0.90625
1825,0.625
1826,0.71875
1827,0.375
1828,0.6875
1829,0.34375
1830,0.0625
1831,0.5625
1832,0.25
1833,0.3125
1834,0.1875
1835,0.09375
1836,0.4375
1837,0.21875
1838,0.3125
1839,0.4375
1840,0.53125
1841,0.5
1842,0.90625
1843,0.78125
1844,0.71875
1845,0.125
1846,0.3125
1847,0.8125
1848,0.15625
1849,0.8125
1850,0.625
1851,0.09375
1852,0.40625
1853,0.21875
1854,0.59375
1855,0.59375
1856,0.375
1857,0.6875
1858,0.125
1859,0.46875
1860,0.25
1861,0.0625
1862,0.5
1863,0.125
1864,0.8125
1865,0.65625
1866,0.5625
1867,0.25
1868,0.71875
1869,0.9375
1870,0.53125
1871,0.375
1872,0.34375
1873,0.59375
1874,0.625
1875,0.15625
1876,0.65625
1877,0.84375
1878,0.65625
1879,0.34375
1880,0.5625
1881,0.59375
1882,0.75
1883,0.6875
1884,0.6875
1885,0.8125
1886,0.875
1887,0.625
1888,0.75
1889,0.59375
1890,0.21875
1891,0.1875
1892,0.625
1893,0.6875
1894,0.1875
1895,0.65625
1896,0.53125
1897,0.03125
1898,0.4375
1899,0.09375
1900,0.40625
1901,0.5
1902,0.5625
1903,0.03125
1904,0.46875
1905,0.59375
1906,0.53125
1907,0.15625
1908,0.1875
1909,0.1875
1910,0.28125
1911,0.71875
1912,0.59375
1913,0.5
1914,0.15625
1915,0.75
1916,0.65625
1917,0.21875
1918,0.5
1919,0.5625
1920,0.125
1921,0.03125
1922,0.375
1923,0.09375
1924,0.5625
1925,0.78125
1926,0.3125
1927,0.46875
1928,0.53125
1929,0.375
1930,0.15625
1931,0.5
1932,0.25
1933,0.875
1934,0.28125
1935,0.375
1936,0.875
1937,0.3125
1938,0.65625
1939,0.46875
1940,0.53125
1941,0.3125
1942,0.28125
1943,0.8125
1944,0.4375
1945,0.5
1946,0.09375
1947,0.15625
1948,0.40625
1949,0.09375
1950,0.78125
1951,0.59375
1952,0.46875
1953,0.1875
1954,0.625
1955,0.53125
1956,0.5625
1957,0.25
1958,0.6875
1959,0.1875
1960,0.53125
1961,0.09375
1962,0.375
1963,0.1875
1964,0.375
1965,0.3125
1966,0.71875
1967,0.96875
1968,0.625
1969,0.59375
1970,0.46875
1971,0.125
1972,0.3125
1973,0.84375
1974,0.5625
1975,0.25
1976,0.8125
1977,0.40625
1978,0.34375
1979,0.625
1980,0.15625
1981,0.65625
1982,0.40625
1983,0.25
1984,0.3125
1985,0.71875
1986,0.5
1987,0.1875
1988,0.0625
1989,0.65625
1990,0.21875
1991,0.21875
1992,0.03125
1993,0.9375
1994,0.59375
1995,0.375
1996,0.03125
1997,0.5625
1998,0.15625
1999,0.21875
2000,0.875
2001,0.59375
2002,0.65625
2003,0.9375
2004,0.4375
2005,0.4375
2006,0.28125
2007,0.9375
2008,0.375
2009,0.375
2010,0.0625
2011,0.15625
2012,0.1875
2013,0.375
2014,0.65625
2015,0.21875
2016,0.625
2017,0.03125
2018,0.65625
2019,0.46875
2020,0.5625
2021,0.53125
2022,0.53125
2023,0.5625
2024,0.40625
2025,0.0
2026,0.34375
2027,0.0625
2028,0.125
2029,0.1875
2030,0.15625
2031,0.125
2032,0.03125
2033,0.84375
2034,0.25
2035,0.0
2036,0.125
2037,0.25
2038,0.375
2039,0.65625
2040,0.3125
2041,0.59375
2042,0.78125
2043,0.71875
2044,0.71875
2045,0.65625
2046,0.53125
2047,0.5625
2048,0.25
2049,0.375
2050,0.1875
2051,0.40625
2052,0.28125
2053,0.8125
2054,0.5625
2055,0.53125
2056,0.625
2057,0.15625
2058,0.0625
2059,0.0
2060,0.71875
2061,0.53125
2062,0.4375
2063,0.21875
2064,0.6875
2065,0.90625
2066,0.15625
2067,0.375
2068,0.28125
2069,0.0
2070,0.59375
2071,0.21875
2072,0.0
2073,0.375
2074,0.71875
2075,0.90625
2076,0.25
2077,0.09375
2078,0.5
2079,0.59375
2080,0.59375
2081,0.875
2082,0.5625
2083,0.5625
2084,0.5
2085,0.59375
2086,0.4375
2087,0.78125
2088,0.09375
2089,0.28125
2090,0.9375
2091,0.15625
2092,0.59375
2093,0.375
2094,0.1875
2095,0.28125
2096,0.5
2097,0.59375
2098,0.5625
2099,0.46875
2100,0.625
2101,0.375
2102,0.75
2103,0.6875
2104,0.25
2105,0.71875
2106,0.0625
2107,0.09375
2108,0.15625
2109,0.0
2110,0.09375
2111,0.875
2112,0.21875
2113,0.8125
2114,0.3125
2115,0.375
2116,0.09375
2117,0.375
2118,0.75
2119,0.5625
2120,0.03125
2121,0.375
2122,0.65625
2123,0.65625
2124,0.6875
2125,0.46875
2126,0.28125
2127,0.40625
2128,0.375
2129,0.1875
2130,0.21875
2131,0.0
2132,0.4375
2133,0.65625
2134,0.53125
2135,0.0625
2136,0.34375
2137,0.1875
2138,0.3125
2139,0.40625
2140,0.46875
2141,0.15625
2142,0.25
2143,0.25
2144,0.125
2145,0.375
2146,0.65625
2147,0.15625
2148,0.03125
2149,0.59375
2150,0.21875
2151,0.375
2152,0.0625
2153,0.15625
2154,0.625
2155,0.15625
2156,0.71875
2157,0.125
2158,0.65625
2159,0.6875
2160,0.53125
2161,0.15625
2162,0.6875
2163,0.59375
2164,0.375
2165,0.0
2166,0.125
2167,0.25
2168,0.6875
2169,0.8125
2170,0.84375
2171,0.15625
2172,0.03125
2173,0.71875
2174,0.25
2175,0.34375
2176,0.75
2177,0.21875
2178,0.34375
2179,0.5625
2180,0.1875
2181,0.625
2182,0.375
2183,0.59375
2184,0.09375
2185,0.09375
2186,0.25
2187,0.8125
2188,0.25
2189,0.15625
2190,0.625
2191,0.90625
2192,0.21875
2193,0.3125
2194,0.03125
2195,0.3125
2196,0.3125
2197,0.53125
2198,0.65625
2199,0.5625
2200,0.125
2201,0.6875
2202,0.9375
2203,0.25
2204,0.1875
2205,0.5
2206,0.40625
2207,0.4375
2208,0.375
2209,0.03125
2210,0.1875
2211,0.21875
2212,0.03125
2213,0.625
2214,0.5
2215,0.1875
2216,0.40625
2217,0.71875
2218,0.28125
2219,0.5625
2220,0.40625
2221,0.0625
2222,0.65625
2223,0.75
2224,0.5625
2225,0.71875
2226,0.28125
2227,0.25
2228,0.03125
2229,0.4375
2230,0.625
2231,0.5
2232,0.25
2233,0.1875
2234,0.4375
2235,0.1875
2236,0.65625
2237,0.15625
2238,0.5625
2239,0.40625
2240,0.09375
2241,0.46875
2242,0.28125
2243,0.34375
2244,0.59375
2245,0.6875
2246,0.75
2247,0.09375
2248,0.375
2249,0.1875
2250,0.5625
2251,0.75
2252,0.6875
2253,0.5
2254,0.0625
2255,0.59375
2256,0.59375
2257,0.46875
2258,0.65625
2259,0.5
2260,0.9375
2261,0.8125
2262,0.15625
2263,0.5625
2264,0.71875
2265,0.3125
2266,0.5
2267,0.625
2268,0.5
2269,0.3125
2270,0.78125
2271,0.59375
2272,0.1875
2273,0.71875
2274,0.59375
2275,0.5
2276,0.4375
2277,0.0625
2278,0.65625
2279,0.03125
2280,0.46875
2281,0.8125
2282,0.8125
2283,0.5
2284,0.65625
2285,0.0625
2286,0.4375
2287,0.5
2288,0.59375
2289,0.15625
2290,0.40625
2291,0.125
2292,0.46875
2293,0.0625
2294,0.34375
2295,0.375
2296,0.25
2297,0.5625
2298,0.5
2299,0.3125
2300,0.84375
2301,0.53125
2302,0.0
2303,0.21875
2304,0.9375
2305,0.28125
2306,0.53125
2307,0.65625
2308,0.5625
2309,0.71875
2310,0.59375
2311,0.5
2312,0.75
2313,0.78125
2314,0.5
2315,0.125
2316,0.8125
2317,0.5625
2318,0.15625
2319,0.625
2320,0.625
2321,0.0625
2322,0.34375
2323,0.5625
2324,0.71875
2325,0.8125
2326,0.75
2327,0.625
2328,0.46875
2329,0.34375
2330,0.4375
2331,0.625
2332,0.375
2333,0.0625
2334,0.21875
2335,0.09375
2336,0.28125
2337,0.5625
2338,0.1875
2339,0.34375
2340,0.03125
2341,0.59375
2342,0.78125
2343,0.0625
2344,0.71875
2345,0.6875
2346,0.09375
2347,0.28125
2348,0.65625
2349,0.53125
2350,0.4375
2351,0.5
2352,0.46875
2353,0.4375
2354,0.125
2355,0.09375
2356,0.25
2357,0.25
2358,0.46875
2359,0.75
2360,0.71875
2361,0.34375
2362,0.8125
2363,0.28125
2364,0.59375
2365,0.125
2366,0.53125
2367,0.8125
2368,0.4375
2369,0.125
2370,0.15625
2371,0.5625
2372,0.875
2373,0.46875
2374,0.90625
2375,0.28125
2376,0.53125
2377,0.75
2378,0.21875
2379,0.1875
2380,0.09375
2381,0.0625
2382,0.09375
2383,0.5625
2384,0.6875
2385,0.5625
2386,0.0625
2387,0.28125
2388,0.59375
2389,0.6875
2390,0.5625
2391,0.65625
2392,0.3125
2393,0.5
2394,0.75
2395,0.3125
2396,0.0625
2397,0.0
2398,0.03125
2399,0.0625
2400,0.625
2401,0.125
2402,0.28125
2403,0.5625
2404,0.46875
2405,0.40625
2406,0.53125
2407,0.5
2408,0.6875
2409,0.34375
2410,0.71875
2411,0.03125
2412,0.0625
2413,0.8125
2414,0.21875
2415,0.59375
2416,0.53125
2417,0.53125
2418,0.1875
2419,0.71875
2420,0.5
2421,0.75
2422,0.34375
2423,0.1875
2424,0.03125
2425,0.03125
2426,0.40625
2427,0.25
2428,0.0
2429,0.0625
2430,0.3125
2431,0.71875
2432,0.25
2433,0.5
2434,0.71875
2435,0.53125
2436,0.125
2437,0.125
2438,0.0625
2439,0.46875
2440,0.28125
2441,0.25
2442,0.96875
2443,0.75
2444,0.6875
2445,0.15625
2446,0.375
2447,0.15625
2448,0.90625
2449,0.125
2450,0.21875
2451,0.5625
2452,0.34375
2453,0.5625
2454,0.5625
2455,0.0625
2456,0.40625
2457,0.59375
2458,0.03125
2459,0.03125
2460,0.5625
2461,0.53125
2462,0.34375
2463,0.25
2464,0.53125
2465,0.28125
2466,0.15625
2467,0.5
2468,0.40625
2469,0.53125
2470,0.3125
2471,0.96875
2472,0.5625
2473,0.75
2474,0.28125
2475,0.1875
2476,0.71875
2477,0.65625
2478,0.5
2479,0.59375
2480,0.59375
2481,0.5
2482,0.40625
2483,0.375
2484,0.40625
2485,0.84375
2486,0.25
2487,0.71875
2488,0.5
2489,0.0625
2490,0.6875
2491,0.34375
2492,0.1875
2493,0.625
2494,0.125
2495,0.03125
2496,0.3125
2497,0.5625
2498,0.53125
2499,0.5
2500,0.21875
2501,0.78125
2502,0.09375
2503,0.25
2504,0.28125
2505,0.78125
2506,0.1875
2507,0.25
2508,0.4375
2509,0.0625
2510,0.84375
2511,0.46875
2512,0.0625
2513,0.46875
2514,0.15625
2515,0.21875
2516,0.375
2517,0.5
2518,0.28125
2519,0.34375
2520,0.78125
2521,0.53125
2522,0.21875
2523,0.6875
2524,0.1875
2525,0.15625
2526,0.09375
2527,0.625
2528,0.40625
2529,0.84375
2530,0.59375
2531,0.5
2532,0.8125
2533,0.125
2534,0.53125
2535,0.6875
2536,0.25
2537,0.34375
2538,0.125
2539,0.78125
2540,0.25
2541,0.4375
2542,0.03125
2543,0.03125
2544,0.03125
2545,0.65625
2546,0.15625
2547,0.28125
2548,0.0
2549,0.59375
2550,0.75
2551,0.375
2552,0.40625
2553,0.3125
2554,0.78125
2555,0.875
2556,0.6875
2557,0.5
2558,0.1875
2559,0.46875
2560,0.71875
2561,0.53125
2562,0.25
2563,0.09375
2564,0.03125
2565,0.40625
2566,0.3125
2567,0.5625
2568,0.40625
2569,0.78125
2570,0.8125
2571,0.84375
2572,0.0625
2573,0.34375
2574,0.15625
2575,0.09375
2576,0.21875
2577,0.25
2578,0.1875
2579,0.59375
2580,0.75
2581,0.625
2582,0.125
2583,0.1875
2584,0.53125
2585,0.1875
2586,0.34375
2587,0.21875
2588,0.5625
2589,0.40625
2590,0.15625
2591,0.0625
2592,0.84375
2593,0.4375
2594,0.0625
2595,0.59375
2596,0.78125
2597,0.5
2598,0.15625
2599,0.21875
2600,0.09375
2601,0.21875
2602,0.4375
2603,0.53125
2604,0.09375
2605,0.125
2606,0.28125
2607,0.28125
2608,0.53125
2609,0.84375
2610,0.78125
2611,0.125
2612,0.625
2613,0.1875
2614,0.03125
2615,0.28125
2616,0.59375
2617,0.4375
2618,0.28125
2619,0.46875
2620,0.59375
2621,0.15625
2622,0.53125
2623,0.625
2624,0.5625
2625,0.59375
2626,0.53125
2627,0.75
2628,0.15625
2629,0.53125
2630,0.59375
2631,0.5625
2632,0.71875
2633,0.75
2634,0.875
2635,0.03125
2636,0.1875
2637,0.03125
2638,0.6875
2639,0.28125
2640,0.40625
2641,0.84375
2642,0.4375
2643,0.25
2644,0.21875
2645,0.75
2646,0.53125
2647,0.46875
2648,0.625
2649,0.375
2650,0.21875
2651,0.625
2652,0.21875
2653,0.28125
2654,0.375
2655,0.40625
2656,0.0625
2657,0.75
2658,0.28125
2659,0.84375
2660,0.1875
2661,0.15625
2662,0.65625
2663,0.09375
2664,0.625
2665,0.375
2666,0.34375
2667,0.03125
2668,0.71875
2669,0.1875
2670,0.34375
2671,0.34375
2672,0.1875
2673,0.09375
2674,0.03125
2675,0.09375
2676,0.75
2677,0.09375
2678,0.71875
2679,0.0625
2680,0.0
2681,0.75
2682,0.75
2683,0.5625
2684,0.0
2685,0.375
2686,0.25
2687,0.375
2688,0.65625
2689,0.59375
2690,0.53125
2691,0.40625
2692,0.15625
2693,0.03125
2694,0.375
2695,0.28125
2696,0.15625
2697,0.34375
2698,0.6875
2699,0.65625
2700,0.71875
2701,0.1875
2702,0.21875
2703,0.15625
2704,0.03125
2705,0.59375
2706,0.3125
2707,0.53125
2708,0.1875
2709,0.28125
2710,0.5625
2711,0.75
2712,0.40625
2713,0.78125
2714,0.15625
2715,0.375
2716,0.3125
2717,0.34375
2718,0.21875
2719,0.40625
2720,0.375
2721,0.34375
2722,0.40625
2723,0.78125
2724,0.28125
2725,0.21875
2726,0.1875
2727,0.25
2728,0.375
2729,0.1875
2730,0.5
2731,0.3125
2732,0.09375
2733,0.53125
2734,0.5625
2735,0.09375
2736,0.65625
2737,0.78125
2738,0.71875
2739,0.15625
2740,0.78125
2741,0.53125
2742,0.25
2743,0.71875
2744,0.28125
2745,0.0625
2746,0.21875
2747,0.6875
2748,0.5
2749,0.65625
2750,0.25
2751,0.46875
2752,0.5
2753,0.375
2754,0.125
2755,0.75
2756,0.90625
2757,0.46875
2758,0.3125
2759,0.625
2760,0.03125
2761,0.125
2762,0.15625
2763,0.25
2764,0.28125
2765,0.5
2766,0.6875
2767,0.4375
2768,0.375
2769,0.4375
2770,0.1875
2771,0.3125
2772,0.59375
2773,0.28125
2774,0.5625
2775,0.40625
2776,0.15625
2777,0.75
2778,0.8125
2779,0.125
2780,0.46875
2781,0.6875
2782,0.3125
2783,0.25
2784,0.0625
2785,0.375
2786,0.03125
2787,0.375
2788,0.125
2789,0.46875
2790,0.25
2791,0.0625
2792,0.125
2793,0.3125
2794,0.65625
2795,0.53125
2796,0.8125
2797,0.6875
2798,0.46875
2799,0.375
2800,0.03125
2801,0.3125
2802,0.46875
2803,0.125
2804,0.71875
2805,0.28125
2806,0.75
2807,0.34375
2808,0.6875
2809,0.15625
2810,0.15625
2811,0.875
2812,0.03125
2813,0.5
2814,0.09375
2815,0.78125
2816,0.71875
2817,0.46875
2818,0.53125
2819,0.34375
2820,0.78125
2821,0.28125
2822,0.46875
2823,0.4375
2824,0.34375
2825,0.125
2826,0.65625
2827,0.875
2828,0.625
2829,0.125
2830,0.3125
2831,0.09375
2832,0.03125
2833,0.40625
2834,0.25
2835,0.125
2836,0.21875
2837,0.84375
2838,0.46875
2839,0.78125
2840,0.34375
2841,0.71875
2842,0.09375
2843,0.25
2844,0.1875
2845,0.375
2846,0.40625
2847,0.4375
2848,0.40625
2849,0.9375
2850,0.46875
2851,0.46875
2852,0.71875
2853,0.25
2854,0.21875
2855,0.6875
2856,0.09375
2857,0.875
2858,0.125
2859,0.125
2860,0.0625
2861,0.5625
2862,0.34375
2863,0.625
2864,0.65625
2865,0.4375
2866,0.40625
2867,0.5
2868,0.875
2869,0.75
2870,0.15625
2871,0.78125
2872,0.78125
2873,0.53125
2874,0.3125
2875,0.09375
2876,0.9375
2877,0.75
2878,0.15625
2879,0.40625
2880,0.5625
2881,0.3125
2882,0.59375
2883,0.59375
2884,0.53125
2885,0.0625
2886,0.21875
2887,0.3125
2888,0.28125
2889,0.53125
2890,0.125
2891,0.1875
2892,1.0
2893,0.46875
2894,0.15625
2895,0.25
2896,0.65625
2897,0.375
2898,0.25
2899,0.40625
2900,0.4375
2901,0.5
2902,0.5625
2903,0.09375
2904,0.5
2905,0.0625
2906,0.28125
2907,0.5
2908,0.21875
2909,0.15625
2910,0.5625
2911,0.15625
2912,0.4375
2913,0.78125
2914,0.65625
2915,0.625
2916,0.59375
2917,0.03125
2918,0.375
2919,0.65625
2920,0.6875
2921,0.3125
2922,0.15625
2923,0.84375
2924,0.84375
2925,0.625
2926,0.71875
2927,0.6875
2928,0.5625
2929,0.75
2930,0.84375
2931,0.5
2932,0.6875
2933,0.90625
2934,0.21875
2935,0.03125
2936,0.03125
2937,0.25
2938,0.125
2939,0.21875
2940,0.1875
2941,0.625
2942,0.46875
2943,0.09375
2944,0.03125
2945,0.8125
2946,0.0625
2947,0.21875
2948,0.4375
2949,0.78125
2950,0.625
2951,0.03125
2952,0.28125
2953,0.125
2954,0.125
2955,0.0
2956,0.0625
2957,0.125
2958,0.25
2959,0.03125
2960,0.375
2961,0.6875
2962,0.84375
2963,0.15625
2964,0.65625
2965,0.84375
2966,0.625
2967,0.34375
2968,0.4375
2969,0.28125
2970,0.0
2971,0.09375
2972,0.28125
2973,0.125
2974,0.46875
2975,0.25
2976,0.46875
2977,0.65625
2978,0.4375
2979,0.34375
2980,0.65625
2981,0.1875
2982,0.53125
2983,0.5625
2984,0.59375
2985,0.21875
2986,0.28125
2987,0.15625
2988,0.25
2989,0.375
2990,0.5
2991,0.59375
2992,0.15625
2993,0.5625
2994,0.5
2995,0.375
2996,0.46875
2997,0.21875
2998,0.84375
2999,0.5625
3000,0.5
3001,0.1875
3002,0.25
3003,0.71875
3004,0.8125
3005,0.125
3006,0.375
3007,0.71875
3008,0.53125
3009,0.6875
3010,0.53125
3011,0.78125
3012,0.40625
3013,0.46875
3014,0.78125
3015,0.84375
3016,0.65625
3017,0.53125
3018,0.5
3019,0.0625
3020,0.375
3021,0.3125
3022,0.34375
3023,0.09375
3024,0.28125
3025,0.96875
3026,0.875
3027,0.34375
3028,0.59375
3029,0.25
3030,0.875
3031,0.59375
3032,0.5
3033,0.71875
3034,0.90625
3035,0.59375
3036,0.5
3037,0.25
3038,0.53125
3039,0.3125
3040,0.84375
3041,0.90625
3042,0.3125
3043,0.5625
3044,0.75
3045,0.75
3046,0.5625
3047,0.65625
3048,0.46875
3049,0.34375
3050,0.40625
3051,0.46875
3052,0.4375
3053,0.5625
3054,0.125
3055,0.75
3056,0.78125
3057,0.65625
3058,0.0625
3059,0.1875
3060,0.625
3061,0.6875
3062,0.21875
3063,0.40625
3064,0.375
3065,0.53125
3066,0.6875
3067,0.8125
3068,0.78125
3069,0.46875
3070,0.09375
3071,0.71875
3072,0.03125
3073,0.625
3074,0.09375
3075,0.59375
3076,0.6875
3077,0.375
3078,0.59375
3079,0.46875
3080,0.5625
3081,0.0625
3082,0.6875
3083,0.65625
3084,0.6875
3085,0.5
3086,0.03125
3087,0.5
3088,0.3125
3089,0.40625
3090,0.34375
3091,0.46875
3092,0.59375
3093,0.71875
3094,0.6875
3095,0.375
3096,0.25
3097,0.5625
3098,0.875
3099,0.125
3100,0.5625
3101,0.03125
3102,0.5625
3103,0.15625
3104,0.5
3105,0.3125
3106,0.1875
3107,0.53125
3108,0.4375
3109,0.65625
3110,0.53125
3111,0.15625
3112,0.09375
3113,0.3125
3114,0.21875
3115,0.59375
3116,0.0625
3117,0.53125
3118,0.75
3119,0.28125
3120,0.625
3121,0.09375
3122,0.15625
3123,0.0625
3124,0.28125
3125,0.21875
3126,0.5
3127,0.65625
3128,0.8125
3129,0.71875
3130,0.65625
3131,0.25
3132,0.34375
3133,0.21875
3134,0.1875
3135,0.625
3136,0.6875
3137,0.375
3138,0.25
3139,0.9375
3140,0.71875
3141,0.8125
3142,0.625
3143,0.25
3144,0.25
3145,0.625
3146,0.21875
3147,0.5625
3148,0.0625
3149,0.84375
3150,0.09375
3151,0.375
3152,0.03125
3153,0.0625
3154,0.1875
3155,0.1875
3156,0.21875
3157,0.78125
3158,0.09375
3159,0.46875
3160,0.1875
3161,0.5
3162,0.3125
3163,0.46875
3164,0.6875
3165,0.5
3166,0.28125
3167,0.53125
3168,0.875
3169,0.875
3170,0.9375
3171,0.5625
3172,0.5
3173,0.125
3174,0.25
3175,0.0625
3176,0.65625
3177,0.59375
3178,0.5625
3179,0.3125
3180,0.53125
3181,0.28125
3182,0.75
3183,0.78125
3184,0.28125
3185,0.03125
3186,0.75
3187,0.5625
3188,0.3125
3189,0.21875
3190,0.5625
3191,0.03125
3192,0.78125
3193,0.8125
3194,0.0
3195,0.71875
3196,0.34375
3197,0.59375
3198,0.59375
3199,0.1875
3200,0.09375
3201,0.15625
3202,0.15625
3203,0.15625
3204,0.3125
3205,0.6875
3206,0.375
3207,0.1875
3208,0.84375
3209,0.90625
3210,0.65625
3211,0.09375
3212,0.375
3213,0.28125
3214,0.4375
3215,0.5
3216,0.71875
3217,0.25
3218,0.625
3219,0.21875
3220,0.4375
3221,0.40625
3222,0.53125
3223,0.875
3224,0.65625
3225,0.59375
3226,0.46875
3227,0.28125
3228,0.3125
3229,0.78125
3230,0.28125
3231,0.0
3232,0.21875
3233,0.3125
3234,0.28125
3235,0.375
3236,0.75
3237,0.25
3238,0.59375
3239,0.78125
3240,0.125
3241,0.6875
3242,0.46875
3243,0.65625
3244,0.46875
3245,0.84375
3246,0.5625
3247,0.5
3248,0.8125
3249,0.65625
3250,0.53125
3251,0.84375
3252,0.53125
3253,0.0625
3254,0.65625
3255,0.21875
3256,0.125
3257,0.4375
3258,0.59375
3259,0.09375
3260,0.28125
3261,0.59375
3262,0.3125
3263,0.125
3264,0.75
3265,0.5
3266,0.46875
3267,0.65625
3268,0.8125
3269,0.59375
3270,0.0625
3271,0.375
3272,0.125
3273,0.375
3274,0.28125
3275,0.375
3276,0.4375
3277,0.59375
3278,0.1875
3279,0.28125
3280,0.59375
3281,0.25
3282,0.34375
3283,0.15625
3284,0.5625
3285,0.34375
3286,0.4375
3287,0.46875
3288,0.34375
3289,0.71875
3290,0.40625
3291,0.125
3292,0.0625
3293,0.4375
3294,0.1875
3295,0.78125
3296,0.5625
3297,0.3125
3298,0.78125
3299,0.25
3300,0.0625
3301,0.25
3302,0.78125
3303,0.90625
3304,0.59375
3305,0.59375
3306,0.03125
3307,0.25
3308,0.3125
3309,0.15625
3310,0.34375
3311,0.46875
3312,0.40625
3313,0.71875
3314,0.40625
3315,0.59375
3316,0.125
3317,0.125
3318,0.59375
3319,0.71875
3320,0.21875
3321,0.0
3322,0.21875
3323,0.3125
3324,0.25
3325,0.53125
3326,0.21875
3327,0.5625
3328,0.6875
3329,0.65625
3330,0.21875
3331,0.09375
3332,0.46875
3333,0.09375
3334,0.6875
3335,0.34375
3336,0.65625
3337,0.8125
3338,0.28125
3339,0.25
3340,0.71875
3341,0.1875
3342,0.875
3343,0.28125
3344,0.46875
3345,0.65625
3346,0.15625
3347,0.59375
3348,0.8125
3349,0.5625
3350,0.65625
3351,0.84375
3352,0.4375
3353,0.28125
3354,0.5
3355,0.03125
3356,0.3125
3357,0.5
3358,0.5625
3359,0.75
3360,0.28125
3361,0.125
3362,0.375
3363,0.78125
3364,0.28125
3365,0.15625
3366,0.65625
3367,0.59375
3368,0.28125
3369,0.25
3370,0.40625
3371,0.09375
3372,0.4375
3373,0.0625
3374,0.1875
3375,0.4375
3376,0.21875
3377,0.65625
3378,0.1875
3379,0.125
3380,0.09375
3381,0.59375
3382,0.21875
3383,0.21875
3384,0.78125
3385,0.4375
3386,0.03125
3387,0.03125
3388,0.09375
3389,0.5625
3390,0.46875
3391,0.8125
3392,0.6875
3393,0.03125
3394,0.25
3395,0.8125
3396,0.46875
3397,0.5
3398,0.15625
3399,0.125
3400,0.125
3401,0.0625
3402,0.21875
3403,0.90625
3404,0.625
3405,0.5
3406,0.375
3407,0.65625
3408,0.53125
3409,0.4375
3410,0.0
3411,0.15625
3412,0.6875
3413,0.15625
3414,0.40625
3415,0.53125
3416,0.46875
3417,0.5625
3418,0.21875
3419,0.34375
3420,0.25
3421,0.59375
3422,0.5625
3423,0.6875
3424,0.5
3425,0.3125
3426,0.4375
3427,0.65625
3428,0.5
3429,0.6875
3430,0.125
3431,0.1875
3432,0.34375
3433,0.46875
3434,0.71875
3435,0.5625
3436,0.0625
3437,0.21875
3438,0.53125
3439,0.15625
3440,0.03125
3441,0.15625
3442,0.5625
3443,0.28125
3444,0.75
3445,0.75
3446,0.5625
3447,0.40625
3448,0.71875
3449,0.6875
3450,0.125
3451,0.53125
3452,0.84375
3453,0.375
3454,0.46875
3455,0.21875
3456,0.65625
3457,0.53125
3458,0.125
3459,0.125
3460,0.6875
3461,0.3125
3462,0.15625
3463,0.09375
3464,0.71875
3465,0.53125
3466,0.84375
3467,0.4375
3468,0.46875
3469,0.84375
3470,0.375
3471,0.46875
3472,0.71875
3473,0.28125
3474,0.6875
3475,0.3125
3476,0.46875
3477,0.71875
3478,0.34375
3479,0.125
3480,0.5
3481,0.34375
3482,0.28125
3483,0.4375
3484,0.625
3485,0.5
3486,0.21875
3487,0.71875
3488,0.65625
3489,0.09375
3490,0.28125
3491,0.53125
3492,0.84375
3493,0.09375
3494,0.71875
3495,0.59375
3496,0.5625
3497,0.78125
3498,0.71875
3499,0.5
3500,0.125
3501,0.1875
3502,0.65625
3503,0.75
3504,0.65625
3505,0.25
3506,0.40625
3507,0.3125
3508,0.3125
3509,0.46875
3510,0.40625
3511,0.53125
3512,0.46875
3513,0.3125
3514,0.09375
3515,0.25
3516,0.25
3517,0.78125
3518,0.125
3519,0.0
3520,0.5625
3521,0.71875
3522,0.8125
3523,0.3125
3524,0.625
3525,0.53125
3526,0.34375
3527,0.09375
3528,0.03125
3529,0.09375
3530,0.15625
3531,0.4375
3532,0.34375
3533,0.375
3534,0.53125
3535,0.53125
3536,0.1875
3537,0.4375
3538,0.375
3539,0.03125
3540,0.15625
3541,0.71875
3542,0.21875
3543,0.03125
3544,0.4375
3545,0.15625
3546,0.65625
3547,0.53125
3548,0.5
3549,0.25
3550,0.28125
3551,0.09375
3552,0.53125
3553,0.46875
3554,0.40625
3555,0.6875
3556,0.15625
3557,0.5
3558,0.25
3559,0.40625
3560,0.03125
3561,0.09375
3562,0.03125
3563,0.28125
3564,0.625
3565,0.5625
3566,0.65625
3567,0.4375
3568,0.75
3569,0.0
3570,0.71875
3571,0.53125
3572,0.46875
3573,0.46875
3574,0.5
3575,0.53125
3576,0.5625
3577,0.53125
3578,0.40625
3579,0.625
3580,0.53125
3581,0.53125
3582,0.59375
3583,0.53125
3584,0.34375
3585,0.34375
3586,0.03125
3587,0.3125
3588,0.28125
3589,0.78125
3590,0.0625
3591,0.21875
3592,0.25
3593,0.71875
3594,0.6875
3595,0.59375
3596,0.5625
3597,0.0
3598,0.28125
3599,0.78125
3600,0.03125
3601,0.125
3602,0.625
3603,0.625
3604,0.34375
3605,0.34375
3606,0.125
3607,0.71875
3608,0.6875
3609,0.65625
3610,0.78125
3611,0.34375
3612,0.0
3613,0.0625
3614,0.59375
3615,0.375
3616,0.1875
3617,0.78125
3618,0.25
3619,0.03125
3620,0.28125
3621,0.625
3622,0.09375
3623,0.375
3624,0.125
3625,0.03125
3626,0.625
3627,0.21875
3628,0.0625
3629,0.0
3630,0.625
3631,0.6875
3632,0.65625
3633,0.0625
3634,0.625
3635,0.1875
3636,0.46875
3637,0.46875
3638,0.84375
3639,0.75
3640,0.53125
3641,0.34375
3642,0.65625
3643,0.1875
3644,0.875
3645,0.375
3646,0.71875
3647,0.46875
3648,0.0
3649,0.90625
3650,0.40625
3651,0.40625
3652,0.4375
3653,0.5625
3654,0.25
3655,0.46875
3656,0.0625
3657,0.03125
3658,0.3125
3659,0.8125
3660,0.5625
3661,0.40625
3662,0.8125
3663,0.375
3664,0.03125
3665,0.03125
3666,0.84375
3667,0.625
3668,0.15625
3669,0.625
3670,0.34375
3671,0.34375
3672,0.65625
3673,0.21875
3674,0.625
3675,0.34375
3676,0.5625
3677,0.03125
3678,0.15625
3679,0.25
3680,0.21875
3681,0.15625
3682,0.21875
3683,0.25
3684,0.375
3685,0.25
3686,0.71875
3687,0.125
3688,0.5
3689,0.34375
3690,0.5
3691,0.40625
3692,0.125
3693,0.375
3694,0.59375
3695,0.21875
3696,0.3125
3697,0.71875
3698,0.03125
3699,0.0625
3700,0.65625
3701,0.71875
3702,0.21875
3703,0.46875
3704,0.28125
3705,0.3125
3706,0.90625
3707,0.65625
3708,0.8125
3709,0.75
3710,0.40625
3711,0.84375
3712,0.40625
3713,0.15625
3714,0.53125
3715,0.34375
3716,0.5625
3717,0.03125
3718,0.375
3719,0.375
3720,0.4375
3721,0.0625
3722,0.1875
3723,0.4375
3724,0.21875
3725,0.78125
3726,0.375
3727,0.0625
3728,0.53125
3729,0.65625
3730,0.53125
3731,0.03125
3732,0.71875
3733,0.4375
3734,0.3125
3735,0.28125
3736,0.21875
3737,0.21875
3738,0.46875
3739,0.5625
3740,0.59375
3741,0.46875
3742,0.09375
3743,0.40625
3744,0.65625
3745,0.71875
3746,0.625
3747,0.21875
3748,0.09375
3749,0.0625
3750,0.4375
3751,0.46875
3752,0.4375
3753,0.0625
3754,0.40625
3755,0.09375
3756,0.53125
3757,0.5
3758,0.625
3759,0.3125
3760,0.09375
3761,0.25
3762,0.46875
3763,0.875
3764,0.78125
3765,0.375
3766,0.6875
3767,0.1875
3768,0.125
3769,0.625
3770,0.875
3771,0.21875
3772,0.65625
3773,0.65625
3774,0.0625
3775,0.0625
3776,0.40625
3777,0.15625
3778,0.25
3779,0.0
3780,0.28125
3781,0.0625
3782,0.46875
3783,0.25
3784,0.625
3785,0.40625
3786,0.5625
3787,0.3125
3788,0.375
3789,0.40625
3790,0.46875
3791,0.75
3792,0.1875
3793,0.1875
3794,0.21875
3795,0.28125
3796,0.75
3797,0.46875
3798,0.4375
3799,0.28125
3800,0.6875
3801,0.28125
3802,0.1875
3803,0.3125
3804,0.71875
3805,0.53125
3806,0.65625
3807,0.875
3808,0.46875
3809,0.6875
3810,0.1875
3811,0.34375
3812,0.21875
3813,0.0
3814,0.34375
3815,0.75
3816,0.65625
3817,0.3125
3818,0.8125
3819,0.375
3820,0.4375
3821,0.625
3822,0.0625
3823,0.15625
3824,0.65625
3825,0.65625
3826,0.84375
3827,0.59375
3828,0.875
3829,0.5
3830,0.3125
3831,0.09375
3832,0.25
3833,0.15625
3834,0.78125
3835,0.5625
3836,0.4375
3837,0.75
3838,0.28125
3839,0.03125
3840,0.5
3841,0.875
3842,0.03125
3843,0.1875
3844,0.59375
3845,0.09375
3846,0.8125
3847,0.46875
3848,0.375
3849,0.25
3850,0.28125
3851,0.0
3852,0.4375
3853,0.53125
3854,0.1875
3855,0.5
3856,0.21875
3857,0.46875
3858,0.65625
3859,0.625
3860,0.3125
3861,0.46875
3862,0.28125
3863,0.15625
3864,0.53125
3865,0.625
3866,0.125
3867,0.25
3868,0.4375
3869,0.34375
3870,0.5625
3871,0.125
3872,0.28125
3873,0.15625
3874,0.3125
3875,0.59375
3876,0.28125
3877,0.71875
3878,0.75
3879,0.34375
3880,0.625
3881,0.375
3882,0.21875
3883,0.71875
3884,0.34375
3885,0.28125
3886,0.03125
3887,0.09375
3888,0.09375
3889,0.5625
3890,0.6875
3891,0.90625
3892,0.65625
3893,0.5625
3894,0.1875
3895,0.1875
3896,0.28125
3897,0.3125
3898,0.4375
3899,0.71875
3900,0.59375
3901,0.59375
3902,0.53125
3903,0.28125
3904,0.4375
3905,0.8125
3906,0.625
3907,0.375
3908,0.21875
3909,0.4375
3910,0.46875
3911,0.3125
3912,0.5
3913,0.0625
3914,0.0625
3915,0.0
3916,0.15625
3917,0.3125
3918,0.40625
3919,0.3125
3920,0.625
3921,0.71875
3922,0.25
3923,0.125
3924,0.875
3925,0.875
3926,0.78125
3927,0.15625
3928,0.84375
3929,0.5
3930,0.59375
3931,0.5625
3932,0.3125
3933,0.125
3934,0.09375
3935,0.90625
3936,0.46875
3937,0.21875
3938,0.125
3939,0.03125
3940,0.34375
3941,0.3125
3942,0.3125
3943,0.28125
3944,0.59375
3945,0.4375
3946,0.78125
3947,0.5625
3948,0.1875
3949,0.875
3950,0.28125
3951,0.59375
3952,0.6875
3953,0.6875
3954,0.03125
3955,0.375
3956,0.375
3957,0.125
3958,0.15625
3959,0.34375
3960,0.625
3961,0.4375
3962,0.84375
3963,0.21875
3964,0.625
3965,0.84375
3966,0.6875
3967,0.09375
3968,0.71875
3969,0.25
3970,0.4375
3971,0.65625
3972,0.4375
3973,0.25
3974,0.15625
3975,0.5
3976,0.28125
3977,0.09375
3978,0.375
3979,0.21875
3980,0.59375
3981,0.28125
3982,0.65625
3983,0.8125
3984,0.09375
3985,0.21875
3986,0.46875
3987,0.8125
3988,0.28125
3989,0.46875
3990,0.78125
3991,0.15625
3992,0.71875
3993,0.25
3994,0.78125
3995,0.40625
3996,0.6875
3997,0.78125
3998,0.21875
3999,0.0
4000,0.125
4001,0.03125
4002,0.90625
4003,0.65625
4004,0.28125
4005,0.34375
4006,0.0625
4007,0.71875
4008,0.78125
4009,0.40625
4010,0.03125
4011,0.34375
4012,0.40625
4013,0.34375
4014,0.15625
4015,0.09375
4016,0.5
4017,0.3125
4018,0.71875
4019,0.65625
4020,0.65625
4021,0.21875
4022,0.125
4023,0.375
4024,0.4375
4025,0.8125
4026,0.65625
4027,0.59375
4028,0.4375
4029,0.625
4030,0.6875
4031,0.5625
4032,0.5
4033,0.125
4034,0.0
4035,0.90625
4036,0.03125
4037,0.6875
4038,0.0625
4039,0.4375
4040,0.21875
4041,0.46875
4042,0.21875
4043,0.09375
4044,0.03125
4045,0.125
4046,0.53125
4047,0.34375
4048,0.15625
4049,0.6875
4050,0.46875
4051,0.40625
4052,0.25
4053,0.1875
4054,0.25
4055,0.28125
4056,0.5
4057,0.78125
4058,0.0625
4059,0.25
4060,0.40625
4061,0.4375
4062,0.5
4063,0.34375
4064,0.5625
4065,0.15625
4066,0.46875
4067,0.46875
4068,0.6875
4069,0.59375
4070,0.65625
4071,0.625
4072,0.15625
4073,0.65625
4074,0.28125
4075,0.28125
4076,0.03125
4077,0.09375
4078,0.34375
4079,0.0
4080,0.34375
4081,0.25
4082,0.40625
4083,0.15625
4084,0.4375
4085,0.4375
4086,0.375
4087,0.40625
4088,0.375
4089,0.625
4090,0.5
4091,0.125
4092,0.5625
4093,0.46875
4094,0.78125
4095,0.125
4096,0.625
4097,0.625
4098,0.34375
4099,0.3125
4100,0.375
4101,0.3125
4102,0.46875
4103,0.25
4104,0.25
4105,0.625
4106,0.875
4107,0.71875
4108,0.40625
4109,0.5
4110,0.625
4111,0.1875
4112,0.03125
4113,0.15625
4114,0.3125
4115,0.71875
4116,0.3125
4117,0.125
4118,0.46875
4119,0.4375
4120,0.59375
4121,0.34375
4122,0.65625
4123,0.6875
4124,0.25
4125,0.875
4126,0.625
4127,0.71875
4128,0.71875
4129,0.84375
4130,0.65625
4131,0.15625
4132,0.125
4133,0.25
4134,0.125
4135,0.375
4136,0.90625
4137,0.5625
4138,0.65625
4139,0.625
4140,0.34375
4141,0.15625
4142,0.03125
4143,0.1875
4144,0.1875
4145,0.21875
4146,0.3125
4147,0.1875
4148,0.375
4149,0.84375
4150,0.71875
4151,0.625
4152,0.75
4153,0.6875
4154,0.78125
4155,0.6875
4156,0.375
4157,0.03125
4158,0.03125
4159,0.625
4160,0.625
4161,0.125
4162,0.40625
4163,0.46875
4164,0.15625
4165,0.28125
4166,0.125
4167,0.40625
4168,0.84375
4169,0.15625
4170,0.40625
4171,0.65625
4172,0.375
4173,0.53125
4174,0.40625
4175,0.34375
4176,0.5625
4177,0.6875
4178,0.125
4179,0.6875
4180,0.53125
4181,0.46875
4182,0.125
4183,0.875
4184,0.625
4185,0.21875
4186,0.84375
4187,0.53125
4188,0.4375
4189,0.125
4190,0.90625
4191,0.375
4192,0.4375
4193,0.96875
4194,0.5
4195,0.71875
4196,0.3125
4197,0.15625
4198,0.6875
4199,0.78125
4200,0.9375
4201,0.21875
4202,0.46875
4203,0.0625
4204,0.3125
4205,0.21875
4206,0.28125
4207,0.1875
4208,0.125
4209,0.1875
4210,0.0625
4211,0.625
4212,0.0625
4213,0.53125
4214,0.0625
4215,0.65625
4216,0.625
4217,0.84375
4218,0.625
4219,0.03125
4220,1.0
4221,0.3125
4222,0.6875
4223,0.6875
4224,0.875
4225,0.28125
4226,0.125
4227,0.53125
4228,0.3125
4229,0.0
4230,0.625
4231,0.0
4232,0.28125
4233,0.59375
4234,0.1875
4235,0.875
4236,0.5625
4237,0.59375
4238,0.28125
4239,0.03125
4240,0.28125
4241,0.21875
4242,0.03125
4243,0.09375
4244,0.375
4245,0.5625
4246,0.71875
4247,0.4375
4248,0.5
4249,0.6875
4250,0.3125
4251,0.65625
4252,0.34375
4253,0.78125
4254,0.90625
4255,0.3125
4256,0.0625
4257,0.71875
4258,0.34375
4259,0.40625
4260,0.4375
4261,0.71875
4262,0.8125
4263,0.15625
4264,0.5625
4265,0.6875
4266,0.53125
4267,0.125
4268,0.25
4269,0.3125
4270,0.09375
4271,0.25
4272,0.09375
4273,0.28125
4274,0.25
4275,0.03125
4276,0.46875
4277,0.0625
4278,0.1875
4279,0.65625
4280,0.78125
4281,0.59375
4282,0.21875
4283,0.75
4284,0.46875
4285,0.4375
4286,0.375
4287,0.21875
4288,0.0
4289,0.03125
4290,0.5625
4291,0.15625
4292,0.34375
4293,0.0625
4294,0.21875
4295,0.5
4296,0.40625
4297,0.0625
4298,0.09375
4299,0.1875
4300,0.28125
4301,0.0625
4302,0.28125
4303,0.4375
4304,0.1875
4305,0.4375
4306,0.5625
4307,0.375
4308,0.0
4309,0.0625
4310,0.71875
4311,0.65625
4312,0.78125
4313,0.3125
4314,0.0625
4315,0.03125
4316,0.03125
4317,0.59375
4318,0.5
4319,0.65625
4320,0.46875
4321,0.03125
4322,0.1875
4323,0.75
4324,0.5625
4325,0.0625
4326,0.3125
4327,0.59375
4328,0.65625
4329,0.15625
4330,0.15625
4331,0.78125
4332,0.40625
4333,0.15625
4334,0.25
4335,0.40625
4336,0.09375
4337,0.09375
4338,0.71875
4339,0.09375
4340,0.75
4341,0.875
4342,0.5625
4343,0.53125
4344,0.5
4345,0.15625
4346,0.15625
4347,0.28125
4348,0.0625
4349,0.0625
4350,0.09375
4351,0.375
4352,0.34375
4353,0.5
4354,0.6875
4355,0.625
4356,0.875
4357,0.09375
4358,0.09375
4359,0.3125
4360,0.4375
4361,0.6875
4362,0.875
4363,0.6875
4364,0.15625
4365,0.6875
4366,0.375
4367,0.0625
4368,0.78125
4369,0.34375
4370,0.65625
4371,0.28125
4372,0.25
4373,0.75
4374,0.625
4375,0.5
4376,0.4375
4377,0.03125
4378,0.53125
4379,0.15625
4380,0.5
4381,0.3125
4382,0.875
4383,0.71875
4384,0.375
4385,0.8125
4386,0.8125
4387,0.8125
4388,0.6875
4389,0.03125
4390,0.1875
4391,0.375
4392,0.21875
4393,0.34375
4394,0.28125
4395,0.53125
4396,0.0625
4397,0.34375
4398,0.4375
4399,0.53125
4400,0.90625
4401,0.9375
4402,0.875
4403,0.25
4404,0.4375
4405,0.6875
4406,0.71875
4407,0.59375
4408,0.40625
4409,0.1875
4410,0.34375
4411,0.75
4412,0.5
4413,0.15625
4414,0.1875
4415,0.71875
4416,0.6875
4417,0.21875
4418,0.6875
4419,0.34375
4420,0.0625
4421,0.46875
4422,0.28125
4423,0.625
4424,0.21875
4425,0.28125
4426,0.34375
4427,0.375
4428,0.65625
4429,0.25
4430,0.65625
4431,0.5625
4432,0.15625
4433,0.3125
4434,0.4375
4435,0.375
4436,0.4375
4437,0.65625
4438,0.53125
4439,0.15625
4440,0.1875
4441,0.25
4442,0.625
4443,0.4375
4444,0.40625
4445,0.75
4446,0.5
4447,0.375
4448,0.59375
4449,0.03125
4450,0.03125
4451,0.3125
4452,0.6875
4453,0.46875
4454,0.5
4455,0.09375
4456,0.40625
4457,0.5
4458,0.28125
4459,0.5625
4460,0.46875
4461,0.5625
4462,0.3125
4463,0.0625
4464,0.4375
4465,0.25
4466,0.5
4467,0.5625
4468,0.15625
4469,0.375
4470,0.46875
4471,0.75
4472,0.28125
4473,0.03125
4474,0.53125
4475,0.21875
4476,0.34375
4477,0.125
4478,0.0625
4479,0.8125
4480,0.3125
4481,0.65625
4482,0.375
4483,0.5
4484,0.75
4485,0.6875
4486,0.3125
4487,0.53125
4488,0.375
4489,0.03125
4490,0.625
4491,0.21875
4492,0.71875
4493,0.8125
4494,0.59375
4495,0.46875
4496,0.40625
4497,0.25
4498,0.59375
4499,0.71875
4500,0.28125
4501,0.4375
4502,0.8125
4503,0.78125
4504,0.28125
4505,0.15625
4506,0.40625
4507,0.65625
4508,0.375
4509,0.59375
4510,0.90625
4511,0.375
4512,0.40625
4513,0.375
4514,0.8125
4515,0.75
4516,0.15625
4517,0.09375
4518,0.03125
4519,0.75
4520,0.8125
4521,0.59375
4522,0.4375
4523,0.34375
4524,0.09375
4525,0.375
4526,0.5
4527,0.78125
4528,0.0625
4529,0.625
4530,0.65625
4531,0.5
4532,0.4375
4533,0.75
4534,0.71875
4535,0.6875
4536,0.5
4537,0.5
4538,0.34375
4539,0.40625
4540,0.21875
4541,0.40625
4542,0.53125
4543,0.5625
4544,0.5
4545,0.21875
4546,0.21875
4547,0.46875
4548,0.09375
4549,0.9375
4550,0.21875
4551,0.75
4552,0.53125
4553,0.5
4554,0.03125
4555,0.0625
4556,0.03125
4557,0.28125
4558,0.875
4559,0.125
4560,0.59375
4561,0.28125
4562,0.40625
4563,1.0
4564,0.5
4565,0.375
4566,0.5625
4567,0.8125
4568,0.84375
4569,0.1875
4570,0.46875
4571,0.28125
4572,0.6875
4573,0.65625
4574,0.625
4575,0.09375
4576,0.09375
4577,0.125
4578,0.53125
4579,0.375
4580,0.0
4581,0.03125
4582,0.65625
4583,0.375
4584,0.375
4585,0.34375
4586,0.875
4587,0.90625
4588,0.625
4589,0.4375
4590,0.0
4591,0.1875
4592,0.03125
4593,0.1875
4594,0.40625
4595,0.5
4596,0.25
4597,0.78125
4598,0.34375
4599,0.46875
4600,0.15625
4601,0.3125
4602,0.625
4603,0.625
4604,0.5
4605,0.09375
4606,0.0625
4607,0.1875
4608,0.0625
4609,0.21875
4610,0.9375
4611,0.34375
4612,0.4375
4613,0.8125
4614,0.125
4615,0.375
4616,0.8125
4617,0.6875
4618,0.25
4619,0.78125
4620,0.46875
4621,0.375
4622,0.1875
4623,0.5
4624,0.65625
4625,0.65625
4626,0.28125
4627,0.78125
4628,0.5
4629,0.625
4630,0.1875
4631,0.65625
4632,0.59375
4633,0.6875
4634,0.28125
4635,0.0
4636,0.0625
4637,0.375
4638,0.28125
4639,0.0625
4640,0.1875
4641,0.28125
4642,0.4375
4643,0.375
4644,0.28125
4645,0.4375
4646,0.0
4647,0.1875
4648,0.25
4649,0.0625
4650,0.375
4651,0.125
4652,0.125
4653,0.53125
4654,0.25
4655,0.25
4656,0.71875
4657,0.625
4658,0.21875
4659,0.84375
4660,0.15625
4661,0.4375
4662,0.53125
4663,0.65625
4664,0.46875
4665,0.28125
4666,0.0625
4667,0.53125
4668,0.75
4669,0.6875
4670,0.03125
4671,0.125
4672,0.28125
4673,0.90625
4674,0.65625
4675,0.5625
4676,0.625
4677,0.4375
4678,0.25
4679,0.25
4680,0.59375
4681,0.4375
4682,0.625
4683,0.46875
4684,0.28125
4685,0.0625
4686,0.625
4687,0.71875
4688,0.21875
4689,0.5625
4690,0.4375
4691,0.375
4692,0.53125
4693,0.4375
4694,0.34375
4695,0.21875
4696,0.25
4697,0.71875
4698,0.09375
4699,0.1875
4700,0.71875
4701,0.46875
4702,0.3125
4703,0.625
4704,0.09375
4705,0.625
4706,0.90625
4707,0.5
4708,0.8125
4709,0.6875
4710,0.3125
4711,0.5625
4712,0.65625
4713,0.75
4714,0.71875
4715,0.375
4716,0.9375
4717,0.75
4718,0.40625
4719,0.1875
4720,0.03125
4721,0.4375
4722,0.53125
4723,0.3125
4724,0.71875
4725,0.40625
4726,0.59375
4727,0.09375
4728,0.65625
4729,0.03125
4730,0.0625
4731,0.125
4732,0.6875
4733,0.9375
4734,0.9375
4735,0.71875
4736,0.28125
4737,0.53125
4738,0.53125
4739,0.5625
4740,0.5625
4741,0.6875
4742,0.65625
4743,0.625
4744,0.46875
4745,0.59375
4746,0.125
4747,0.25
4748,0.84375
4749,0.46875
4750,0.875
4751,0.90625
4752,0.6875
4753,0.0
4754,0.25
4755,0.28125
4756,0.59375
4757,0.59375
4758,0.125
4759,0.46875
4760,0.53125
4761,0.25
4762,0.53125
4763,0.5625
4764,0.53125
4765,0.34375
4766,0.28125
4767,0.625
4768,0.3125
4769,0.34375
4770,0.46875
4771,0.4375
4772,0.65625
4773,0.40625
4774,0.125
4775,0.40625
4776,0.40625
4777,0.625
4778,0.5
4779,0.375
4780,0.53125
4781,0.84375
4782,0.09375
4783,0.21875
4784,0.59375
4785,0.875
4786,0.65625
4787,0.65625
4788,0.4375
4789,0.34375
4790,0.625
4791,0.46875
4792,0.78125
4793,0.53125
4794,0.5625
4795,0.8125
4796,0.25
4797,0.375
4798,0.40625
4799,0.15625
4800,0.4375
4801,0.40625
4802,0.5625
4803,0.65625
4804,0.5625
4805,0.8125
4806,0.625
4807,0.15625
4808,0.78125
4809,0.59375
4810,0.125
4811,0.09375
4812,0.15625
4813,0.21875
4814,0.71875
4815,0.6875
4816,0.5
4817,0.375
4818,0.1875
4819,0.46875
4820,0.03125
4821,0.53125
4822,0.09375
4823,0.5625
4824,0.8125
4825,0.40625
4826,0.59375
4827,0.46875
4828,0.59375
4829,0.3125
4830,0.5625
4831,0.71875
4832,0.125
4833,0.1875
4834,0.1875
4835,0.875
4836,0.75
4837,0.84375
4838,0.40625
4839,0.65625
4840,0.9375
4841,0.5
4842,0.21875
4843,0.875
4844,0.59375
4845,0.625
4846,0.34375
4847,0.6875
4848,0.84375
4849,0.25
4850,0.03125
4851,0.21875
4852,0.5625
4853,0.46875
4854,0.28125
4855,0.34375
4856,0.875
4857,0.3125
4858,0.1875
4859,0.21875
4860,0.90625
4861,0.75
4862,0.28125
4863,0.21875
4864,0.3125
4865,0.1875
4866,0.1875
4867,0.0625
4868,0.0625
4869,0.65625
4870,0.46875
4871,0.375
4872,0.34375
4873,0.21875
4874,0.34375
4875,0.4375
4876,0.09375
4877,0.09375
4878,0.21875
4879,0.34375
4880,0.65625
4881,0.46875
4882,0.15625
4883,0.8125
4884,0.4375
4885,0.28125
4886,0.28125
4887,0.0625
4888,0.625
4889,0.59375
4890,0.375
4891,0.0
4892,0.3125
4893,0.34375
4894,0.125
4895,0.09375
4896,0.0625
4897,0.40625
4898,0.78125
4899,0.3125
4900,0.15625
4901,0.4375
4902,0.40625
4903,0.75
4904,0.125
4905,0.59375
4906,0.28125
4907,0.6875
4908,0.34375
4909,0.3125
4910,0.53125
4911,0.9375
4912,0.875
4913,0.4375
4914,0.125
4915,0.40625
4916,0.59375
4917,0.21875
4918,0.0625
4919,0.5
4920,0.0625
4921,0.15625
4922,0.125
4923,0.3125
4924,0.40625
4925,0.0625
4926,0.625
4927,0.9375
4928,0.40625
4929,0.25
4930,0.4375
4931,0.6875
4932,0.15625
4933,0.15625
4934,0.40625
4935,0.0625
4936,0.21875
4937,0.8125
4938,0.84375
4939,0.46875
4940,0.1875
4941,0.25
4942,0.34375
4943,0.0
4944,0.15625
4945,0.53125
4946,0.375
4947,0.125
4948,0.1875
4949,0.25
4950,0.34375
4951,0.28125
4952,0.25
4953,0.375
4954,0.375
4955,0.34375
4956,0.53125
4957,0.0
4958,0.6875
4959,0.6875
4960,0.5625
4961,0.375
4962,0.0625
4963,0.875
4964,0.28125
4965,0.9375
4966,0.6875
4967,0.75
4968,0.625
4969,0.78125
4970,0.59375
4971,0.34375
4972,0.09375
4973,0.28125
4974,0.4375
4975,0.59375
4976,0.46875
4977,0.96875
4978,0.46875
4979,0.125
4980,0.1875
4981,0.875
4982,0.84375
4983,0.78125
4984,0.15625
4985,0.03125
4986,0.3125
4987,0.03125
4988,0.8125
4989,0.3125
4990,0.5
4991,0.53125
4992,0.25
4993,0.53125
4994,0.75
4995,0.8125
4996,0.3125
4997,0.53125
4998,0.1875
4999,0.03125
5000,0.4375
5001,0.65625
5002,0.875
5003,0.3125
5004,0.125
5005,0.4375
5006,0.75
5007,0.15625
5008,0.09375
5009,0.1875
5010,0.4375
5011,0.125
5012,0.34375
5013,0.4375
5014,0.28125
5015,0.59375
5016,0.5625
5017,0.25
5018,0.6875
5019,0.4375
5020,0.5
5021,0.09375
5022,0.34375
5023,0.8125
5024,0.71875
5025,0.375
5026,0.6875
5027,0.59375
5028,0.625
5029,0.34375
5030,0.15625
5031,0.25
5032,0.3125
5033,0.78125
5034,0.75
5035,0.8125
5036,0.40625
5037,0.25
5038,0.3125
5039,0.4375
5040,0.3125
5041,0.03125
5042,0.25
5043,0.78125
5044,0.4375
5045,0.46875
5046,0.875
5047,0.40625
5048,0.625
5049,0.8125
5050,0.46875
5051,0.34375
5052,0.6875
5053,0.625
5054,0.15625
5055,0.53125
5056,0.4375
5057,0.28125
5058,0.40625
5059,0.28125
5060,0.34375
5061,0.5
5062,0.4375
5063,0.46875
5064,0.75
5065,0.71875
5066,0.84375
5067,0.34375
5068,0.4375
5069,0.84375
5070,0.53125
5071,0.875
5072,0.40625
5073,0.28125
5074,0.75
5075,0.34375
5076,0.90625
5077,0.28125
5078,0.21875
5079,0.65625
5080,0.34375
5081,0.3125
5082,0.4375
5083,0.3125
5084,0.5625
5085,0.125
5086,0.84375
5087,0.125
5088,0.3125
5089,0.59375
5090,0.46875
5091,0.84375
5092,0.3125
5093,0.4375
5094,0.1875
5095,0.59375
5096,0.21875
5097,0.625
5098,0.34375
5099,0.28125
5100,0.1875
5101,0.21875
5102,0.65625
5103,0.5625
5104,0.71875
5105,0.15625
5106,0.53125
5107,0.5625
5108,0.125
5109,0.4375
5110,0.1875
5111,0.375
5112,0.78125
5113,0.59375
5114,0.21875
5115,0.40625
5116,0.6875
5117,0.53125
5118,0.15625
5119,0.40625
5120,0.21875
5121,0.1875
5122,0.40625
5123,0.4375
5124,0.71875
5125,0.5625
5126,0.1875
5127,0.46875
5128,0.8125
5129,0.0
5130,0.3125
5131,0.40625
5132,0.34375
5133,0.3125
5134,0.71875
5135,0.71875
5136,0.8125
5137,0.5
5138,0.6875
5139,0.3125
5140,0.46875
5141,0.3125
5142,0.03125
5143,0.40625
5144,0.28125
5145,0.5
5146,0.40625
5147,0.9375
5148,0.375
5149,0.46875
5150,0.46875
5151,0.40625
5152,0.21875
5153,0.5
5154,0.03125
5155,0.0625
5156,0.75
5157,0.40625
5158,0.6875
5159,0.65625
5160,0.03125
5161,0.3125
5162,0.8125
5163,0.5625
5164,0.6875
5165,0.1875
5166,0.59375
5167,0.75
5168,0.1875
5169,0.125
5170,0.46875
5171,0.5625
5172,0.25
5173,0.78125
5174,0.0
5175,0.09375
5176,0.65625
5177,0.59375
5178,0.34375
5179,0.25
5180,0.0625
5181,0.34375
5182,0.375
5183,0.0
5184,0.28125
5185,0.53125
5186,0.6875
5187,0.375
5188,0.71875
5189,0.46875
5190,0.0
5191,0.78125
5192,0.5
5193,0.875
5194,0.875
5195,0.59375
5196,0.28125
5197,0.84375
5198,0.75
5199,0.5
5200,0.1875
5201,0.40625
5202,0.125
5203,0.28125
5204,0.5
5205,0.1875
5206,0.21875
5207,0.15625
5208,0.8125
5209,0.625
5210,0.4375
5211,0.03125
5212,0.15625
5213,0.40625
5214,0.5
5215,0.53125
5216,0.59375
5217,0.5625
5218,0.03125
5219,0.28125
5220,0.3125
5221,0.875
5222,0.1875
5223,0.40625
5224,0.375
5225,0.65625
5226,0.9375
5227,0.0625
5228,0.09375
5229,0.0
5230,0.46875
5231,0.4375
5232,0.84375
5233,0.25
5234,0.59375
5235,0.65625
5236,0.03125
5237,0.59375
5238,0.78125
5239,0.6875
5240,0.34375
5241,0.71875
5242,0.15625
5243,0.75
5244,0.53125
5245,0.375
5246,0.375
5247,0.53125
5248,0.59375
5249,0.4375
5250,0.5625
5251,0.0625
5252,0.34375
5253,0.0
5254,0.375
5255,0.5625
5256,0.65625
5257,0.3125
5258,0.5
5259,0.65625
5260,0.75
5261,0.9375
5262,0.71875
5263,0.09375
5264,0.84375
5265,0.53125
5266,0.34375
5267,0.53125
5268,0.5625
5269,0.40625
5270,0.21875
5271,0.875
5272,0.875
5273,0.34375
5274,0.40625
5275,0.8125
5276,0.46875
5277,0.59375
5278,0.4375
5279,0.34375
5280,0.34375
5281,0.5625
5282,0.59375
5283,0.78125
5284,0.46875
5285,0.6875
5286,0.75
5287,0.65625
5288,0.53125
5289,0.53125
5290,0.0
5291,0.3125
5292,0.5625
5293,0.9375
5294,0.4375
5295,0.28125
5296,0.34375
5297,0.28125
5298,0.1875
5299,0.375
5300,0.4375
5301,0.1875
5302,0.25
5303,0.78125
5304,0.15625
5305,0.53125
5306,0.53125
5307,0.5625
5308,0.15625
5309,0.125
5310,0.09375
5311,0.09375
5312,0.09375
5313,0.625
5314,0.625
5315,0.75
5316,0.375
5317,0.53125
5318,0.5
5319,0.78125
5320,0.0625
5321,0.375
5322,0.40625
5323,0.15625
5324,0.15625
5325,0.5625
5326,0.125
5327,0.65625
5328,0.75
5329,0.125
5330,0.125
5331,0.53125
5332,0.4375
5333,0.125
5334,0.71875
5335,0.21875
5336,0.21875
5337,0.5
5338,0.25
5339,0.03125
5340,0.59375
5341,0.59375
5342,0.3125
5343,0.5625
5344,0.8125
5345,0.03125
5346,0.65625
5347,0.375
5348,0.59375
5349,0.0625
5350,0.09375
5351,0.78125
5352,0.03125
5353,0.46875
5354,0.125
5355,0.5625
5356,0.5
5357,0.25
5358,0.125
5359,0.8125
5360,0.78125
5361,0.75
5362,0.8125
5363,0.84375
5364,0.5625
5365,0.375
5366,0.53125
5367,0.0
5368,0.65625
5369,0.0
5370,0.21875
5371,0.09375
5372,0.25
5373,0.90625
5374,0.6875
5375,0.375
5376,0.21875
5377,0.28125
5378,0.625
5379,0.65625
5380,0.5625
5381,0.59375
5382,0.8125
5383,0.34375
5384,0.15625
5385,0.8125
5386,0.625
5387,0.03125
5388,0.375
5389,0.71875
5390,0.3125
5391,0.5
5392,0.8125
5393,0.71875
5394,0.15625
5395,0.28125
5396,0.46875
5397,0.71875
5398,0.3125
5399,0.03125
5400,0.375
5401,0.25
5402,0.5625
5403,0.625
5404,0.5625
5405,0.0
5406,0.25
5407,0.59375
5408,0.90625
5409,0.375
5410,0.0625
5411,0.75
5412,0.0625
5413,0.34375
5414,0.65625
5415,0.40625
5416,0.40625
5417,0.59375
5418,0.34375
5419,0.1875
5420,0.375
5421,0.65625
5422,0.65625
5423,0.8125
5424,0.71875
5425,0.09375
5426,0.25
5427,0.4375
5428,0.09375
5429,0.875
5430,0.21875
5431,0.0
5432,0.375
5433,0.09375
5434,0.46875
5435,0.28125
5436,0.03125
5437,0.53125
5438,0.375
5439,0.21875
5440,0.5
5441,0.625
5442,0.78125
5443,0.84375
5444,0.375
5445,0.21875
5446,0.4375
5447,0.5
5448,0.6875
5449,0.75
5450,0.15625
5451,0.5625
5452,0.3125
5453,0.84375
5454,0.34375
5455,0.5625
5456,0.53125
5457,0.3125
5458,0.28125
5459,0.78125
5460,0.78125
5461,0.28125
5462,0.625
5463,0.65625
5464,0.28125
5465,0.21875
5466,0.625
5467,0.65625
5468,0.1875
5469,0.21875
5470,0.3125
5471,0.1875
5472,0.34375
5473,0.4375
5474,0.28125
5475,0.65625
5476,0.21875
5477,0.59375
5478,0.0
5479,0.03125
5480,0.3125
5481,0.71875
5482,0.75
5483,0.09375
5484,0.34375
5485,0.0625
5486,0.40625
5487,0.8125
5488,0.59375
5489,0.03125
5490,0.09375
5491,0.28125
5492,0.15625
5493,0.28125
5494,0.21875
5495,0.1875
5496,0.03125
5497,0.1875
5498,0.09375
5499,0.4375
5500,0.46875
5501,0.34375
5502,0.5
5503,0.65625
5504,0.03125
5505,0.34375
5506,0.0625
5507,0.28125
5508,0.375
5509,0.875
5510,0.28125
5511,0.4375
5512,0.625
5513,0.25
5514,0.15625
5515,0.25
5516,0.4375
5517,0.3125
5518,0.78125
5519,0.03125
5520,0.65625
5521,0.78125
5522,0.5625
5523,0.28125
5524,0.28125
5525,0.5
5526,0.5
5527,0.75
5528,0.5625
5529,0.375
5530,1.0
5531,0.09375
5532,0.21875
5533,0.46875
5534,0.0625
5535,0.1875
5536,0.03125
5537,0.6875
5538,0.8125
5539,0.84375
5540,0.875
5541,0.8125
5542,0.0625
5543,0.6875
5544,0.6875
5545,0.65625
5546,0.15625
5547,0.5
5548,0.40625
5549,0.34375
5550,0.34375
5551,0.8125
5552,0.8125
5553,0.125
5554,0.6875
5555,0.71875
5556,0.03125
5557,0.78125
5558,0.5
5559,0.15625
5560,0.4375
5561,0.03125
5562,0.4375
5563,0.71875
5564,0.21875
5565,0.21875
5566,0.3125
5567,0.4375
5568,0.71875
5569,0.65625
5570,0.40625
5571,0.65625
5572,0.40625
5573,0.5625
5574,0.28125
5575,0.4375
5576,0.75
5577,0.8125
5578,0.09375
5579,0.59375
5580,0.5625
5581,0.3125
5582,0.15625
5583,0.28125
5584,0.4375
5585,0.65625
5586,0.53125
5587,0.46875
5588,0.71875
5589,0.53125
5590,0.625
5591,0.28125
5592,0.21875
5593,0.09375
5594,0.09375
5595,0.28125
5596,0.875
5597,0.875
5598,0.78125
5599,0.21875
5600,0.46875
5601,0.8125
5602,0.34375
5603,0.15625
5604,0.09375
5605,0.4375
5606,0.71875
5607,0.1875
5608,0.09375
5609,0.375
5610,0.46875
5611,0.75
5612,0.8125
5613,0.78125
5614,0.34375
5615,0.25
5616,0.78125
5617,0.0
5618,0.34375
5619,0.46875
5620,0.09375
5621,0.25
5622,0.25
5623,0.0625
5624,0.15625
5625,0.65625
5626,0.5
5627,0.03125
5628,0.40625
5629,0.53125
5630,0.4375
5631,0.53125
5632,0.25
5633,0.4375
5634,0.03125
5635,0.6875
5636,0.1875
5637,0.53125
5638,0.4375
5639,0.8125
5640,0.21875
5641,0.65625
5642,0.28125
5643,0.15625
5644,0.21875
5645,0.0625
5646,0.6875
5647,0.09375
5648,0.0625
5649,0.28125
5650,0.21875
5651,0.46875
5652,0.28125
5653,0.15625
5654,0.59375
5655,0.15625
5656,0.0
5657,0.625
5658,0.71875
5659,0.875
5660,0.0625
5661,0.21875
5662,0.0625
5663,0.5
5664,0.25
5665,0.0625
5666,0.9375
5667,0.1875
5668,0.5625
5669,0.09375
5670,0.125
5671,0.15625
5672,0.25
5673,0.375
5674,0.9375
5675,0.75
5676,0.25
5677,0.21875
5678,0.625
5679,0.4375
5680,0.5
5681,0.90625
5682,0.71875
5683,0.125
5684,0.125
5685,0.8125
5686,0.34375
5687,0.4375
5688,0.8125
5689,0.5
5690,0.71875
5691,0.09375
5692,0.125
5693,0.40625
5694,0.40625
5695,0.25
5696,0.03125
5697,0.34375
5698,0.5
5699,0.125
5700,0.0625
5701,0.53125
5702,0.375
5703,0.28125
5704,0.1875
5705,0.1875
5706,0.28125
5707,0.125
5708,0.1875
5709,0.375
5710,0.5625
5711,0.53125
5712,0.09375
5713,0.125
5714,0.5
5715,0.03125
5716,0.28125
5717,0.40625
5718,0.6875
5719,0.25
5720,0.1875
5721,0.03125
5722,0.875
5723,0.03125
5724,0.0625
5725,0.4375
5726,0.53125
5727,0.8125
5728,0.6875
5729,0.59375
5730,0.53125
5731,0.03125
5732,0.34375
5733,0.0625
5734,0.6875
5735,0.5
5736,0.4375
5737,0.5625
5738,0.28125
5739,0.125
5740,0.1875
5741,0.59375
5742,0.3125
5743,0.0
5744,0.59375
5745,0.09375
5746,0.59375
5747,0.1875
5748,0.4375
5749,0.125
5750,0.0
5751,0.5625
5752,0.15625
5753,0.3125
5754,0.65625
5755,0.40625
5756,0.28125
5757,0.78125
5758,0.875
5759,0.9375
5760,0.6875
5761,0.8125
5762,0.84375
5763,0.21875
5764,0.0625
5765,0.0625
5766,0.15625
5767,0.15625
5768,0.625
5769,0.71875
5770,0.6875
5771,0.28125
5772,0.4375
5773,0.875
5774,0.71875
5775,0.4375
5776,0.125
5777,0.125
5778,0.34375
5779,0.34375
5780,0.3125
5781,0.59375
5782,0.15625
5783,0.40625
5784,0.0625
5785,0.1875
5786,0.4375
5787,0.625
5788,0.25
5789,0.0
5790,0.5625
5791,0.15625
5792,0.21875
5793,0.125
5794,0.46875
5795,0.03125
5796,0.03125
5797,0.3125
5798,0.75
5799,0.21875
5800,0.0
5801,0.125
5802,0.15625
5803,0.15625
5804,0.0625
5805,0.15625
5806,0.5
5807,0.59375
5808,0.03125
5809,0.78125
5810,0.84375
5811,0.3125
5812,0.34375
5813,0.5625
5814,0.96875
5815,0.25
5816,0.40625
5817,0.625
5818,0.4375
5819,0.59375
5820,0.5
5821,0.1875
5822,0.375
5823,0.375
5824,0.8125
5825,0.8125
5826,0.40625
5827,0.15625
5828,0.09375
5829,0.125
5830,0.6875
5831,0.5
5832,0.25
5833,0.53125
5834,0.96875
5835,0.875
5836,0.75
5837,0.15625
5838,0.09375
5839,0.78125
5840,0.625
5841,0.375
5842,0.125
5843,0.4375
5844,0.34375
5845,0.46875
5846,0.8125
5847,0.34375
5848,0.03125
5849,0.5625
5850,0.40625
5851,0.375
5852,0.65625
5853,0.96875
5854,0.9375
5855,0.34375
5856,0.09375
5857,0.28125
5858,0.375
5859,0.28125
5860,0.59375
5861,0.59375
5862,0.03125
5863,0.6875
5864,0.59375
5865,0.34375
5866,0.0
5867,0.8125
5868,0.5625
5869,0.03125
5870,0.0
5871,0.03125
5872,0.625
5873,0.375
5874,0.15625
5875,0.28125
5876,0.5625
5877,0.65625
5878,1.0
5879,0.6875
5880,0.40625
5881,0.375
5882,0.21875
5883,0.4375
5884,0.3125
5885,0.125
5886,0.28125
5887,0.46875
5888,0.6875
5889,0.25
5890,0.34375
5891,0.34375
5892,0.5625
5893,0.375
5894,0.09375
5895,0.21875
5896,0.96875
5897,0.3125
5898,0.46875
5899,0.15625
5900,0.53125
5901,0.75
5902,0.625
5903,0.375
5904,0.21875
5905,0.15625
5906,0.28125
5907,0.34375
5908,0.5625
5909,0.28125
5910,0.28125
5911,0.0625
5912,0.59375
5913,0.53125
5914,0.375
5915,0.53125
5916,0.71875
5917,0.53125
5918,0.53125
5919,0.65625
5920,0.9375
5921,0.375
5922,0.375
5923,0.3125
5924,0.09375
5925,0.875
5926,0.90625
5927,0.53125
5928,0.65625
5929,0.3125
5930,0.09375
5931,0.34375
5932,0.1875
5933,0.15625
5934,0.34375
5935,0.375
5936,0.46875
5937,0.15625
5938,0.0625
5939,0.1875
5940,0.3125
5941,0.5
5942,0.59375
5943,0.0625
5944,0.46875
5945,0.46875
5946,0.53125
5947,0.46875
5948,0.09375
5949,0.3125
5950,0.03125
5951,0.6875
5952,0.125
5953,0.0
5954,0.53125
5955,0.875
5956,0.8125
5957,0.8125
5958,0.0625
5959,0.46875
5960,0.15625
5961,0.375
5962,0.53125
5963,0.375
5964,0.65625
5965,0.75
5966,0.15625
5967,0.5
5968,0.1875
5969,0.3125
5970,0.59375
5971,0.78125
5972,0.5625
5973,0.875
5974,0.03125
5975,0.65625
5976,0.25
5977,0.15625
5978,0.5625
5979,0.0
5980,0.40625
5981,0.46875
5982,0.1875
5983,0.0
5984,0.21875
5985,0.40625
5986,0.15625
5987,0.5
5988,0.84375
5989,0.71875
5990,0.65625
5991,0.6875
5992,0.125
5993,0.65625
5994,0.90625
5995,0.4375
5996,0.78125
5997,0.59375
5998,0.6875
5999,0.90625
6000,0.3125
6001,0.71875
6002,0.3125
6003,0.65625
6004,0.625
6005,0.375
6006,0.15625
6007,0.25
6008,0.65625
6009,0.65625
6010,0.03125
6011,0.03125
6012,0.0625
6013,0.46875
6014,0.03125
6015,0.65625
6016,0.96875
6017,0.8125
6018,0.53125
6019,0.15625
6020,0.25
6021,0.21875
6022,0.40625
6023,0.03125
6024,0.09375
6025,0.125
6026,0.15625
6027,0.03125
6028,0.25
6029,0.4375
6030,0.15625
6031,0.125
6032,0.90625
6033,0.75
6034,0.59375
6035,0.5625
6036,0.84375
6037,0.375
6038,0.8125
6039,0.40625
6040,0.40625
6041,0.875
6042,0.625
6043,0.125
6044,0.09375
6045,0.125
6046,0.0625
6047,0.0
6048,0.125
6049,0.21875
6050,0.46875
6051,0.875
6052,0.65625
6053,0.8125
6054,0.25
6055,0.5625
6056,0.6875
6057,0.90625
6058,0.5625
6059,0.21875
6060,0.5
6061,0.84375
6062,0.40625
6063,0.25
6064,0.65625
6065,0.78125
6066,0.5625
6067,0.46875
6068,0.21875
6069,0.375
6070,0.46875
6071,0.15625
6072,0.6875
6073,0.3125
6074,0.90625
6075,0.15625
6076,0.03125
6077,0.125
6078,0.5625
6079,0.0625
6080,0.65625
6081,0.34375
6082,0.75
6083,0.65625
6084,0.28125
6085,0.40625
6086,0.15625
6087,0.34375
6088,0.03125
6089,0.1875
6090,0.34375
6091,0.34375
6092,0.90625
6093,0.28125
6094,0.4375
6095,0.46875
6096,0.46875
6097,0.65625
6098,0.625
6099,0.28125
6100,0.375
6101,0.09375
6102,0.8125
6103,0.75
6104,0.6875
6105,0.5625
6106,0.6875
6107,0.53125
6108,0.5625
6109,0.21875
6110,0.53125
6111,0.25
6112,0.65625
6113,0.59375
6114,0.09375
6115,0.40625
6116,0.1875
6117,0.65625
6118,0.71875
6119,0.75
6120,0.0
6121,0.8125
6122,0.75
6123,0.1875
6124,0.21875
6125,0.03125
6126,0.875
6127,0.34375
6128,0.84375
6129,0.3125
6130,0.6875
6131,0.5
6132,0.0625
6133,0.8125
6134,0.21875
6135,0.09375
6136,0.25
6137,0.25
6138,0.875
6139,0.375
6140,0.0625
6141,0.1875
6142,0.0625
6143,0.125
6144,0.1875
6145,0.125
6146,0.15625
6147,0.40625
6148,0.375
6149,0.8125
6150,0.4375
6151,0.78125
6152,0.90625
6153,0.03125
6154,0.375
6155,0.59375
6156,0.40625
6157,0.375
6158,0.21875
6159,0.53125
6160,0.65625
6161,0.25
6162,0.4375
6163,0.4375
6164,0.90625
6165,0.46875
6166,0.40625
6167,0.8125
6168,0.625
6169,0.65625
6170,0.5
6171,0.625
6172,0.46875
6173,0.65625
6174,0.28125
6175,0.6875
6176,0.65625
6177,0.40625
6178,0.03125
6179,0.4375
6180,0.8125
6181,0.5
6182,0.0
6183,0.5
6184,0.65625
6185,0.09375
6186,0.5
6187,0.0625
6188,0.3125
6189,0.28125
6190,0.3125
6191,0.28125
6192,0.375
6193,0.15625
6194,0.96875
6195,0.875
6196,0.3125
6197,0.03125
6198,0.09375
6199,0.0625
6200,0.6875
6201,0.8125
6202,0.5625
6203,0.3125
6204,0.0
6205,0.1875
6206,0.78125
6207,0.21875
6208,0.5
6209,0.6875
6210,0.1875
6211,0.75
6212,0.34375
6213,0.53125
6214,0.125
6215,0.25
6216,0.3125
6217,0.40625
6218,0.8125
6219,0.5
6220,0.21875
6221,0.46875
6222,0.03125
6223,0.40625
6224,0.6875
6225,0.0625
6226,0.1875
6227,0.84375
6228,0.78125
6229,0.15625
6230,0.21875
6231,0.71875
6232,0.09375
6233,0.0625
6234,0.90625
6235,0.375
6236,0.46875
6237,0.21875
6238,0.625
6239,0.40625
6240,0.78125
6241,0.40625
6242,0.65625
6243,0.03125
6244,0.1875
6245,0.4375
6246,0.09375
6247,0.75
6248,0.5625
6249,0.78125
6250,0.625
6251,0.34375
6252,0.53125
6253,0.6875
6254,0.40625
6255,0.125
6256,0.21875
6257,0.125
6258,0.65625
6259,0.875
6260,0.75
6261,0.65625
6262,0.21875
6263,0.53125
6264,0.125
6265,0.21875
6266,0.5
6267,0.09375
6268,0.75
6269,0.625
6270,0.0
6271,0.5
6272,0.5
6273,0.375
6274,0.875
6275,0.84375
6276,0.40625
6277,0.4375
6278,0.375
6279,0.46875
6280,0.0625
6281,0.0
6282,0.125
6283,0.53125
6284,0.59375
6285,0.71875
6286,0.5
6287,0.09375
6288,0.4375
6289,0.5
6290,0.4375
6291,0.375
6292,0.03125
6293,0.53125
6294,0.375
6295,0.40625
6296,0.1875
6297,0.375
6298,0.40625
6299,0.875
6300,0.875
6301,0.78125
6302,0.71875
6303,0.125
6304,0.0
6305,0.5625
6306,0.59375
6307,0.65625
6308,0.4375
6309,0.03125
6310,0.8125
6311,0.625
6312,0.84375
6313,0.21875
6314,0.5
6315,0.625
6316,0.5
6317,0.71875
6318,0.25
6319,0.4375
6320,0.15625
6321,0.71875
6322,0.3125
6323,0.46875
6324,0.125
6325,0.40625
6326,0.15625
6327,0.59375
6328,0.5
6329,0.6875
6330,0.5
6331,0.6875
6332,0.84375
6333,0.28125
6334,0.1875
6335,0.09375
6336,0.5
6337,0.40625
6338,0.5
6339,0.3125
6340,0.15625
6341,0.4375
6342,0.125
6343,0.5
6344,0.6875
6345,0.8125
6346,0.46875
6347,0.25
6348,0.28125
6349,0.1875
6350,0.84375
6351,0.34375
6352,0.75
6353,0.53125
6354,0.0625
6355,0.5
6356,0.40625
6357,0.625
6358,0.46875
6359,0.25
6360,0.03125
6361,0.1875
6362,0.28125
6363,0.875
6364,0.6875
6365,0.75
6366,0.1875
6367,0.1875
6368,0.1875
6369,0.5
6370,0.40625
6371,0.21875
6372,0.84375
6373,0.5625
6374,0.40625
6375,0.5625
6376,0.34375
6377,0.71875
6378,0.65625
6379,0.84375
6380,0.09375
6381,0.375
6382,0.3125
6383,0.15625
6384,0.53125
6385,0.5
6386,0.1875
6387,0.625
6388,0.5
6389,0.375
6390,0.6875
6391,0.84375
6392,0.625
6393,0.21875
6394,0.4375
6395,0.34375
6396,0.25
6397,0.03125
6398,0.5
6399,0.71875
6400,0.59375
6401,0.0
6402,0.25
6403,0.78125
6404,0.3125
6405,0.78125
6406,0.6875
6407,0.09375
6408,0.25
6409,0.5
6410,0.5
6411,0.09375
6412,0.21875
6413,0.6875
6414,0.0625
6415,0.5
6416,0.21875
6417,0.65625
6418,0.15625
6419,0.15625
6420,0.28125
6421,0.53125
6422,0.53125
6423,0.71875
6424,0.5625
6425,0.9375
6426,0.3125
6427,0.59375
6428,0.6875
6429,0.8125
6430,0.0
6431,0.4375
6432,0.15625
6433,0.5625
6434,0.75
6435,0.5
6436,0.375
6437,0.4375
6438,0.15625
6439,0.78125
6440,0.90625
6441,0.15625
6442,0.15625
6443,0.8125
6444,0.8125
6445,0.21875
6446,0.0625
6447,0.78125
6448,0.53125
6449,0.65625
6450,0.0625
6451,0.03125
6452,0.34375
6453,0.28125
6454,0.71875
6455,0.03125
6456,0.625
6457,0.0625
6458,0.34375
6459,0.3125
6460,0.40625
6461,0.28125
6462,0.28125
6463,0.84375
6464,0.34375
6465,0.03125
6466,0.15625
6467,0.1875
6468,0.28125
6469,0.15625
6470,0.53125
6471,0.0625
6472,0.5625
6473,0.25
6474,0.15625
6475,0.34375
6476,0.625
6477,0.875
6478,0.5
6479,0.28125
6480,0.375
6481,0.4375
6482,0.0
6483,0.125
6484,0.59375
6485,0.6875
6486,0.875
6487,0.15625
6488,0.6875
6489,0.46875
6490,0.4375
6491,0.4375
6492,0.09375
6493,0.65625
6494,0.0
6495,0.375
6496,0.4375
6497,0.3125
6498,0.375
6499,0.1875
6500,0.25
6501,0.125
6502,0.1875
6503,0.25
6504,0.625
6505,0.6875
6506,0.5625
6507,0.78125
6508,0.09375
6509,0.0625
6510,0.09375
6511,0.09375
6512,0.28125
6513,0.3125
6514,0.84375
6515,0.875
6516,0.09375
6517,0.3125
6518,0.46875
6519,0.59375
6520,0.75
6521,0.6875
6522,0.28125
6523,0.375
6524,0.40625
6525,0.375
6526,0.0625
6527,0.46875
6528,0.125
6529,0.5625
6530,0.34375
6531,0.25
6532,0.65625
6533,0.65625
6534,0.09375
6535,0.3125
6536,0.34375
6537,0.5625
6538,0.125
6539,0.53125
6540,0.125
6541,0.5
6542,0.65625
6543,0.3125
6544,0.09375
6545,0.75
6546,0.9375
6547,0.4375
6548,0.25
6549,0.71875
6550,0.59375
6551,0.78125
6552,0.90625
6553,0.09375
6554,0.5
6555,0.6875
6556,0.28125
6557,0.21875
6558,0.15625
6559,0.09375
6560,0.03125
6561,0.4375
6562,0.875
6563,0.1875
6564,0.25
6565,0.25
6566,0.65625
6567,0.46875
6568,0.46875
6569,0.5
6570,0.8125
6571,0.78125
6572,0.15625
6573,0.21875
6574,0.34375
6575,0.1875
6576,0.5625
6577,0.25
6578,0.15625
6579,0.375
6580,0.21875
6581,0.5625
6582,0.3125
6583,0.21875
6584,0.875
6585,0.09375
6586,0.25
6587,0.3125
6588,0.84375
6589,0.6875
6590,0.75
6591,0.625
6592,0.5625
6593,0.0625
6594,0.21875
6595,0.25
6596,0.8125
6597,0.40625
6598,0.71875
6599,0.15625
6600,0.53125
6601,0.65625
6602,0.71875
6603,0.59375
6604,0.03125
6605,0.03125
6606,0.25
6607,0.375
6608,0.625
6609,0.25
6610,0.28125
6611,0.40625
6612,0.40625
6613,0.28125
6614,0.46875
6615,0.59375
6616,0.15625
6617,0.46875
6618,0.15625
6619,0.96875
6620,0.84375
6621,0.90625
6622,0.59375
6623,0.84375
6624,0.25
6625,0.875
6626,0.71875
6627,0.28125
6628,0.0625
6629,0.125
6630,0.03125
6631,0.0625
6632,0.6875
6633,0.0625
6634,0.875
6635,0.15625
6636,0.4375
6637,0.4375
6638,0.6875
6639,0.25
6640,0.84375
6641,0.53125
6642,0.65625
6643,0.5625
6644,0.03125
6645,0.40625
6646,0.5625
6647,0.03125
6648,0.8125
6649,0.3125
6650,0.46875
6651,0.375
6652,0.375
6653,0.25
6654,0.375
6655,0.34375
6656,0.8125
6657,0.625
6658,0.84375
6659,0.6875
6660,0.0
6661,0.4375
6662,0.15625
6663,0.4375
6664,0.4375
6665,0.59375
6666,0.0625
6667,0.40625
6668,0.71875
6669,0.40625
6670,0.46875
6671,0.90625
6672,0.75
6673,0.375
6674,0.0625
6675,0.1875
6676,0.71875
6677,0.6875
6678,0.875
6679,0.125
6680,0.6875
6681,0.84375
6682,0.15625
6683,0.1875
6684,0.75
6685,0.5
6686,0.65625
6687,0.375
6688,0.03125
6689,0.34375
6690,0.5
6691,0.40625
6692,0.46875
6693,0.46875
6694,0.0
6695,0.34375
6696,0.09375
6697,0.125
6698,0.84375
6699,0.21875
6700,0.375
6701,0.5625
6702,0.28125
6703,0.34375
6704,0.625
6705,0.5625
6706,0.03125
6707,0.625
6708,0.78125
6709,0.0625
6710,0.1875
6711,0.75
6712,0.5625
6713,0.75
6714,0.4375
6715,0.03125
6716,0.65625
6717,0.625
6718,0.125
6719,0.34375
6720,0.75
6721,0.59375
6722,0.1875
6723,0.5625
6724,0.5
6725,0.1875
6726,0.8125
6727,0.46875
6728,0.65625
6729,0.0
6730,0.34375
6731,0.5625
6732,0.75
6733,0.59375
6734,0.6875
6735,0.8125
6736,0.0625
6737,0.625
6738,0.5625
6739,0.625
6740,0.375
6741,0.25
6742,0.0625
6743,0.59375
6744,0.21875
6745,0.1875
6746,0.15625
6747,0.46875
6748,0.84375
6749,0.09375
6750,0.09375
6751,0.59375
6752,0.53125
6753,0.5
6754,0.09375
6755,0.125
6756,0.84375
6757,0.8125
6758,0.5625
6759,0.3125
6760,0.625
6761,0.28125
6762,0.09375
6763,0.34375
6764,0.59375
6765,0.46875
6766,0.46875
6767,0.0625
6768,0.03125
6769,0.34375
6770,0.8125
6771,0.59375
6772,0.25
6773,0.0625
6774,0.8125
6775,0.5625
6776,0.65625
6777,0.625
6778,0.5625
6779,0.3125
6780,0.40625
6781,0.3125
6782,0.3125
6783,0.71875
6784,0.625
6785,0.03125
6786,0.78125
6787,0.53125
6788,0.46875
6789,0.46875
6790,0.46875
6791,0.125
6792,0.0625
6793,0.65625
6794,0.21875
6795,0.5625
6796,0.53125
6797,0.375
6798,0.125
6799,0.125
6800,0.21875
6801,0.6875
6802,0.28125
6803,0.90625
6804,0.625
6805,0.1875
6806,0.0625
6807,0.5
6808,0.96875
6809,0.4375
6810,0.8125
6811,0.25
6812,0.4375
6813,0.03125
6814,0.03125
6815,0.0625
6816,0.40625
6817,0.1875
6818,0.40625
6819,0.3125
6820,0.34375
6821,0.5625
6822,0.78125
6823,0.875
6824,0.875
6825,0.65625
6826,0.53125
6827,0.21875
6828,0.15625
6829,0.4375
6830,0.65625
6831,0.0625
6832,0.78125
6833,0.25
6834,0.4375
6835,0.34375
6836,0.8125
6837,0.34375
6838,0.0
6839,0.21875
6840,0.3125
6841,0.625
6842,0.0
6843,0.65625
6844,0.09375
6845,0.03125
6846,0.59375
6847,0.6875
6848,0.40625
6849,0.1875
6850,0.1875
6851,0.875
6852,0.375
6853,0.21875
6854,0.53125
6855,0.8125
6856,0.53125
6857,0.625
6858,0.375
6859,0.03125
6860,0.125
6861,0.0
6862,0.3125
6863,0.6875
6864,0.6875
6865,0.34375
6866,0.09375
6867,0.0
6868,0.78125
6869,0.71875
6870,0.15625
6871,0.28125
6872,0.59375
6873,0.5625
6874,0.5625
6875,0.65625
6876,0.375
6877,0.625
6878,0.8125
6879,0.21875
6880,0.84375
6881,0.78125
6882,0.21875
6883,0.9375
6884,0.1875
6885,0.71875
6886,0.40625
6887,0.71875
6888,0.25
6889,0.4375
6890,0.53125
6891,0.375
6892,0.8125
6893,0.125
6894,0.65625
6895,0.40625
6896,0.34375
6897,0.125
6898,0.03125
6899,0.625
6900,0.53125
6901,0.21875
6902,0.03125
6903,0.3125
6904,0.3125
6905,0.1875
6906,0.8125
6907,0.5
6908,0.5625
6909,0.0625
6910,0.65625
6911,0.09375
6912,0.625
6913,0.15625
6914,0.65625
6915,0.5
6916,0.4375
6917,0.21875
6918,0.1875
6919,0.0625
6920,0.625
6921,0.53125
6922,0.03125
6923,0.1875
6924,0.09375
6925,0.65625
6926,0.59375
6927,0.71875
6928,0.3125
6929,0.53125
6930,0.125
6931,0.4375
6932,0.4375
6933,0.3125
6934,0.25
6935,0.28125
6936,0.8125
6937,0.4375
6938,0.0625
6939,0.0625
6940,0.71875
6941,0.28125
6942,0.71875
6943,0.0625
6944,0.0625
6945,0.5625
6946,0.5625
6947,0.1875
6948,0.6875
6949,0.5625
6950,0.125
6951,0.46875
6952,0.53125
6953,0.0625
6954,0.28125
6955,0.46875
6956,0.03125
6957,0.65625
6958,0.375
6959,0.78125
6960,0.125
6961,0.25
6962,0.71875
6963,0.28125
6964,0.4375
6965,0.125
6966,0.15625
6967,0.21875
6968,0.125
6969,0.78125
6970,0.6875
6971,0.78125
6972,0.1875
6973,0.8125
6974,0.125
6975,0.09375
6976,0.46875
6977,0.1875
6978,0.5
6979,0.53125
6980,0.0
6981,0.1875
6982,0.1875
6983,0.03125
6984,0.25
6985,0.84375
6986,0.90625
6987,0.6875
6988,0.625
6989,0.96875
6990,0.375
6991,0.375
6992,0.0625
6993,0.1875
6994,0.71875
6995,0.84375
6996,0.59375
6997,0.59375
6998,0.1875
6999,0.34375
7000,0.6875
7001,0.84375
7002,0.65625
7003,0.1875
7004,0.25
7005,0.46875
7006,0.6875
7007,0.25
7008,0.09375
7009,0.03125
7010,0.4375
7011,0.4375
7012,0.59375
7013,0.375
7014,0.5
7015,0.59375
7016,0.78125
7017,0.59375
7018,0.125
7019,0.0
7020,0.46875
7021,0.71875
7022,0.6875
7023,0.3125
7024,0.09375
7025,0.03125
7026,0.96875
7027,0.875
7028,0.25
7029,0.5
7030,0.3125
7031,0.4375
7032,0.3125
7033,0.25
7034,0.1875
7035,0.75
7036,0.53125
7037,0.28125
7038,0.40625
7039,0.4375
7040,0.5625
7041,0.15625
7042,0.21875
7043,0.625
7044,0.09375
7045,0.125
7046,0.15625
7047,0.65625
7048,0.8125
7049,0.125
7050,0.53125
7051,0.5
7052,0.53125
7053,0.03125
7054,0.125
7055,0.4375
7056,0.59375
7057,0.03125
7058,0.34375
7059,0.21875
7060,0.28125
7061,0.5625
7062,0.875
7063,0.6875
7064,0.5625
7065,0.03125
7066,0.5
7067,0.15625
7068,0.46875
7069,0.25
7070,0.0625
7071,0.34375
7072,0.125
7073,0.34375
7074,0.78125
7075,0.625
7076,0.5625
7077,0.59375
7078,0.75
7079,0.8125
7080,0.78125
7081,0.28125
7082,0.25
7083,0.625
7084,0.8125
7085,0.625
7086,0.65625
7087,0.46875
7088,0.53125
7089,0.15625
7090,0.5
7091,0.4375
7092,0.90625
7093,0.625
7094,0.46875
7095,0.3125
7096,0.875
7097,0.53125
7098,0.53125
7099,0.75
7100,0.59375
7101,0.40625
7102,0.65625
7103,0.375
7104,0.25
7105,0.1875
7106,0.40625
7107,0.09375
7108,0.03125
7109,0.21875
7110,0.59375
7111,0.71875
7112,0.59375
7113,0.21875
7114,0.5
7115,0.0
7116,0.5
7117,0.46875
7118,0.34375
7119,0.03125
7120,0.5
7121,0.6875
7122,0.6875
7123,0.5625
7124,0.4375
7125,0.25
7126,0.40625
7127,0.0625
7128,0.1875
7129,0.5625
7130,0.5625
7131,0.25
7132,0.4375
7133,0.0
7134,0.03125
7135,0.4375
7136,0.5
7137,0.09375
7138,0.90625
7139,0.1875
7140,0.1875
7141,0.09375
7142,0.34375
7143,0.59375
7144,0.46875
7145,0.03125
7146,0.6875
7147,0.375
7148,0.5
7149,0.4375
7150,0.15625
7151,0.21875
7152,0.0625
7153,0.5625
7154,0.71875
7155,0.84375
7156,0.78125
7157,0.78125
7158,0.75
7159,0.53125
7160,0.25
7161,0.09375
7162,0.28125
7163,0.46875
7164,0.65625
7165,0.53125
7166,0.5625
7167,0.1875
7168,0.8125
7169,0.28125
7170,0.09375
7171,0.25
7172,0.125
7173,0.40625
7174,0.84375
7175,0.125
7176,0.53125
7177,0.03125
7178,0.28125
7179,0.15625
7180,0.5625
7181,0.8125
7182,0.53125
7183,0.5
7184,0.21875
7185,0.5
7186,0.25
7187,0.875
7188,0.3125
7189,0.90625
7190,0.5625
7191,0.46875
7192,0.3125
7193,0.375
7194,0.03125
7195,0.1875
7196,0.03125
7197,0.59375
7198,0.125
7199,0.53125
7200,0.53125
7201,0.6875
7202,0.34375
7203,0.59375
7204,0.5
7205,0.65625
7206,0.46875
7207,0.09375
7208,0.4375
7209,0.09375
7210,0.15625
7211,0.53125
7212,0.34375
7213,0.9375
7214,0.5
7215,0.5
7216,0.1875
7217,0.65625
7218,0.78125
7219,0.6875
7220,0.125
7221,0.65625
7222,0.1875
7223,0.5
7224,0.25
7225,0.28125
7226,0.09375
7227,0.78125
7228,0.6875
7229,0.0625
7230,0.3125
7231,0.71875
7232,0.46875
7233,0.46875
7234,0.53125
7235,0.4375
7236,0.21875
7237,0.375
7238,0.6875
7239,0.8125
7240,0.65625
7241,0.875
7242,0.75
7243,0.6875
7244,0.90625
7245,0.8125
7246,0.21875
7247,0.3125
7248,0.8125
7249,0.21875
7250,0.34375
7251,0.125
7252,0.6875
7253,0.5625
7254,0.0625
7255,0.3125
7256,0.03125
7257,0.3125
7258,0.46875
7259,0.5625
7260,0.53125
7261,0.09375
7262,0.15625
7263,0.25
7264,0.65625
7265,0.125
7266,0.4375
7267,0.875
7268,0.15625
7269,0.25
7270,0.15625
7271,0.40625
7272,0.46875
7273,0.375
7274,0.40625
7275,0.34375
7276,0.28125
7277,0.0625
7278,0.03125
7279,0.09375
7280,0.71875
7281,0.90625
7282,0.0625
7283,0.6875
7284,0.875
7285,0.40625
7286,0.875
7287,0.5
7288,0.46875
7289,0.25
7290,0.3125
7291,0.5
7292,0.9375
7293,0.65625
7294,0.59375
7295,0.78125
7296,0.65625
7297,0.5
7298,0.5625
7299,0.375
7300,0.5
7301,0.6875
7302,0.40625
7303,0.28125
7304,0.5
7305,0.5
7306,0.0625
7307,0.34375
7308,0.15625
7309,0.375
7310,0.34375
7311,0.65625
7312,0.0625
7313,0.4375
7314,0.3125
7315,0.03125
7316,0.3125
7317,0.65625
7318,0.75
7319,0.1875
7320,0.53125
7321,0.71875
7322,0.46875
7323,0.8125
7324,0.65625
7325,0.34375
7326,0.625
7327,0.125
7328,0.15625
7329,0.09375
7330,0.3125
7331,0.4375
7332,0.46875
7333,0.375
7334,0.09375
7335,0.65625
7336,0.25
7337,0.53125
7338,0.53125
7339,0.5625
7340,0.65625
7341,0.78125
7342,0.75
7343,0.71875
7344,0.09375
7345,0.53125
7346,0.0
7347,0.75
7348,0.125
7349,0.46875
7350,0.5625
7351,0.5625
7352,0.71875
7353,0.59375
7354,0.75
7355,0.09375
7356,0.21875
7357,0.75
7358,0.71875
7359,0.15625
7360,0.6875
7361,0.8125
7362,0.40625
7363,0.75
7364,0.0625
7365,0.5625
7366,0.59375
7367,0.1875
7368,0.25
7369,0.90625
7370,0.53125
7371,0.5
7372,0.78125
7373,0.5625
7374,0.0
7375,0.40625
7376,0.53125
7377,0.375
7378,0.28125
7379,0.59375
7380,0.3125
7381,0.15625
7382,0.46875
7383,0.3125
7384,0.5
7385,0.1875
7386,0.0
7387,0.6875
7388,0.34375
7389,0.8125
7390,0.65625
7391,0.5
7392,0.09375
7393,0.875
7394,0.53125
7395,0.3125
7396,0.1875
7397,0.1875
7398,0.1875
7399,0.25
7400,0.53125
7401,0.375
7402,0.5
7403,0.53125
7404,0.34375
7405,0.5
7406,0.625
7407,0.78125
7408,0.0625
7409,0.84375
7410,0.53125
7411,0.28125
7412,0.5
7413,0.25
7414,0.5625
7415,0.75
7416,0.75
7417,0.6875
7418,0.21875
7419,0.21875
7420,0.375
7421,0.03125
7422,0.375
7423,0.40625
7424,0.5
7425,0.5
7426,0.59375
7427,0.875
7428,0.71875
7429,0.6875
7430,0.5625
7431,0.5625
7432,0.15625
7433,0.65625
7434,0.3125
7435,0.59375
7436,0.125
7437,0.71875
7438,0.15625
7439,0.09375
7440,0.1875
7441,0.53125
7442,0.125
7443,0.46875
7444,0.34375
7445,0.125
7446,0.5
7447,0.0625
7448,0.09375
7449,0.59375
7450,0.75
7451,0.71875
7452,0.21875
7453,0.125
7454,0.6875
7455,0.375
7456,0.75
7457,0.6875
7458,0.625
7459,0.3125
7460,0.28125
7461,0.0625
7462,0.0625
7463,0.21875
7464,0.375
7465,0.75
7466,0.28125
7467,0.4375
7468,0.25
7469,0.0
7470,0.40625
7471,0.53125
7472,0.84375
7473,0.6875
7474,0.71875
7475,0.65625
7476,0.34375
7477,0.40625
7478,0.5
7479,0.71875
7480,0.4375
7481,0.4375
7482,0.71875
7483,0.71875
7484,0.5
7485,0.09375
7486,0.6875
7487,0.125
7488,0.5625
7489,0.6875
7490,0.71875
7491,0.3125
7492,0.1875
7493,0.40625
7494,0.65625
7495,0.09375
7496,0.53125
7497,0.5625
7498,0.1875
7499,0.125
7500,0.625
7501,0.0
7502,0.6875
7503,0.53125
7504,0.40625
7505,0.09375
7506,0.15625
7507,0.15625
7508,0.8125
7509,0.5625
7510,0.46875
7511,0.34375
7512,0.1875
7513,0.09375
7514,0.625
7515,0.21875
7516,0.625
7517,0.28125
7518,0.34375
7519,0.03125
7520,0.46875
7521,0.71875
7522,0.25
7523,0.1875
7524,0.78125
7525,0.25
7526,0.75
7527,0.6875
7528,0.3125
7529,0.03125
7530,0.03125
7531,0.03125
7532,0.375
7533,0.40625
7534,0.40625
7535,0.53125
7536,0.15625
7537,0.03125
7538,0.625
7539,0.90625
7540,0.90625
7541,0.6875
7542,0.5625
7543,0.28125
7544,0.0625
7545,0.6875
7546,0.5625
7547,0.375
7548,0.78125
7549,0.375
7550,0.0625
7551,0.5
7552,0.75
7553,0.40625
7554,0.03125
7555,0.8125
7556,0.71875
7557,0.6875
7558,0.71875
7559,0.09375
7560,0.40625
7561,0.46875
7562,0.375
7563,0.59375
7564,0.375
7565,0.0
7566,0.21875
7567,0.0625
7568,0.6875
7569,0.09375
7570,0.6875
7571,0.6875
7572,0.09375
7573,0.8125
7574,0.25
7575,0.15625
7576,0.21875
7577,0.3125
7578,0.40625
7579,0.09375
7580,0.0625
7581,0.15625
7582,0.40625
7583,0.21875
7584,0.40625
7585,0.03125
7586,0.4375
7587,0.90625
7588,0.0625
7589,0.84375
7590,0.625
7591,0.25
7592,0.34375
7593,0.65625
7594,0.375
7595,0.25
7596,0.34375
7597,0.09375
7598,0.5625
7599,0.0625
7600,0.40625
7601,0.1875
7602,0.59375
7603,0.84375
7604,0.40625
7605,0.8125
7606,0.34375
7607,0.65625
7608,0.59375
7609,0.1875
7610,0.6875
7611,0.75
7612,0.0
7613,0.65625
7614,0.71875
7615,0.78125
7616,0.75
7617,0.125
7618,0.46875
7619,0.34375
7620,0.40625
7621,0.09375
7622,0.25
7623,0.3125
7624,0.84375
7625,0.5
7626,0.25
7627,0.5625
7628,0.75
7629,0.65625
7630,0.15625
7631,0.96875
7632,0.21875
7633,0.09375
7634,0.40625
7635,0.0
7636,0.4375
7637,0.5625
7638,0.65625
7639,0.15625
7640,0.21875
7641,0.5
7642,0.46875
7643,0.40625
7644,0.0625
7645,0.4375
7646,0.25
7647,0.46875
7648,0.8125
7649,0.53125
7650,0.8125
7651,0.3125
7652,0.34375
7653,0.03125
7654,0.09375
7655,0.4375
7656,0.78125
7657,0.46875
7658,0.375
7659,0.75
7660,0.375
7661,0.6875
7662,0.03125
7663,0.53125
7664,0.25
7665,0.5
7666,0.3125
7667,0.4375
7668,0.4375
7669,0.34375
7670,0.0625
7671,0.78125
7672,0.34375
7673,0.6875
7674,0.21875
7675,0.25
7676,0.21875
7677,0.25
7678,0.25
7679,0.21875
7680,0.40625
7681,0.5
7682,0.3125
7683,0.15625
7684,0.40625
7685,0.40625
7686,0.59375
7687,0.25
7688,0.0625
7689,0.4375
7690,0.59375
7691,0.03125
7692,0.25
