,Absolute Magnetisations Per Spin
0,0.0
1,0.1875
2,0.125
3,0.03125
4,0.0
5,0.09375
6,0.25
7,0.09375
8,0.1875
9,0.09375
10,0.0625
11,0.125
12,0.28125
13,0.21875
14,0.28125
15,0.28125
16,0.625
17,0.40625
18,0.21875
19,0.0625
20,0.3125
21,0.375
22,0.15625
23,0.03125
24,0.15625
25,0.1875
26,0.1875
27,0.21875
28,0.1875
29,0.5
30,0.21875
31,0.3125
32,0.25
33,0.1875
34,0.375
35,0.3125
36,0.25
37,0.125
38,0.25
39,0.59375
40,0.53125
41,0.40625
42,0.46875
43,0.65625
44,0.4375
45,0.5
46,0.65625
47,0.65625
48,0.65625
49,0.65625
50,0.5
51,0.5
52,0.5625
53,0.5625
54,0.25
55,0.21875
56,0.25
57,0.25
58,0.1875
59,0.28125
60,0.34375
61,0.375
62,0.09375
63,0.03125
64,0.3125
65,0.34375
66,0.3125
67,0.375
68,0.15625
69,0.09375
70,0.0625
71,0.0625
72,0.0
73,0.0
74,0.03125
75,0.125
76,0.0
77,0.0
78,0.1875
79,0.4375
80,0.59375
81,0.4375
82,0.5
83,0.28125
84,0.125
85,0.03125
86,0.0
87,0.03125
88,0.25
89,0.25
90,0.375
91,0.5
92,0.75
93,0.59375
94,0.59375
95,0.875
96,0.96875
97,0.9375
98,0.84375
99,0.875
100,0.8125
101,0.9375
102,0.9375
103,0.90625
104,0.71875
105,0.3125
106,0.21875
107,0.1875
108,0.0625
109,0.0625
110,0.03125
111,0.0625
112,0.125
113,0.125
114,0.21875
115,0.03125
116,0.15625
117,0.125
118,0.3125
119,0.3125
120,0.28125
121,0.1875
122,0.09375
123,0.0625
124,0.09375
125,0.46875
126,0.46875
127,0.28125
128,0.4375
129,0.5625
130,0.28125
131,0.34375
132,0.3125
133,0.25
134,0.15625
135,0.3125
136,0.21875
137,0.125
138,0.28125
139,0.53125
140,0.5625
141,0.53125
142,0.53125
143,0.75
144,0.65625
145,0.75
146,0.78125
147,0.46875
148,0.34375
149,0.4375
150,0.40625
151,0.4375
152,0.34375
153,0.0
154,0.21875
155,0.40625
156,0.46875
157,0.34375
158,0.3125
159,0.1875
160,0.1875
161,0.25
162,0.34375
163,0.46875
164,0.46875
165,0.46875
166,0.34375
167,0.1875
168,0.03125
169,0.03125
170,0.0625
171,0.15625
172,0.0
173,0.1875
174,0.09375
175,0.4375
176,0.5625
177,0.53125
178,0.34375
179,0.3125
180,0.34375
181,0.40625
182,0.15625
183,0.0
184,0.15625
185,0.0625
186,0.1875
187,0.28125
188,0.28125
189,0.125
190,0.09375
191,0.03125
192,0.0625
193,0.1875
194,0.40625
195,0.65625
196,0.65625
197,0.71875
198,0.875
199,0.90625
200,0.9375
201,0.6875
202,0.6875
203,0.5625
204,0.34375
205,0.28125
206,0.21875
207,0.4375
208,0.40625
209,0.65625
210,0.75
211,0.6875
212,0.78125
213,0.78125
214,0.78125
215,0.8125
216,0.75
217,0.8125
218,0.71875
219,0.71875
220,0.625
221,0.5625
222,0.28125
223,0.25
224,0.25
225,0.40625
226,0.375
227,0.53125
228,0.53125
229,0.34375
230,0.5
231,0.21875
232,0.03125
233,0.125
234,0.21875
235,0.21875
236,0.21875
237,0.21875
238,0.4375
239,0.3125
240,0.3125
241,0.4375
242,0.46875
243,0.34375
244,0.21875
245,0.25
246,0.625
247,0.5
248,0.59375
249,0.5625
250,0.4375
251,0.125
252,0.125
253,0.125
254,0.0
255,0.0
256,0.09375
257,0.03125
258,0.25
259,0.34375
260,0.3125
261,0.53125
262,0.59375
263,0.625
264,0.65625
265,0.5625
266,0.75
267,0.5625
268,0.5625
269,0.5625
270,0.40625
271,0.375
272,0.4375
273,0.75
274,0.53125
275,0.59375
276,0.59375
277,0.21875
278,0.0625
279,0.15625
280,0.0
281,0.125
282,0.0625
283,0.03125
284,0.09375
285,0.0625
286,0.1875
287,0.21875
288,0.15625
289,0.0625
290,0.09375
291,0.21875
292,0.28125
293,0.28125
294,0.375
295,0.25
296,0.25
297,0.34375
298,0.21875
299,0.28125
300,0.15625
301,0.21875
302,0.1875
303,0.03125
304,0.125
305,0.5
306,0.34375
307,0.40625
308,0.3125
309,0.34375
310,0.21875
311,0.3125
312,0.03125
313,0.21875
314,0.0625
315,0.21875
316,0.03125
317,0.125
318,0.15625
319,0.21875
320,0.125
321,0.5
322,0.59375
323,0.375
324,0.46875
325,0.6875
326,0.53125
327,0.40625
328,0.375
329,0.21875
330,0.3125
331,0.34375
332,0.625
333,0.5
334,0.34375
335,0.15625
336,0.25
337,0.1875
338,0.375
339,0.4375
340,0.5625
341,0.65625
342,0.65625
343,0.5625
344,0.28125
345,0.15625
346,0.0625
347,0.28125
348,0.4375
349,0.3125
350,0.21875
351,0.15625
352,0.125
353,0.03125
354,0.0
355,0.375
356,0.21875
357,0.375
358,0.34375
359,0.28125
360,0.0625
361,0.03125
362,0.25
363,0.375
364,0.34375
365,0.25
366,0.34375
367,0.125
368,0.25
369,0.0
370,0.25
371,0.125
372,0.34375
373,0.59375
374,0.5625
375,0.40625
376,0.46875
377,0.375
378,0.125
379,0.40625
380,0.65625
381,0.6875
382,0.6875
383,0.71875
384,0.5
385,0.40625
386,0.40625
387,0.53125
388,0.6875
389,0.78125
390,0.8125
391,0.875
392,0.8125
393,0.59375
394,0.40625
395,0.34375
396,0.46875
397,0.65625
398,0.5625
399,0.46875
400,0.5
401,0.65625
402,0.75
403,0.84375
404,0.65625
405,0.625
406,0.53125
407,0.8125
408,0.6875
409,0.8125
410,0.75
411,0.625
412,0.78125
413,0.875
414,0.84375
415,0.75
416,0.6875
417,0.6875
418,0.59375
419,0.59375
420,0.65625
421,0.4375
422,0.4375
423,0.4375
424,0.34375
425,0.28125
426,0.34375
427,0.3125
428,0.0625
429,0.0625
430,0.0625
431,0.125
432,0.03125
433,0.125
434,0.03125
435,0.21875
436,0.15625
437,0.1875
438,0.15625
439,0.0625
440,0.03125
441,0.0625
442,0.15625
443,0.21875
444,0.3125
445,0.5625
446,0.6875
447,0.8125
448,0.8125
449,0.78125
450,0.5
451,0.3125
452,0.5
453,0.40625
454,0.3125
455,0.15625
456,0.03125
457,0.125
458,0.21875
459,0.4375
460,0.46875
461,0.03125
462,0.15625
463,0.0625
464,0.0625
465,0.21875
466,0.40625
467,0.4375
468,0.125
469,0.1875
470,0.0625
471,0.125
472,0.0625
473,0.03125
474,0.03125
475,0.21875
476,0.0
477,0.09375
478,0.1875
479,0.4375
480,0.5
481,0.40625
482,0.25
483,0.3125
484,0.3125
485,0.03125
486,0.125
487,0.0
488,0.0625
489,0.09375
490,0.03125
491,0.21875
492,0.0625
493,0.0625
494,0.09375
495,0.0
496,0.15625
497,0.15625
498,0.21875
499,0.25
500,0.28125
501,0.21875
502,0.0
503,0.15625
504,0.25
505,0.15625
506,0.03125
507,0.0
508,0.125
509,0.1875
510,0.3125
511,0.375
512,0.59375
513,0.625
514,0.28125
515,0.25
516,0.46875
517,0.5625
518,0.5
519,0.4375
520,0.53125
521,0.28125
522,0.5
523,0.5
524,0.46875
525,0.4375
526,0.59375
527,0.75
528,0.53125
529,0.53125
530,0.1875
531,0.03125
532,0.15625
533,0.125
534,0.21875
535,0.21875
536,0.375
537,0.40625
538,0.1875
539,0.4375
540,0.5625
541,0.53125
542,0.3125
543,0.09375
544,0.0625
545,0.125
546,0.03125
547,0.0625
548,0.09375
549,0.0625
550,0.0
551,0.15625
552,0.15625
553,0.28125
554,0.3125
555,0.40625
556,0.65625
557,0.59375
558,0.59375
559,0.5625
560,0.46875
561,0.5
562,0.34375
563,0.5
564,0.6875
565,0.53125
566,0.46875
567,0.625
568,0.59375
569,0.5625
570,0.75
571,0.625
572,0.78125
573,0.65625
574,0.46875
575,0.5625
576,0.625
577,0.46875
578,0.3125
579,0.5
580,0.25
581,0.3125
582,0.15625
583,0.0625
584,0.21875
585,0.09375
586,0.03125
587,0.4375
588,0.71875
589,0.59375
590,0.5
591,0.53125
592,0.53125
593,0.15625
594,0.21875
595,0.25
596,0.40625
597,0.28125
598,0.4375
599,0.4375
600,0.3125
601,0.125
602,0.15625
603,0.3125
604,0.34375
605,0.4375
606,0.59375
607,0.40625
608,0.375
609,0.28125
610,0.4375
611,0.125
612,0.34375
613,0.4375
614,0.40625
615,0.40625
616,0.4375
617,0.5
618,0.4375
619,0.1875
620,0.28125
621,0.09375
622,0.1875
623,0.0625
624,0.03125
625,0.03125
626,0.0625
627,0.21875
628,0.21875
629,0.40625
630,0.21875
631,0.0625
632,0.125
633,0.21875
634,0.3125
635,0.3125
636,0.28125
637,0.125
638,0.0625
639,0.1875
640,0.09375
641,0.28125
642,0.25
643,0.125
644,0.1875
645,0.25
646,0.3125
647,0.3125
648,0.0625
649,0.3125
650,0.03125
651,0.0
652,0.125
653,0.09375
654,0.0625
655,0.125
656,0.0
657,0.125
658,0.09375
659,0.09375
660,0.34375
661,0.4375
662,0.21875
663,0.4375
664,0.15625
665,0.09375
666,0.21875
667,0.125
668,0.3125
669,0.46875
670,0.46875
671,0.25
672,0.46875
673,0.53125
674,0.5
675,0.75
676,0.71875
677,0.625
678,0.5625
679,0.5625
680,0.46875
681,0.5625
682,0.46875
683,0.78125
684,0.625
685,0.71875
686,0.875
687,0.96875
688,0.875
689,0.5625
690,0.375
691,0.4375
692,0.53125
693,0.625
694,0.4375
695,0.3125
696,0.40625
697,0.5625
698,0.78125
699,0.8125
700,0.5625
701,0.28125
702,0.4375
703,0.4375
704,0.53125
705,0.4375
706,0.40625
707,0.625
708,0.5
709,0.46875
710,0.21875
711,0.40625
712,0.46875
713,0.28125
714,0.3125
715,0.25
716,0.15625
717,0.125
718,0.15625
719,0.28125
720,0.53125
721,0.40625
722,0.625
723,0.46875
724,0.375
725,0.40625
726,0.3125
727,0.4375
728,0.21875
729,0.3125
730,0.125
731,0.46875
732,0.5625
733,0.5625
734,0.71875
735,0.40625
736,0.71875
737,0.6875
738,0.65625
739,0.53125
740,0.625
741,0.4375
742,0.75
743,0.625
744,0.78125
745,0.8125
746,0.84375
747,0.78125
748,0.84375
749,0.84375
750,0.8125
751,0.625
752,0.8125
753,0.6875
754,0.75
755,0.78125
756,0.75
757,0.625
758,0.53125
759,0.53125
760,0.53125
761,0.34375
762,0.34375
763,0.34375
764,0.15625
765,0.5
766,0.40625
767,0.1875
768,0.0
769,0.40625
770,0.4375
771,0.375
772,0.46875
773,0.5
774,0.28125
775,0.125
776,0.3125
777,0.375
778,0.375
779,0.46875
780,0.1875
781,0.15625
782,0.15625
783,0.15625
784,0.40625
785,0.625
786,0.5
787,0.46875
788,0.3125
789,0.1875
790,0.34375
791,0.46875
792,0.5625
793,0.5
794,0.6875
795,0.71875
796,0.6875
797,0.875
798,0.6875
799,0.71875
800,0.8125
801,0.78125
802,0.84375
803,0.84375
804,0.9375
805,0.8125
806,0.875
807,0.78125
808,0.6875
809,0.6875
810,0.75
811,0.75
812,0.625
813,0.78125
814,0.65625
815,0.6875
816,0.5625
817,0.3125
818,0.09375
819,0.09375
820,0.09375
821,0.125
822,0.09375
823,0.3125
824,0.4375
825,0.34375
826,0.53125
827,0.28125
828,0.21875
829,0.09375
830,0.09375
831,0.1875
832,0.34375
833,0.125
834,0.15625
835,0.0625
836,0.1875
837,0.3125
838,0.28125
839,0.375
840,0.3125
841,0.1875
842,0.0625
843,0.15625
844,0.09375
845,0.375
846,0.28125
847,0.625
848,0.59375
849,0.625
850,0.5625
851,0.625
852,0.8125
853,0.59375
854,0.53125
855,0.5625
856,0.4375
857,0.1875
858,0.03125
859,0.1875
860,0.09375
861,0.25
862,0.25
863,0.21875
864,0.0
865,0.0625
866,0.09375
867,0.4375
868,0.3125
869,0.53125
870,0.4375
871,0.40625
872,0.5
873,0.3125
874,0.03125
875,0.03125
876,0.3125
877,0.125
878,0.28125
879,0.375
880,0.53125
881,0.53125
882,0.40625
883,0.28125
884,0.34375
885,0.03125
886,0.1875
887,0.25
888,0.375
889,0.46875
890,0.59375
891,0.34375
892,0.28125
893,0.3125
894,0.40625
895,0.3125
896,0.0625
897,0.03125
898,0.09375
899,0.15625
900,0.0625
901,0.21875
902,0.28125
903,0.1875
904,0.46875
905,0.53125
906,0.25
907,0.375
908,0.46875
909,0.15625
910,0.0625
911,0.1875
912,0.1875
913,0.03125
914,0.09375
915,0.28125
916,0.25
917,0.0
918,0.0625
919,0.0625
920,0.0
921,0.0
922,0.15625
923,0.21875
924,0.375
925,0.15625
926,0.0625
927,0.21875
928,0.1875
929,0.1875
930,0.1875
931,0.09375
932,0.21875
933,0.15625
934,0.375
935,0.25
936,0.15625
937,0.375
938,0.0625
939,0.09375
940,0.0625
941,0.03125
942,0.3125
943,0.09375
944,0.0625
945,0.125
946,0.0625
947,0.0625
948,0.09375
949,0.0625
950,0.1875
951,0.0625
952,0.46875
953,0.5
954,0.25
955,0.5625
956,0.5625
957,0.4375
958,0.28125
959,0.09375
960,0.1875
961,0.03125
962,0.0625
963,0.1875
964,0.21875
965,0.3125
966,0.25
967,0.25
968,0.40625
969,0.0625
970,0.15625
971,0.25
972,0.5
973,0.625
974,0.625
975,0.46875
976,0.53125
977,0.25
978,0.125
979,0.09375
980,0.25
981,0.59375
982,0.46875
983,0.03125
984,0.03125
985,0.375
986,0.46875
987,0.75
988,0.71875
989,0.59375
990,0.6875
991,0.59375
992,0.59375
993,0.59375
994,0.6875
995,0.4375
996,0.59375
997,0.65625
998,0.53125
999,0.53125
