,Absolute Magnetisations Per Spin
0,1.0
1,0.90625
2,1.0
3,0.96875
4,0.78125
5,1.0
6,1.0
7,0.90625
8,1.0
9,0.96875
10,0.96875
11,0.875
12,1.0
13,0.96875
14,1.0
15,1.0
16,0.9375
17,0.96875
18,0.96875
19,0.96875
20,1.0
21,0.96875
22,0.96875
23,0.96875
24,1.0
25,1.0
26,1.0
27,1.0
28,1.0
29,1.0
30,0.90625
31,1.0
32,1.0
33,0.84375
34,0.96875
35,0.9375
36,1.0
37,1.0
38,0.9375
39,1.0
40,1.0
41,0.96875
42,1.0
43,0.96875
44,1.0
45,1.0
46,1.0
47,1.0
48,0.9375
49,1.0
50,0.96875
51,1.0
52,1.0
53,0.96875
54,0.96875
55,0.875
56,0.96875
57,0.96875
58,1.0
59,0.96875
60,0.96875
61,1.0
62,1.0
63,0.96875
64,0.96875
65,1.0
66,1.0
67,0.9375
68,0.96875
69,1.0
70,1.0
71,1.0
72,1.0
73,0.96875
74,0.96875
75,1.0
76,0.9375
77,0.90625
78,0.90625
79,0.96875
80,0.96875
81,0.96875
82,0.9375
83,0.96875
84,1.0
85,0.90625
86,1.0
87,1.0
88,1.0
89,1.0
90,0.96875
91,1.0
92,1.0
93,1.0
94,1.0
95,0.96875
96,1.0
97,1.0
98,1.0
99,0.9375
100,0.90625
101,1.0
102,1.0
103,1.0
104,0.90625
105,1.0
106,0.9375
107,1.0
108,0.875
109,1.0
110,1.0
111,1.0
112,0.96875
113,0.96875
114,1.0
115,0.96875
116,1.0
117,0.96875
118,1.0
119,1.0
120,0.96875
121,0.9375
122,1.0
123,1.0
124,1.0
125,0.9375
126,0.96875
127,0.84375
128,1.0
129,1.0
130,1.0
131,1.0
132,1.0
133,1.0
134,1.0
135,1.0
136,0.96875
137,0.9375
138,1.0
139,1.0
140,0.96875
141,0.96875
142,1.0
143,1.0
144,1.0
145,1.0
146,0.9375
147,1.0
148,0.96875
149,1.0
150,1.0
151,1.0
152,0.96875
153,0.9375
154,0.96875
155,1.0
156,1.0
157,1.0
158,1.0
159,1.0
160,1.0
161,0.96875
162,1.0
163,1.0
164,0.96875
165,1.0
166,1.0
167,1.0
168,1.0
169,1.0
170,0.96875
171,1.0
172,1.0
173,1.0
174,0.96875
175,0.875
176,1.0
177,0.90625
178,1.0
179,1.0
180,0.96875
181,0.96875
182,0.96875
183,1.0
184,1.0
185,0.90625
186,0.9375
187,0.90625
188,0.96875
189,1.0
190,1.0
191,0.96875
192,0.96875
193,1.0
194,0.9375
195,1.0
196,1.0
197,0.96875
198,0.96875
199,0.96875
200,1.0
201,0.90625
202,1.0
203,0.96875
204,1.0
205,0.96875
206,0.96875
207,0.96875
208,0.96875
209,0.96875
210,1.0
211,0.96875
212,1.0
213,1.0
214,1.0
215,1.0
216,0.9375
217,1.0
218,1.0
219,0.96875
220,0.9375
221,1.0
222,0.96875
223,0.96875
224,0.96875
225,1.0
226,0.9375
227,1.0
228,1.0
229,0.96875
230,0.9375
231,1.0
232,1.0
233,1.0
234,0.96875
235,0.96875
236,0.96875
237,0.96875
238,1.0
239,1.0
240,1.0
241,1.0
242,0.9375
243,0.9375
244,1.0
245,0.96875
246,1.0
247,1.0
248,1.0
249,1.0
250,0.90625
251,0.96875
252,1.0
253,1.0
254,1.0
255,0.96875
256,0.90625
257,0.96875
258,1.0
259,1.0
260,1.0
261,0.96875
262,0.96875
263,1.0
264,0.96875
265,0.875
266,1.0
267,1.0
268,1.0
269,0.96875
270,1.0
271,0.96875
272,1.0
273,0.9375
274,0.96875
275,1.0
276,0.9375
277,1.0
278,1.0
279,1.0
280,1.0
281,1.0
282,1.0
283,0.8125
284,1.0
285,1.0
286,1.0
287,1.0
288,0.96875
289,0.9375
290,0.84375
291,1.0
292,1.0
293,0.96875
294,0.96875
295,0.96875
296,1.0
297,0.90625
298,0.96875
299,0.96875
300,1.0
301,0.96875
302,1.0
303,1.0
304,1.0
305,1.0
306,0.96875
307,1.0
308,1.0
309,0.96875
310,0.96875
311,1.0
312,0.96875
313,1.0
314,1.0
315,0.9375
316,0.9375
317,0.96875
318,0.9375
319,1.0
320,0.9375
321,1.0
322,1.0
323,0.9375
324,1.0
325,0.96875
326,0.9375
327,0.96875
328,1.0
329,1.0
330,1.0
331,0.96875
332,0.9375
333,0.9375
334,0.96875
335,1.0
336,0.96875
337,0.96875
338,1.0
339,1.0
340,1.0
341,1.0
342,0.96875
343,1.0
344,1.0
345,0.96875
346,1.0
347,0.9375
348,0.9375
349,1.0
350,0.9375
351,1.0
352,1.0
353,0.96875
354,1.0
355,1.0
356,0.90625
357,0.9375
358,1.0
359,1.0
360,0.96875
361,1.0
362,1.0
363,1.0
364,0.96875
365,0.96875
366,0.96875
367,0.96875
368,0.9375
369,1.0
370,1.0
371,0.96875
372,0.90625
373,1.0
374,1.0
375,0.90625
376,1.0
377,1.0
378,1.0
379,1.0
380,1.0
381,0.90625
382,0.90625
383,1.0
384,0.8125
385,0.96875
386,1.0
387,1.0
388,1.0
389,1.0
390,1.0
391,1.0
392,0.9375
393,1.0
394,0.9375
395,0.90625
396,0.96875
397,0.9375
398,0.9375
399,1.0
400,1.0
401,1.0
402,1.0
403,1.0
404,1.0
405,1.0
406,1.0
407,0.96875
408,0.96875
409,1.0
410,1.0
411,0.96875
412,1.0
413,0.90625
414,1.0
415,0.9375
416,1.0
417,1.0
418,0.90625
419,1.0
420,0.9375
421,1.0
422,0.9375
423,1.0
424,1.0
425,1.0
426,1.0
427,1.0
428,0.96875
429,0.96875
430,1.0
431,1.0
432,1.0
433,0.96875
434,1.0
435,0.96875
436,1.0
437,0.875
438,0.96875
439,0.96875
440,1.0
441,1.0
442,0.96875
443,1.0
444,0.90625
445,1.0
446,0.9375
447,1.0
448,1.0
449,1.0
450,1.0
451,0.90625
452,1.0
453,1.0
454,1.0
455,0.96875
456,0.96875
457,1.0
458,1.0
459,1.0
460,0.84375
461,1.0
462,1.0
463,0.8125
464,0.96875
465,1.0
466,1.0
467,0.90625
468,1.0
469,0.90625
470,0.96875
471,0.96875
472,1.0
473,1.0
474,1.0
475,1.0
476,0.9375
477,1.0
478,1.0
479,1.0
480,0.9375
481,0.9375
482,1.0
483,0.96875
484,1.0
485,1.0
486,1.0
487,0.96875
488,1.0
489,1.0
490,1.0
491,1.0
492,1.0
493,1.0
494,0.90625
495,1.0
496,0.90625
497,0.9375
498,1.0
499,0.96875
500,1.0
501,1.0
502,0.96875
503,1.0
504,1.0
505,0.90625
506,0.96875
507,0.96875
508,0.96875
509,1.0
510,0.9375
511,0.96875
512,1.0
513,0.9375
514,1.0
515,1.0
516,1.0
517,0.9375
518,1.0
519,1.0
520,1.0
521,0.96875
522,1.0
523,0.96875
524,0.96875
525,1.0
526,1.0
527,0.9375
528,1.0
529,1.0
530,0.96875
531,1.0
532,0.96875
533,0.9375
534,1.0
535,1.0
536,1.0
537,0.9375
538,0.96875
539,1.0
540,1.0
541,1.0
542,0.96875
543,0.96875
544,1.0
545,1.0
546,1.0
547,1.0
548,1.0
549,0.96875
550,1.0
551,0.96875
552,1.0
553,1.0
554,1.0
555,1.0
556,1.0
557,0.96875
558,0.96875
559,0.9375
560,1.0
561,1.0
562,1.0
563,0.96875
564,1.0
565,0.9375
566,1.0
567,1.0
568,1.0
569,1.0
570,0.96875
571,0.96875
572,0.96875
573,0.96875
574,1.0
575,1.0
576,1.0
577,0.96875
578,1.0
579,1.0
580,1.0
581,0.96875
582,1.0
583,1.0
584,0.96875
585,0.9375
586,0.96875
587,0.96875
588,1.0
589,0.96875
590,1.0
591,1.0
592,0.96875
593,1.0
594,0.90625
595,1.0
596,1.0
597,1.0
598,0.96875
599,0.9375
600,1.0
601,1.0
602,1.0
603,0.96875
604,1.0
605,1.0
606,1.0
607,1.0
608,0.96875
609,1.0
610,1.0
611,1.0
612,0.875
613,1.0
614,1.0
615,1.0
616,1.0
617,1.0
618,0.96875
619,1.0
620,0.875
621,0.96875
622,1.0
623,1.0
624,1.0
625,0.96875
626,0.96875
627,0.96875
628,1.0
629,1.0
630,0.9375
631,0.96875
632,1.0
633,1.0
634,0.9375
635,0.96875
636,1.0
637,1.0
638,1.0
639,1.0
640,1.0
641,1.0
642,1.0
643,0.96875
644,1.0
645,0.96875
646,0.875
647,1.0
648,0.96875
649,1.0
650,1.0
651,1.0
652,1.0
653,1.0
654,0.9375
655,1.0
656,1.0
657,1.0
658,1.0
659,0.9375
660,1.0
661,0.96875
662,0.96875
663,0.96875
664,0.875
665,1.0
666,0.9375
667,1.0
668,1.0
669,0.9375
670,0.96875
671,1.0
672,0.96875
673,0.96875
674,0.96875
675,1.0
676,0.90625
677,1.0
678,0.9375
679,1.0
680,1.0
681,1.0
682,1.0
683,0.96875
684,0.8125
685,0.96875
686,0.9375
687,1.0
688,0.875
689,1.0
690,0.9375
691,0.9375
692,1.0
693,1.0
694,0.96875
695,1.0
696,1.0
697,0.96875
698,1.0
699,1.0
700,1.0
701,1.0
702,1.0
703,0.96875
704,1.0
705,1.0
706,1.0
707,0.96875
708,0.96875
709,1.0
710,1.0
711,1.0
712,1.0
713,0.96875
714,1.0
715,1.0
716,1.0
717,0.96875
718,0.96875
719,1.0
720,0.96875
721,1.0
722,1.0
723,1.0
724,0.96875
725,0.96875
726,0.90625
727,1.0
728,0.90625
729,0.96875
730,0.96875
731,1.0
732,1.0
733,1.0
734,0.90625
735,0.9375
736,1.0
737,1.0
738,1.0
739,0.96875
740,0.96875
741,0.90625
742,1.0
743,1.0
744,1.0
745,0.96875
746,0.96875
747,0.96875
748,0.96875
749,0.96875
750,0.9375
751,1.0
752,1.0
753,1.0
754,0.875
755,1.0
756,1.0
757,0.96875
758,1.0
759,0.875
760,0.90625
761,1.0
762,0.96875
763,1.0
764,1.0
765,1.0
766,1.0
767,1.0
768,1.0
769,1.0
770,1.0
771,0.96875
772,1.0
773,0.90625
774,0.96875
775,1.0
776,0.96875
777,0.9375
778,1.0
779,1.0
780,1.0
781,0.96875
782,1.0
783,0.96875
784,0.96875
785,1.0
786,1.0
787,1.0
788,1.0
789,0.9375
790,1.0
791,1.0
792,0.9375
793,1.0
794,0.9375
795,1.0
796,0.9375
797,0.875
798,0.96875
799,0.96875
800,1.0
801,1.0
802,0.96875
803,1.0
804,0.9375
805,0.9375
806,1.0
807,0.96875
808,1.0
809,0.96875
810,0.90625
811,1.0
812,0.75
813,1.0
814,0.96875
815,0.96875
816,1.0
817,0.96875
818,0.96875
819,0.96875
820,0.875
821,1.0
822,1.0
823,0.90625
824,0.96875
825,0.96875
826,1.0
827,0.9375
828,0.96875
829,1.0
830,0.9375
831,1.0
832,1.0
833,0.90625
834,1.0
835,0.9375
836,0.875
837,1.0
838,1.0
839,1.0
840,1.0
841,0.96875
842,0.96875
843,1.0
844,1.0
845,0.9375
846,1.0
847,0.84375
848,1.0
849,0.90625
850,0.96875
851,1.0
852,1.0
853,1.0
854,1.0
855,1.0
856,0.78125
857,0.9375
858,1.0
859,0.9375
860,1.0
861,0.96875
862,1.0
863,1.0
864,0.9375
865,0.9375
866,1.0
867,1.0
868,0.96875
869,1.0
870,0.84375
871,0.96875
872,1.0
873,1.0
874,1.0
875,1.0
876,1.0
877,1.0
878,0.96875
879,1.0
880,1.0
881,0.96875
882,1.0
883,1.0
884,1.0
885,1.0
886,0.9375
887,1.0
888,1.0
889,1.0
890,1.0
891,0.96875
892,0.96875
893,0.9375
894,1.0
895,0.9375
896,0.96875
897,1.0
898,1.0
899,1.0
900,1.0
901,0.96875
902,1.0
903,0.96875
904,0.96875
905,0.96875
906,1.0
907,0.90625
908,1.0
909,1.0
910,0.9375
911,0.9375
912,1.0
913,0.9375
914,0.96875
915,0.96875
916,0.96875
917,0.96875
918,1.0
919,0.9375
920,0.96875
921,0.9375
922,0.90625
923,0.90625
924,1.0
925,1.0
926,0.96875
927,0.96875
928,0.96875
929,0.96875
930,0.96875
931,1.0
932,1.0
933,0.9375
934,0.90625
935,1.0
936,1.0
937,0.96875
938,0.84375
939,0.96875
940,0.875
941,0.9375
942,1.0
943,1.0
944,1.0
945,1.0
946,0.96875
947,0.96875
948,0.96875
949,1.0
950,1.0
951,0.96875
952,0.90625
953,1.0
954,1.0
955,0.96875
956,1.0
957,1.0
958,1.0
959,1.0
960,1.0
961,1.0
962,1.0
963,1.0
964,1.0
965,0.96875
966,1.0
967,1.0
968,0.96875
969,0.96875
970,1.0
971,0.96875
972,1.0
973,1.0
974,1.0
975,1.0
976,0.96875
977,0.96875
978,0.96875
979,0.90625
980,1.0
981,1.0
982,1.0
983,0.96875
984,1.0
985,1.0
986,1.0
987,0.875
988,1.0
989,1.0
990,0.96875
991,1.0
992,1.0
993,1.0
994,1.0
995,0.96875
996,1.0
997,0.96875
998,1.0
999,0.71875
1000,1.0
1001,0.96875
1002,1.0
1003,0.875
1004,0.9375
1005,1.0
1006,1.0
1007,1.0
1008,0.96875
1009,1.0
1010,1.0
1011,1.0
1012,0.96875
1013,1.0
1014,1.0
1015,0.90625
1016,1.0
1017,1.0
1018,1.0
1019,1.0
1020,1.0
1021,1.0
1022,1.0
1023,1.0
1024,0.84375
1025,0.96875
1026,1.0
1027,0.96875
1028,0.9375
1029,1.0
1030,1.0
1031,1.0
1032,1.0
1033,1.0
1034,0.96875
1035,1.0
1036,0.9375
1037,1.0
1038,0.96875
1039,1.0
1040,0.96875
1041,1.0
1042,1.0
1043,0.9375
1044,1.0
1045,1.0
1046,1.0
1047,0.96875
1048,0.96875
1049,1.0
1050,1.0
1051,0.9375
1052,0.96875
1053,1.0
1054,1.0
1055,0.96875
1056,0.96875
1057,0.90625
1058,0.96875
1059,0.96875
1060,1.0
1061,1.0
1062,0.96875
1063,0.96875
1064,1.0
1065,0.96875
1066,0.90625
1067,1.0
1068,0.96875
1069,0.96875
1070,0.96875
1071,0.96875
1072,1.0
1073,0.875
1074,1.0
1075,1.0
1076,1.0
1077,0.9375
1078,1.0
1079,0.96875
1080,1.0
1081,1.0
1082,0.96875
1083,1.0
1084,1.0
1085,0.8125
1086,0.96875
1087,0.96875
1088,1.0
1089,0.96875
1090,1.0
1091,0.96875
1092,1.0
1093,1.0
1094,0.96875
1095,1.0
1096,0.9375
1097,0.96875
1098,0.9375
1099,1.0
1100,1.0
1101,0.90625
1102,0.90625
1103,1.0
1104,0.9375
1105,0.875
1106,1.0
1107,1.0
1108,0.96875
1109,1.0
1110,1.0
1111,0.9375
1112,1.0
1113,0.96875
1114,1.0
1115,1.0
1116,0.9375
1117,1.0
1118,0.96875
1119,1.0
1120,1.0
1121,1.0
1122,1.0
1123,1.0
1124,1.0
1125,1.0
1126,1.0
1127,1.0
1128,1.0
1129,1.0
1130,1.0
1131,0.96875
1132,0.96875
1133,1.0
1134,1.0
1135,0.9375
1136,0.96875
1137,1.0
1138,1.0
1139,1.0
1140,1.0
1141,0.96875
1142,1.0
1143,1.0
1144,0.96875
1145,0.9375
1146,0.96875
1147,0.96875
1148,0.96875
1149,1.0
1150,0.90625
1151,0.96875
1152,1.0
1153,1.0
1154,1.0
1155,1.0
1156,1.0
1157,0.9375
1158,0.96875
1159,1.0
1160,1.0
1161,1.0
1162,1.0
1163,0.875
1164,1.0
1165,1.0
1166,1.0
1167,0.96875
1168,0.96875
1169,1.0
1170,1.0
1171,1.0
1172,1.0
1173,1.0
1174,0.96875
1175,0.875
1176,1.0
1177,1.0
1178,0.96875
1179,1.0
1180,1.0
1181,1.0
1182,0.96875
1183,0.96875
1184,1.0
1185,1.0
1186,1.0
1187,1.0
1188,1.0
1189,0.96875
1190,1.0
1191,0.96875
1192,0.96875
1193,1.0
1194,1.0
1195,0.96875
1196,0.96875
1197,0.96875
1198,1.0
1199,0.875
1200,1.0
1201,0.9375
1202,1.0
1203,0.96875
1204,1.0
1205,0.96875
1206,1.0
1207,1.0
1208,0.90625
1209,1.0
1210,0.96875
1211,0.9375
1212,1.0
1213,1.0
1214,1.0
1215,0.96875
1216,0.96875
1217,1.0
1218,1.0
1219,1.0
1220,0.96875
1221,0.90625
1222,0.9375
1223,0.96875
1224,1.0
1225,1.0
1226,1.0
1227,1.0
1228,1.0
1229,0.875
1230,0.96875
1231,1.0
1232,0.9375
1233,0.9375
1234,0.90625
1235,0.96875
1236,0.96875
1237,0.9375
1238,0.9375
1239,0.9375
1240,1.0
1241,0.96875
1242,0.96875
1243,0.96875
1244,0.96875
1245,0.96875
1246,1.0
1247,1.0
1248,1.0
1249,0.9375
1250,1.0
1251,0.9375
1252,1.0
1253,1.0
1254,1.0
1255,0.96875
1256,1.0
1257,1.0
1258,1.0
1259,1.0
1260,0.96875
1261,1.0
1262,1.0
1263,1.0
1264,0.96875
1265,0.9375
1266,0.96875
1267,0.96875
1268,1.0
1269,1.0
1270,1.0
1271,1.0
1272,1.0
1273,0.9375
1274,1.0
1275,1.0
1276,1.0
1277,0.96875
1278,1.0
1279,1.0
1280,1.0
1281,1.0
1282,1.0
1283,0.96875
1284,1.0
1285,1.0
1286,0.96875
1287,0.96875
1288,0.96875
1289,0.96875
1290,0.9375
1291,1.0
1292,1.0
1293,1.0
1294,0.96875
1295,0.96875
1296,1.0
1297,1.0
1298,1.0
1299,0.84375
1300,1.0
1301,1.0
1302,0.96875
1303,0.96875
1304,1.0
1305,0.9375
1306,0.90625
1307,0.9375
1308,0.96875
1309,0.96875
1310,0.96875
1311,1.0
1312,1.0
1313,0.90625
1314,1.0
1315,0.96875
1316,0.9375
1317,0.9375
1318,1.0
1319,0.96875
1320,1.0
1321,0.96875
1322,1.0
1323,1.0
1324,0.9375
1325,1.0
1326,1.0
1327,1.0
1328,1.0
1329,0.96875
1330,0.96875
1331,1.0
1332,0.96875
1333,0.96875
1334,1.0
1335,1.0
1336,0.9375
1337,0.96875
1338,1.0
1339,0.96875
1340,1.0
1341,1.0
1342,1.0
1343,1.0
1344,1.0
1345,0.9375
1346,1.0
1347,1.0
1348,0.96875
1349,0.9375
1350,1.0
1351,0.84375
1352,0.96875
1353,0.96875
1354,1.0
1355,1.0
1356,0.90625
1357,1.0
1358,1.0
1359,1.0
1360,1.0
1361,1.0
1362,1.0
1363,1.0
1364,0.96875
1365,0.96875
1366,0.96875
1367,0.96875
1368,0.9375
1369,0.96875
1370,1.0
1371,1.0
1372,1.0
1373,1.0
1374,0.96875
1375,0.9375
1376,0.96875
1377,0.9375
1378,0.96875
1379,1.0
1380,0.96875
1381,0.90625
1382,1.0
1383,1.0
1384,1.0
1385,1.0
1386,0.9375
1387,0.90625
1388,1.0
1389,0.9375
1390,0.96875
1391,0.9375
1392,1.0
1393,0.96875
1394,1.0
1395,1.0
1396,1.0
1397,0.96875
1398,0.90625
1399,0.96875
1400,1.0
1401,0.9375
1402,1.0
1403,0.9375
1404,1.0
1405,1.0
1406,0.90625
1407,0.96875
1408,1.0
1409,0.875
1410,1.0
1411,1.0
1412,1.0
1413,0.96875
1414,1.0
1415,0.96875
1416,1.0
1417,0.96875
1418,1.0
1419,1.0
1420,0.96875
1421,1.0
1422,1.0
1423,0.96875
1424,0.9375
1425,1.0
1426,1.0
1427,0.96875
1428,0.96875
1429,0.96875
1430,0.9375
1431,1.0
1432,0.96875
1433,0.9375
1434,1.0
1435,1.0
1436,1.0
1437,0.84375
1438,0.9375
1439,0.9375
1440,1.0
1441,1.0
1442,0.9375
1443,0.875
1444,1.0
1445,1.0
1446,1.0
1447,1.0
1448,1.0
1449,0.96875
1450,1.0
1451,1.0
1452,1.0
1453,1.0
1454,1.0
1455,1.0
1456,1.0
1457,0.96875
1458,1.0
1459,0.90625
1460,1.0
1461,1.0
1462,0.96875
1463,0.9375
1464,0.96875
1465,1.0
1466,1.0
1467,1.0
1468,1.0
1469,1.0
1470,1.0
1471,0.96875
1472,1.0
1473,1.0
1474,0.96875
1475,1.0
1476,1.0
1477,1.0
1478,1.0
1479,1.0
1480,1.0
1481,0.90625
1482,1.0
1483,1.0
1484,1.0
1485,1.0
1486,0.84375
1487,0.96875
1488,1.0
1489,0.96875
1490,1.0
1491,0.875
1492,1.0
1493,0.96875
1494,1.0
1495,1.0
1496,1.0
1497,0.96875
1498,1.0
1499,1.0
1500,1.0
1501,1.0
1502,1.0
1503,1.0
1504,0.96875
1505,1.0
1506,1.0
1507,0.9375
1508,1.0
1509,1.0
1510,1.0
1511,0.9375
1512,1.0
1513,1.0
1514,0.96875
1515,1.0
1516,1.0
1517,0.96875
1518,1.0
1519,1.0
1520,1.0
1521,1.0
1522,1.0
1523,1.0
1524,0.96875
1525,1.0
1526,1.0
1527,0.96875
1528,1.0
1529,1.0
1530,1.0
1531,0.96875
1532,0.96875
1533,1.0
1534,1.0
1535,1.0
1536,0.96875
1537,0.96875
1538,1.0
1539,0.9375
1540,1.0
1541,1.0
1542,0.96875
1543,0.96875
1544,1.0
1545,1.0
1546,1.0
1547,1.0
1548,0.96875
1549,0.90625
1550,1.0
1551,1.0
1552,0.96875
1553,0.96875
1554,0.96875
1555,0.96875
1556,0.96875
1557,1.0
1558,1.0
1559,0.9375
1560,1.0
1561,0.9375
1562,0.96875
1563,1.0
1564,1.0
1565,1.0
1566,1.0
1567,1.0
1568,1.0
1569,1.0
1570,0.96875
1571,0.96875
1572,1.0
1573,1.0
1574,1.0
1575,1.0
1576,1.0
1577,1.0
1578,0.96875
1579,1.0
1580,0.96875
1581,0.84375
1582,0.96875
1583,0.96875
1584,1.0
1585,1.0
1586,1.0
1587,0.96875
1588,1.0
1589,1.0
1590,1.0
1591,1.0
1592,1.0
1593,1.0
1594,0.9375
1595,1.0
1596,1.0
1597,1.0
1598,0.9375
1599,1.0
1600,1.0
1601,1.0
1602,0.9375
1603,1.0
1604,0.96875
1605,0.96875
1606,1.0
1607,0.9375
1608,1.0
1609,1.0
1610,1.0
1611,1.0
1612,0.9375
1613,1.0
1614,1.0
1615,0.9375
1616,1.0
1617,1.0
1618,1.0
1619,0.9375
1620,1.0
1621,0.9375
1622,1.0
1623,1.0
1624,0.9375
1625,1.0
1626,1.0
1627,1.0
1628,0.96875
1629,0.90625
1630,1.0
1631,1.0
1632,1.0
1633,0.90625
1634,0.96875
1635,0.96875
1636,0.96875
1637,1.0
1638,0.96875
1639,1.0
1640,0.96875
1641,1.0
1642,0.96875
1643,1.0
1644,1.0
1645,1.0
1646,0.9375
1647,1.0
1648,0.84375
1649,0.96875
1650,0.96875
1651,0.9375
1652,1.0
1653,0.90625
1654,1.0
1655,1.0
1656,0.96875
1657,0.96875
1658,0.96875
1659,0.9375
1660,1.0
1661,1.0
1662,1.0
1663,0.96875
1664,1.0
1665,0.96875
1666,1.0
1667,1.0
1668,1.0
1669,0.90625
1670,1.0
1671,0.96875
1672,1.0
1673,0.96875
1674,1.0
1675,1.0
1676,1.0
1677,0.96875
1678,1.0
1679,0.96875
1680,1.0
1681,1.0
1682,0.96875
1683,1.0
1684,0.90625
1685,0.96875
1686,1.0
1687,1.0
1688,0.96875
1689,0.9375
1690,1.0
1691,1.0
1692,1.0
1693,0.96875
1694,0.96875
1695,1.0
1696,0.96875
1697,1.0
1698,1.0
1699,1.0
1700,1.0
1701,0.875
1702,0.96875
1703,1.0
1704,0.96875
1705,0.9375
1706,0.96875
1707,1.0
1708,1.0
1709,1.0
1710,1.0
1711,1.0
1712,1.0
1713,1.0
1714,1.0
1715,0.96875
1716,0.96875
1717,1.0
1718,1.0
1719,1.0
1720,0.96875
1721,1.0
1722,1.0
1723,1.0
1724,0.96875
1725,0.90625
1726,1.0
1727,1.0
1728,0.90625
1729,1.0
1730,0.90625
1731,1.0
1732,1.0
1733,1.0
1734,0.9375
1735,0.96875
1736,1.0
1737,1.0
1738,0.96875
1739,1.0
1740,0.9375
1741,0.9375
1742,1.0
1743,1.0
1744,0.96875
1745,1.0
1746,0.96875
1747,0.9375
1748,1.0
1749,1.0
1750,1.0
1751,0.96875
1752,1.0
1753,1.0
1754,1.0
1755,0.9375
1756,0.9375
1757,0.9375
1758,1.0
1759,0.96875
1760,0.9375
1761,0.96875
1762,0.96875
1763,0.96875
1764,1.0
1765,0.9375
1766,0.96875
1767,0.9375
1768,0.9375
1769,1.0
1770,1.0
1771,1.0
1772,1.0
1773,0.84375
1774,1.0
1775,0.96875
1776,1.0
1777,1.0
1778,1.0
1779,0.9375
1780,0.9375
1781,1.0
1782,0.96875
1783,1.0
1784,0.96875
1785,0.96875
1786,0.9375
1787,1.0
1788,0.9375
1789,0.9375
1790,1.0
1791,0.96875
1792,1.0
1793,1.0
1794,1.0
1795,1.0
1796,0.90625
1797,1.0
1798,1.0
1799,1.0
1800,0.96875
1801,0.90625
1802,0.96875
1803,0.84375
1804,1.0
1805,0.96875
1806,1.0
1807,1.0
1808,1.0
1809,1.0
1810,0.96875
1811,0.96875
1812,0.9375
1813,0.9375
1814,0.96875
1815,1.0
1816,0.9375
1817,0.9375
1818,1.0
1819,1.0
1820,0.96875
1821,1.0
1822,1.0
1823,1.0
1824,0.96875
1825,0.9375
1826,1.0
1827,1.0
1828,1.0
1829,1.0
1830,0.9375
1831,1.0
1832,1.0
1833,0.9375
1834,0.96875
1835,1.0
1836,0.96875
1837,1.0
1838,1.0
1839,1.0
1840,0.96875
1841,1.0
1842,1.0
1843,0.96875
1844,1.0
1845,1.0
1846,1.0
1847,0.9375
1848,1.0
1849,1.0
1850,1.0
1851,1.0
1852,1.0
1853,1.0
1854,1.0
1855,0.90625
1856,0.90625
1857,0.9375
1858,1.0
1859,0.9375
1860,1.0
1861,0.9375
1862,1.0
1863,1.0
1864,0.96875
1865,1.0
1866,0.96875
1867,1.0
1868,0.96875
1869,0.96875
1870,1.0
1871,1.0
1872,1.0
1873,1.0
1874,0.9375
1875,1.0
1876,1.0
1877,1.0
1878,0.90625
1879,0.96875
1880,0.96875
1881,0.96875
1882,1.0
1883,0.96875
1884,1.0
1885,1.0
1886,0.9375
1887,1.0
1888,1.0
1889,0.96875
1890,1.0
1891,1.0
1892,0.96875
1893,0.9375
1894,1.0
1895,0.9375
1896,1.0
1897,1.0
1898,0.9375
1899,0.96875
1900,0.9375
1901,1.0
1902,0.96875
1903,1.0
1904,1.0
1905,1.0
1906,0.96875
1907,0.96875
1908,1.0
1909,0.9375
1910,0.9375
1911,0.90625
1912,1.0
1913,1.0
1914,1.0
1915,0.96875
1916,1.0
1917,0.96875
1918,1.0
1919,1.0
1920,1.0
1921,0.96875
1922,1.0
1923,0.9375
1924,1.0
1925,0.96875
1926,1.0
1927,1.0
1928,0.90625
1929,1.0
1930,0.96875
1931,0.9375
1932,0.96875
1933,1.0
1934,0.96875
1935,0.875
1936,1.0
1937,1.0
1938,0.96875
1939,1.0
1940,1.0
1941,0.9375
1942,1.0
1943,1.0
1944,0.96875
1945,0.9375
1946,1.0
1947,0.96875
1948,1.0
1949,0.96875
1950,1.0
1951,1.0
1952,0.96875
1953,0.96875
1954,1.0
1955,0.96875
1956,1.0
1957,0.9375
1958,1.0
1959,1.0
1960,1.0
1961,0.96875
1962,1.0
1963,1.0
1964,1.0
1965,0.9375
1966,1.0
1967,1.0
1968,0.96875
1969,1.0
1970,0.90625
1971,1.0
1972,1.0
1973,0.9375
1974,1.0
1975,0.96875
1976,0.96875
1977,0.96875
1978,1.0
1979,0.96875
1980,0.9375
1981,1.0
1982,0.96875
1983,1.0
1984,0.96875
1985,0.96875
1986,1.0
1987,0.96875
1988,1.0
1989,1.0
1990,1.0
1991,1.0
1992,0.875
1993,0.96875
1994,1.0
1995,0.96875
1996,1.0
1997,0.9375
1998,1.0
1999,1.0
2000,1.0
2001,0.96875
2002,0.96875
2003,0.875
2004,1.0
2005,0.96875
2006,0.84375
2007,0.96875
2008,0.96875
2009,1.0
2010,0.96875
2011,0.9375
2012,1.0
2013,1.0
2014,0.9375
2015,0.9375
2016,1.0
2017,1.0
2018,1.0
2019,1.0
2020,1.0
2021,0.96875
2022,0.96875
2023,0.875
2024,0.96875
2025,0.90625
2026,1.0
2027,0.96875
2028,0.9375
2029,1.0
2030,1.0
2031,1.0
2032,0.9375
2033,0.875
2034,1.0
2035,1.0
2036,1.0
2037,0.90625
2038,1.0
2039,1.0
2040,0.96875
2041,0.96875
2042,1.0
2043,0.96875
2044,1.0
2045,1.0
2046,0.96875
2047,1.0
2048,0.96875
2049,1.0
2050,0.96875
2051,1.0
2052,1.0
2053,0.96875
2054,1.0
2055,0.96875
2056,0.96875
2057,0.90625
2058,1.0
2059,1.0
2060,0.96875
2061,1.0
2062,1.0
2063,0.9375
2064,0.96875
2065,0.90625
2066,1.0
2067,0.9375
2068,1.0
2069,1.0
2070,0.96875
2071,0.96875
2072,0.96875
2073,0.96875
2074,0.96875
2075,1.0
2076,0.8125
2077,1.0
2078,0.96875
2079,1.0
2080,1.0
2081,1.0
2082,1.0
2083,0.96875
2084,0.96875
2085,1.0
2086,1.0
2087,1.0
2088,0.96875
2089,1.0
2090,1.0
2091,1.0
2092,1.0
2093,1.0
2094,0.84375
2095,0.96875
2096,1.0
2097,1.0
2098,1.0
2099,1.0
2100,1.0
2101,0.96875
2102,1.0
2103,0.96875
2104,1.0
2105,1.0
2106,0.96875
2107,1.0
2108,1.0
2109,1.0
2110,0.96875
2111,1.0
2112,0.96875
2113,0.96875
2114,0.96875
2115,0.9375
2116,0.9375
2117,1.0
2118,0.96875
2119,1.0
2120,1.0
2121,1.0
2122,1.0
2123,0.96875
2124,0.96875
2125,1.0
2126,0.9375
2127,0.9375
2128,0.9375
2129,1.0
2130,1.0
2131,1.0
2132,0.9375
2133,0.96875
2134,1.0
2135,0.84375
2136,0.96875
2137,1.0
2138,1.0
2139,0.96875
2140,1.0
2141,1.0
2142,0.96875
2143,1.0
2144,0.96875
2145,0.9375
2146,0.9375
2147,1.0
2148,0.96875
2149,0.9375
2150,1.0
2151,0.96875
2152,0.96875
2153,1.0
2154,1.0
2155,0.9375
2156,1.0
2157,1.0
2158,0.9375
2159,1.0
2160,1.0
2161,1.0
2162,1.0
2163,1.0
2164,1.0
2165,0.9375
2166,1.0
2167,1.0
2168,1.0
2169,0.9375
2170,0.96875
2171,1.0
2172,0.96875
2173,1.0
2174,1.0
2175,0.96875
2176,1.0
2177,0.96875
2178,0.96875
2179,0.96875
2180,1.0
2181,0.96875
2182,1.0
2183,0.96875
2184,1.0
2185,0.96875
2186,1.0
2187,1.0
2188,0.96875
2189,1.0
2190,0.96875
2191,0.96875
2192,1.0
2193,1.0
2194,1.0
2195,1.0
2196,1.0
2197,0.90625
2198,1.0
2199,1.0
2200,0.96875
2201,1.0
2202,0.96875
2203,1.0
2204,1.0
2205,1.0
2206,0.9375
2207,1.0
2208,0.9375
2209,0.875
2210,1.0
2211,1.0
2212,1.0
2213,0.96875
2214,0.96875
2215,0.9375
2216,1.0
2217,1.0
2218,1.0
2219,1.0
2220,0.96875
2221,0.9375
2222,0.9375
2223,1.0
2224,1.0
2225,0.9375
2226,0.96875
2227,1.0
2228,0.9375
2229,0.96875
2230,1.0
2231,1.0
2232,1.0
2233,0.90625
2234,0.9375
2235,0.96875
2236,0.9375
2237,0.9375
2238,1.0
2239,1.0
2240,1.0
2241,1.0
2242,1.0
2243,0.90625
2244,1.0
2245,1.0
2246,1.0
2247,1.0
2248,1.0
2249,1.0
2250,0.96875
2251,1.0
2252,0.96875
2253,0.9375
2254,1.0
2255,0.9375
2256,1.0
2257,1.0
2258,0.96875
2259,1.0
2260,1.0
2261,0.9375
2262,1.0
2263,1.0
2264,1.0
2265,0.84375
2266,1.0
2267,1.0
2268,1.0
2269,1.0
2270,0.96875
2271,1.0
2272,0.9375
2273,0.96875
2274,0.96875
2275,0.96875
2276,1.0
2277,1.0
2278,0.9375
2279,1.0
2280,0.96875
2281,1.0
2282,1.0
2283,1.0
2284,0.96875
2285,1.0
2286,0.96875
2287,1.0
2288,1.0
2289,1.0
2290,1.0
2291,1.0
2292,1.0
2293,0.96875
2294,1.0
2295,1.0
2296,1.0
2297,1.0
2298,1.0
2299,1.0
2300,0.96875
2301,1.0
2302,1.0
2303,1.0
2304,0.96875
2305,1.0
2306,1.0
2307,0.96875
2308,1.0
2309,1.0
2310,0.96875
2311,0.96875
2312,0.96875
2313,1.0
2314,1.0
2315,1.0
2316,1.0
2317,0.9375
2318,1.0
2319,1.0
2320,1.0
2321,0.96875
2322,0.96875
2323,0.96875
2324,1.0
2325,1.0
2326,0.9375
2327,1.0
2328,0.96875
2329,0.875
2330,1.0
2331,1.0
2332,1.0
2333,1.0
2334,1.0
2335,0.96875
2336,0.96875
2337,1.0
2338,1.0
2339,0.9375
2340,1.0
2341,1.0
2342,1.0
2343,0.9375
2344,0.90625
2345,1.0
2346,1.0
2347,0.96875
2348,0.96875
2349,0.96875
2350,1.0
2351,1.0
2352,0.9375
2353,1.0
2354,1.0
2355,1.0
2356,0.96875
2357,1.0
2358,0.96875
2359,1.0
2360,1.0
2361,1.0
2362,1.0
2363,0.96875
2364,0.96875
2365,1.0
2366,0.90625
2367,0.96875
2368,0.96875
2369,0.96875
2370,1.0
2371,0.96875
2372,0.96875
2373,1.0
2374,1.0
2375,0.9375
2376,0.90625
2377,0.96875
2378,0.84375
2379,0.96875
2380,0.96875
2381,1.0
2382,0.9375
2383,0.96875
2384,0.9375
2385,1.0
2386,1.0
2387,1.0
2388,0.96875
2389,1.0
2390,1.0
2391,0.9375
2392,0.96875
2393,0.96875
2394,1.0
2395,0.96875
2396,0.9375
2397,0.90625
2398,0.96875
2399,0.9375
2400,1.0
2401,0.96875
2402,0.96875
2403,0.9375
2404,1.0
2405,1.0
2406,1.0
2407,0.96875
2408,0.96875
2409,1.0
2410,1.0
2411,0.9375
2412,0.9375
2413,1.0
2414,0.84375
2415,1.0
2416,0.96875
2417,0.96875
2418,1.0
2419,1.0
2420,0.9375
2421,1.0
2422,0.9375
2423,0.96875
2424,0.96875
2425,0.9375
2426,0.96875
2427,1.0
2428,0.96875
2429,1.0
2430,0.96875
2431,1.0
2432,0.9375
2433,1.0
2434,0.90625
2435,1.0
2436,1.0
2437,1.0
2438,1.0
2439,1.0
2440,1.0
2441,1.0
2442,0.96875
2443,0.96875
2444,1.0
2445,0.96875
2446,0.96875
2447,1.0
2448,1.0
2449,0.96875
2450,1.0
2451,1.0
2452,1.0
2453,1.0
2454,0.96875
2455,0.90625
2456,1.0
2457,0.96875
2458,0.96875
2459,0.9375
2460,1.0
2461,0.96875
2462,1.0
2463,1.0
2464,1.0
2465,1.0
2466,1.0
2467,0.90625
2468,0.71875
2469,1.0
2470,1.0
2471,0.96875
2472,1.0
2473,1.0
2474,1.0
2475,0.96875
2476,1.0
2477,1.0
2478,0.96875
2479,1.0
2480,0.96875
2481,1.0
2482,1.0
2483,1.0
2484,0.96875
2485,1.0
2486,1.0
2487,1.0
2488,0.96875
2489,1.0
2490,0.9375
2491,1.0
2492,1.0
2493,1.0
2494,0.90625
2495,1.0
2496,1.0
2497,1.0
2498,0.96875
2499,1.0
2500,1.0
2501,1.0
2502,1.0
2503,1.0
2504,0.90625
2505,0.96875
2506,1.0
2507,0.90625
2508,1.0
2509,1.0
2510,1.0
2511,1.0
2512,0.9375
2513,1.0
2514,0.90625
2515,1.0
2516,1.0
2517,1.0
2518,1.0
2519,1.0
2520,0.96875
2521,1.0
2522,1.0
2523,0.96875
2524,1.0
2525,1.0
2526,0.96875
2527,0.96875
2528,0.9375
2529,1.0
2530,1.0
2531,1.0
2532,0.96875
2533,1.0
2534,1.0
2535,0.96875
2536,0.96875
2537,0.9375
2538,0.9375
2539,1.0
2540,0.96875
2541,0.96875
2542,0.96875
2543,1.0
2544,1.0
2545,0.96875
2546,1.0
2547,0.9375
2548,1.0
2549,1.0
2550,0.9375
2551,0.96875
2552,1.0
2553,0.9375
2554,1.0
2555,0.9375
2556,0.96875
2557,0.84375
2558,0.96875
2559,0.96875
2560,0.90625
2561,0.9375
2562,1.0
2563,1.0
2564,0.9375
2565,1.0
2566,0.96875
2567,1.0
2568,0.90625
2569,0.9375
2570,1.0
2571,1.0
2572,0.96875
2573,1.0
2574,0.96875
2575,0.90625
2576,1.0
2577,0.96875
2578,1.0
2579,0.9375
2580,1.0
2581,0.96875
2582,1.0
2583,1.0
2584,1.0
2585,0.96875
2586,0.96875
2587,1.0
2588,0.96875
2589,1.0
2590,0.96875
2591,0.96875
2592,1.0
2593,1.0
2594,1.0
2595,1.0
2596,1.0
2597,1.0
2598,0.96875
2599,1.0
2600,0.96875
2601,1.0
2602,0.96875
2603,0.9375
2604,1.0
2605,1.0
2606,1.0
2607,1.0
2608,1.0
2609,1.0
2610,0.9375
2611,0.875
2612,0.9375
2613,0.96875
2614,1.0
2615,0.84375
2616,1.0
2617,1.0
2618,1.0
2619,0.96875
2620,1.0
2621,0.96875
2622,0.96875
2623,0.9375
2624,0.9375
2625,0.9375
2626,1.0
2627,0.96875
2628,1.0
2629,0.96875
2630,0.9375
2631,0.9375
2632,1.0
2633,1.0
2634,1.0
2635,0.90625
2636,1.0
2637,1.0
2638,1.0
2639,1.0
2640,0.90625
2641,1.0
2642,1.0
2643,1.0
2644,0.96875
2645,0.9375
2646,1.0
2647,1.0
2648,1.0
2649,1.0
2650,0.78125
2651,1.0
2652,0.9375
2653,1.0
2654,1.0
2655,0.9375
2656,0.96875
2657,1.0
2658,1.0
2659,0.96875
2660,1.0
2661,0.96875
2662,1.0
2663,1.0
2664,0.9375
2665,1.0
2666,0.9375
2667,1.0
2668,0.96875
2669,0.96875
2670,0.9375
2671,1.0
2672,0.9375
2673,1.0
2674,0.96875
2675,0.90625
2676,0.96875
2677,1.0
2678,0.9375
2679,1.0
2680,1.0
2681,0.9375
2682,1.0
2683,1.0
2684,1.0
2685,0.9375
2686,1.0
2687,1.0
2688,0.96875
2689,0.96875
2690,0.9375
2691,0.90625
2692,1.0
2693,1.0
2694,0.96875
2695,1.0
2696,1.0
2697,1.0
2698,0.84375
2699,1.0
2700,1.0
2701,0.9375
2702,0.90625
2703,0.96875
2704,0.96875
2705,1.0
2706,1.0
2707,0.96875
2708,1.0
2709,1.0
2710,1.0
2711,0.8125
2712,1.0
2713,1.0
2714,0.9375
2715,1.0
2716,1.0
2717,1.0
2718,0.9375
2719,1.0
2720,1.0
2721,0.96875
2722,1.0
2723,0.96875
2724,0.96875
2725,0.96875
2726,1.0
2727,0.9375
2728,1.0
2729,0.9375
2730,0.96875
2731,0.90625
2732,1.0
2733,1.0
2734,1.0
2735,1.0
2736,1.0
2737,1.0
2738,0.9375
2739,0.9375
2740,0.875
2741,1.0
2742,0.90625
2743,0.96875
2744,0.96875
2745,1.0
2746,1.0
2747,0.84375
2748,1.0
2749,1.0
2750,0.96875
2751,0.96875
2752,0.96875
2753,1.0
2754,0.9375
2755,1.0
2756,1.0
2757,1.0
2758,1.0
2759,1.0
2760,1.0
2761,1.0
2762,1.0
2763,1.0
2764,1.0
2765,1.0
2766,0.96875
2767,0.9375
2768,1.0
2769,1.0
2770,1.0
2771,0.96875
2772,1.0
2773,1.0
2774,1.0
2775,1.0
2776,0.96875
2777,1.0
2778,0.96875
2779,1.0
2780,1.0
2781,0.96875
2782,0.9375
2783,1.0
2784,0.96875
2785,1.0
2786,0.90625
2787,1.0
2788,1.0
2789,0.75
2790,1.0
2791,0.90625
2792,1.0
2793,1.0
2794,1.0
2795,0.96875
2796,0.9375
2797,1.0
2798,0.9375
2799,0.96875
2800,1.0
2801,1.0
2802,0.96875
2803,1.0
2804,0.9375
2805,0.9375
2806,1.0
2807,0.9375
2808,1.0
2809,0.96875
2810,0.9375
2811,0.96875
2812,0.96875
2813,1.0
2814,1.0
2815,0.90625
2816,0.96875
2817,0.9375
2818,1.0
2819,1.0
2820,1.0
2821,1.0
2822,1.0
2823,0.96875
2824,1.0
2825,0.96875
2826,1.0
2827,1.0
2828,1.0
2829,1.0
2830,1.0
2831,1.0
2832,1.0
2833,0.96875
2834,0.96875
2835,1.0
2836,1.0
2837,1.0
2838,0.9375
2839,1.0
2840,1.0
2841,1.0
2842,1.0
2843,1.0
2844,1.0
2845,0.96875
2846,1.0
2847,1.0
2848,0.96875
2849,1.0
2850,1.0
2851,0.96875
2852,0.96875
2853,0.96875
2854,1.0
2855,1.0
2856,1.0
2857,1.0
2858,1.0
2859,1.0
2860,1.0
2861,0.96875
2862,1.0
2863,0.96875
2864,0.96875
2865,0.96875
2866,1.0
2867,0.9375
2868,0.9375
2869,0.96875
2870,1.0
2871,0.96875
2872,1.0
2873,1.0
2874,0.96875
2875,1.0
2876,0.96875
2877,0.96875
2878,0.9375
2879,0.90625
2880,0.90625
2881,1.0
2882,0.96875
2883,0.96875
2884,1.0
2885,0.96875
2886,1.0
2887,1.0
2888,0.90625
2889,0.84375
2890,1.0
2891,1.0
2892,1.0
2893,1.0
2894,1.0
2895,0.96875
2896,0.96875
2897,1.0
2898,0.96875
2899,1.0
2900,1.0
2901,0.96875
2902,1.0
2903,0.96875
2904,0.96875
2905,0.9375
2906,1.0
2907,0.9375
2908,1.0
2909,1.0
2910,0.96875
2911,1.0
2912,1.0
2913,0.875
2914,0.96875
2915,1.0
2916,1.0
2917,1.0
2918,1.0
2919,1.0
2920,1.0
2921,1.0
2922,1.0
2923,0.9375
2924,1.0
2925,0.96875
2926,0.90625
2927,1.0
2928,0.96875
2929,0.9375
2930,0.96875
2931,1.0
2932,0.9375
2933,1.0
2934,1.0
2935,0.9375
2936,1.0
2937,1.0
2938,1.0
2939,0.96875
2940,0.96875
2941,1.0
2942,1.0
2943,0.96875
2944,1.0
2945,1.0
2946,0.90625
2947,0.90625
2948,1.0
2949,1.0
2950,1.0
2951,1.0
2952,0.90625
2953,0.96875
2954,1.0
2955,1.0
2956,1.0
2957,0.96875
2958,0.96875
2959,0.9375
2960,1.0
2961,0.96875
2962,1.0
2963,1.0
2964,0.90625
2965,0.96875
2966,1.0
2967,1.0
2968,1.0
2969,1.0
2970,1.0
2971,0.96875
2972,1.0
2973,0.96875
2974,1.0
2975,1.0
2976,0.90625
2977,1.0
2978,0.96875
2979,0.96875
2980,1.0
2981,1.0
2982,1.0
2983,0.96875
2984,1.0
2985,1.0
2986,0.9375
2987,1.0
2988,1.0
2989,0.96875
2990,1.0
2991,1.0
2992,0.96875
2993,0.90625
2994,1.0
2995,0.96875
2996,1.0
2997,1.0
2998,1.0
2999,1.0
3000,0.9375
3001,0.96875
3002,1.0
3003,1.0
3004,1.0
3005,1.0
3006,1.0
3007,0.96875
3008,1.0
3009,0.96875
3010,0.96875
3011,1.0
3012,1.0
3013,0.9375
3014,1.0
3015,0.96875
3016,0.96875
3017,0.96875
3018,1.0
3019,1.0
3020,1.0
3021,0.96875
3022,1.0
3023,1.0
3024,0.96875
3025,0.96875
3026,0.96875
3027,0.90625
3028,0.96875
3029,0.9375
3030,0.96875
3031,1.0
3032,1.0
3033,1.0
3034,0.96875
3035,0.9375
3036,0.96875
3037,1.0
3038,1.0
3039,0.96875
3040,1.0
3041,0.96875
3042,0.90625
3043,0.9375
3044,1.0
3045,1.0
3046,1.0
3047,1.0
3048,0.96875
3049,1.0
3050,0.96875
3051,1.0
3052,0.9375
3053,0.84375
3054,1.0
3055,1.0
3056,0.96875
3057,0.96875
3058,1.0
3059,0.96875
3060,1.0
3061,1.0
3062,0.96875
3063,0.96875
3064,0.96875
3065,1.0
3066,1.0
3067,1.0
3068,1.0
3069,0.90625
3070,0.96875
3071,1.0
3072,1.0
3073,0.90625
3074,1.0
3075,0.96875
3076,0.96875
3077,0.9375
3078,1.0
3079,0.9375
3080,1.0
3081,1.0
3082,1.0
3083,1.0
3084,1.0
3085,1.0
3086,1.0
3087,1.0
3088,1.0
3089,1.0
3090,0.96875
3091,0.96875
3092,1.0
3093,1.0
3094,1.0
3095,1.0
3096,1.0
3097,0.96875
3098,1.0
3099,0.90625
3100,1.0
3101,0.96875
3102,1.0
3103,1.0
3104,1.0
3105,0.9375
3106,0.90625
3107,1.0
3108,0.96875
3109,0.90625
3110,0.9375
3111,1.0
3112,0.9375
3113,0.9375
3114,0.96875
3115,1.0
3116,1.0
3117,0.9375
3118,0.96875
3119,1.0
3120,1.0
3121,0.96875
3122,0.84375
3123,1.0
3124,1.0
3125,0.96875
3126,1.0
3127,1.0
3128,1.0
3129,0.9375
3130,0.96875
3131,0.875
3132,0.96875
3133,0.96875
3134,1.0
3135,0.96875
3136,1.0
3137,0.96875
3138,0.9375
3139,1.0
3140,1.0
3141,0.96875
3142,0.96875
3143,1.0
3144,0.96875
3145,0.96875
3146,1.0
3147,1.0
3148,1.0
3149,0.96875
3150,0.9375
3151,1.0
3152,0.9375
3153,0.96875
3154,1.0
3155,0.96875
3156,0.90625
3157,1.0
3158,0.96875
3159,1.0
3160,1.0
3161,1.0
3162,0.9375
3163,1.0
3164,1.0
3165,1.0
3166,1.0
3167,1.0
3168,0.96875
3169,0.96875
3170,1.0
3171,0.96875
3172,1.0
3173,0.96875
3174,1.0
3175,0.96875
3176,0.96875
3177,1.0
3178,0.9375
3179,1.0
3180,1.0
3181,1.0
3182,1.0
3183,0.9375
3184,1.0
3185,1.0
3186,1.0
3187,0.96875
3188,0.96875
3189,1.0
3190,0.96875
3191,1.0
3192,0.875
3193,0.96875
3194,1.0
3195,0.96875
3196,1.0
3197,1.0
3198,1.0
3199,0.96875
3200,0.96875
3201,0.90625
3202,1.0
3203,0.96875
3204,1.0
3205,1.0
3206,1.0
3207,1.0
3208,0.96875
3209,1.0
3210,1.0
3211,0.96875
3212,1.0
3213,1.0
3214,1.0
3215,1.0
3216,1.0
3217,1.0
3218,1.0
3219,1.0
3220,1.0
3221,0.9375
3222,1.0
3223,0.96875
3224,0.96875
3225,0.9375
3226,0.96875
3227,0.9375
3228,1.0
3229,0.96875
3230,0.96875
3231,0.96875
3232,1.0
3233,0.96875
3234,0.9375
3235,1.0
3236,1.0
3237,1.0
3238,1.0
3239,0.9375
3240,1.0
3241,0.96875
3242,0.9375
3243,1.0
3244,1.0
3245,0.96875
3246,1.0
3247,1.0
3248,1.0
3249,1.0
3250,0.78125
3251,0.84375
3252,1.0
3253,1.0
3254,1.0
3255,1.0
3256,0.9375
3257,1.0
3258,0.96875
3259,1.0
3260,1.0
3261,0.96875
3262,1.0
3263,1.0
3264,0.875
3265,1.0
3266,0.9375
3267,0.96875
3268,0.96875
3269,0.96875
3270,1.0
3271,1.0
3272,1.0
3273,0.96875
3274,0.9375
3275,1.0
3276,0.90625
3277,1.0
3278,1.0
3279,0.90625
3280,1.0
3281,1.0
3282,1.0
3283,0.9375
3284,1.0
3285,1.0
3286,0.96875
3287,1.0
3288,0.9375
3289,0.96875
3290,1.0
3291,0.90625
3292,1.0
3293,1.0
3294,1.0
3295,1.0
3296,0.96875
3297,0.96875
3298,1.0
3299,1.0
3300,1.0
3301,0.90625
3302,1.0
3303,1.0
3304,1.0
3305,0.9375
3306,1.0
3307,1.0
3308,1.0
3309,0.90625
3310,0.875
3311,1.0
3312,0.9375
3313,0.96875
3314,1.0
3315,0.96875
3316,1.0
3317,0.96875
3318,1.0
3319,0.96875
3320,0.96875
3321,0.96875
3322,1.0
3323,1.0
3324,1.0
3325,0.9375
3326,0.96875
3327,1.0
3328,0.96875
3329,1.0
3330,1.0
3331,0.875
3332,1.0
3333,1.0
3334,0.96875
3335,1.0
3336,1.0
3337,0.96875
3338,1.0
3339,1.0
3340,1.0
3341,1.0
3342,0.9375
3343,0.96875
3344,0.9375
3345,0.875
3346,0.84375
3347,1.0
3348,1.0
3349,0.96875
3350,1.0
3351,1.0
3352,0.96875
3353,0.96875
3354,1.0
3355,0.96875
3356,0.90625
3357,1.0
3358,0.96875
3359,0.9375
3360,0.9375
3361,0.96875
3362,0.96875
3363,1.0
3364,1.0
3365,1.0
3366,0.9375
3367,0.96875
3368,0.9375
3369,0.96875
3370,1.0
3371,1.0
3372,1.0
3373,0.96875
3374,0.96875
3375,1.0
3376,1.0
3377,0.9375
3378,1.0
3379,1.0
3380,1.0
3381,1.0
3382,1.0
3383,1.0
3384,1.0
3385,1.0
3386,0.96875
3387,0.875
3388,1.0
3389,1.0
3390,0.96875
3391,1.0
3392,1.0
3393,1.0
3394,0.96875
3395,0.9375
3396,1.0
3397,1.0
3398,0.96875
3399,0.96875
3400,1.0
3401,0.96875
3402,1.0
3403,1.0
3404,1.0
3405,1.0
3406,0.8125
3407,0.96875
3408,1.0
3409,1.0
3410,0.96875
3411,1.0
3412,1.0
3413,0.96875
3414,1.0
3415,0.875
3416,0.96875
3417,1.0
3418,1.0
3419,0.9375
3420,1.0
3421,1.0
3422,0.84375
3423,0.96875
3424,1.0
3425,1.0
3426,1.0
3427,1.0
3428,0.96875
3429,1.0
3430,0.875
3431,0.96875
3432,1.0
3433,1.0
3434,1.0
3435,1.0
3436,1.0
3437,0.9375
3438,1.0
3439,1.0
3440,0.9375
3441,0.96875
3442,0.96875
3443,1.0
3444,1.0
3445,0.96875
3446,0.96875
3447,1.0
3448,1.0
3449,1.0
3450,1.0
3451,0.9375
3452,0.9375
3453,1.0
3454,0.90625
3455,1.0
3456,1.0
3457,0.9375
3458,0.9375
3459,0.96875
3460,0.96875
3461,1.0
3462,0.96875
3463,1.0
3464,0.96875
3465,1.0
3466,0.96875
3467,1.0
3468,0.96875
3469,1.0
3470,1.0
3471,0.96875
3472,0.96875
3473,1.0
3474,0.9375
3475,1.0
3476,0.96875
3477,1.0
3478,0.96875
3479,0.96875
3480,1.0
3481,0.9375
3482,1.0
3483,1.0
3484,1.0
3485,1.0
3486,1.0
3487,1.0
3488,1.0
3489,1.0
3490,0.9375
3491,0.96875
3492,0.96875
3493,1.0
3494,0.96875
3495,1.0
3496,0.90625
3497,0.5
3498,1.0
3499,1.0
3500,1.0
3501,0.96875
3502,0.96875
3503,1.0
3504,0.9375
3505,1.0
3506,1.0
3507,0.96875
3508,0.9375
3509,1.0
3510,1.0
3511,0.96875
3512,1.0
3513,0.96875
3514,0.875
3515,1.0
3516,0.96875
3517,1.0
3518,0.96875
3519,1.0
3520,0.90625
3521,1.0
3522,1.0
3523,1.0
3524,1.0
3525,0.96875
3526,1.0
3527,0.9375
3528,1.0
3529,1.0
3530,1.0
3531,0.96875
3532,0.90625
3533,0.96875
3534,1.0
3535,1.0
3536,0.96875
3537,0.96875
3538,0.96875
3539,1.0
3540,1.0
3541,0.96875
3542,0.9375
3543,1.0
3544,1.0
3545,1.0
3546,0.90625
3547,1.0
3548,0.96875
3549,1.0
3550,1.0
3551,0.96875
3552,0.96875
3553,1.0
3554,0.96875
3555,0.96875
3556,1.0
3557,0.96875
3558,1.0
3559,0.96875
3560,1.0
3561,1.0
3562,1.0
3563,1.0
3564,1.0
3565,1.0
3566,0.96875
3567,0.9375
3568,1.0
3569,1.0
3570,1.0
3571,1.0
3572,0.96875
3573,0.9375
3574,1.0
3575,1.0
3576,1.0
3577,1.0
3578,0.9375
3579,0.96875
3580,0.90625
3581,0.9375
3582,1.0
3583,0.96875
3584,0.9375
3585,1.0
3586,1.0
3587,0.8125
3588,1.0
3589,1.0
3590,1.0
3591,1.0
3592,1.0
3593,0.96875
3594,1.0
3595,1.0
3596,1.0
3597,1.0
3598,0.96875
3599,1.0
3600,0.96875
3601,1.0
3602,1.0
3603,0.9375
3604,1.0
3605,1.0
3606,0.96875
3607,1.0
3608,1.0
3609,0.96875
3610,1.0
3611,1.0
3612,1.0
3613,1.0
3614,1.0
3615,1.0
3616,0.96875
3617,1.0
3618,0.96875
3619,1.0
3620,1.0
3621,0.90625
3622,0.9375
3623,0.9375
3624,1.0
3625,1.0
3626,1.0
3627,1.0
3628,0.96875
3629,1.0
3630,0.96875
3631,1.0
3632,1.0
3633,1.0
3634,0.96875
3635,1.0
3636,0.9375
3637,0.9375
3638,0.9375
3639,1.0
3640,1.0
3641,0.96875
3642,1.0
3643,1.0
3644,1.0
3645,0.90625
3646,0.96875
3647,1.0
3648,0.875
3649,1.0
3650,1.0
3651,0.96875
3652,1.0
3653,1.0
3654,1.0
3655,0.90625
3656,1.0
3657,1.0
3658,1.0
3659,0.96875
3660,1.0
3661,0.9375
3662,0.96875
3663,1.0
3664,1.0
3665,1.0
3666,1.0
3667,1.0
3668,0.875
3669,1.0
3670,0.96875
3671,1.0
3672,0.90625
3673,1.0
3674,1.0
3675,1.0
3676,1.0
3677,0.96875
3678,0.96875
3679,1.0
3680,0.96875
3681,0.9375
3682,1.0
3683,1.0
3684,1.0
3685,0.96875
3686,1.0
3687,0.96875
3688,0.96875
3689,1.0
3690,1.0
3691,0.9375
3692,1.0
3693,0.96875
3694,1.0
3695,0.96875
3696,1.0
3697,0.875
3698,1.0
3699,1.0
3700,0.96875
3701,1.0
3702,1.0
3703,1.0
3704,1.0
3705,1.0
3706,1.0
3707,0.96875
3708,0.9375
3709,1.0
3710,1.0
3711,1.0
3712,1.0
3713,1.0
3714,1.0
3715,1.0
3716,1.0
3717,0.9375
3718,0.96875
3719,0.96875
3720,0.9375
3721,1.0
3722,0.96875
3723,0.9375
3724,1.0
3725,1.0
3726,1.0
3727,1.0
3728,1.0
3729,1.0
3730,1.0
3731,1.0
3732,1.0
3733,0.96875
3734,1.0
3735,0.96875
3736,1.0
3737,0.90625
3738,1.0
3739,1.0
3740,0.96875
3741,0.96875
3742,1.0
3743,0.9375
3744,1.0
3745,1.0
3746,1.0
3747,0.9375
3748,1.0
3749,1.0
3750,0.9375
3751,0.96875
3752,1.0
3753,1.0
3754,1.0
3755,0.90625
3756,0.875
3757,1.0
3758,1.0
3759,0.96875
3760,1.0
3761,0.9375
3762,1.0
3763,1.0
3764,1.0
3765,1.0
3766,0.6875
3767,1.0
3768,1.0
3769,0.9375
3770,0.96875
3771,0.90625
3772,0.96875
3773,1.0
3774,0.96875
3775,0.6875
3776,1.0
3777,0.9375
3778,1.0
3779,0.96875
3780,0.875
3781,0.96875
3782,1.0
3783,1.0
3784,1.0
3785,0.96875
3786,0.9375
3787,1.0
3788,1.0
3789,0.96875
3790,0.78125
3791,1.0
3792,0.96875
3793,0.96875
3794,0.96875
3795,1.0
3796,1.0
3797,1.0
3798,1.0
3799,0.96875
3800,1.0
3801,1.0
3802,1.0
3803,0.90625
3804,0.96875
3805,1.0
3806,0.9375
3807,0.96875
3808,0.96875
3809,0.96875
3810,1.0
3811,1.0
3812,0.9375
3813,1.0
3814,0.96875
3815,1.0
3816,1.0
3817,0.96875
3818,1.0
3819,1.0
3820,0.96875
3821,0.9375
3822,1.0
3823,1.0
3824,1.0
3825,1.0
3826,0.96875
3827,0.96875
3828,1.0
3829,0.9375
3830,0.96875
3831,1.0
3832,1.0
3833,0.96875
3834,0.96875
3835,1.0
3836,1.0
3837,1.0
3838,0.9375
3839,1.0
3840,1.0
3841,1.0
3842,1.0
3843,0.96875
3844,1.0
3845,1.0
3846,1.0
3847,0.96875
3848,0.96875
3849,1.0
3850,1.0
3851,0.96875
3852,1.0
3853,1.0
3854,0.96875
3855,0.96875
3856,0.96875
3857,0.9375
3858,0.9375
3859,0.96875
3860,1.0
3861,1.0
3862,0.96875
3863,0.96875
3864,1.0
3865,0.96875
3866,0.96875
3867,0.96875
3868,0.90625
3869,1.0
3870,0.96875
3871,0.84375
3872,1.0
3873,0.96875
3874,1.0
3875,1.0
3876,0.9375
3877,1.0
3878,1.0
3879,0.90625
3880,1.0
3881,0.96875
3882,0.9375
3883,1.0
3884,1.0
3885,1.0
3886,1.0
3887,0.96875
3888,1.0
3889,0.9375
3890,1.0
3891,1.0
3892,1.0
3893,0.96875
3894,0.9375
3895,1.0
3896,0.9375
3897,1.0
3898,1.0
3899,0.875
3900,1.0
3901,0.96875
3902,1.0
3903,1.0
3904,0.875
3905,1.0
3906,1.0
3907,1.0
3908,1.0
3909,0.96875
3910,1.0
3911,1.0
3912,0.875
3913,1.0
3914,0.875
3915,1.0
3916,1.0
3917,1.0
3918,0.9375
3919,1.0
3920,0.96875
3921,1.0
3922,1.0
3923,0.96875
3924,1.0
3925,0.96875
3926,1.0
3927,1.0
3928,1.0
3929,0.9375
3930,1.0
3931,0.96875
3932,0.96875
3933,1.0
3934,1.0
3935,1.0
3936,0.96875
3937,1.0
3938,0.9375
3939,0.96875
3940,0.96875
3941,1.0
3942,0.96875
3943,1.0
3944,1.0
3945,0.9375
3946,0.96875
3947,1.0
3948,1.0
3949,1.0
3950,0.96875
3951,1.0
3952,0.96875
3953,1.0
3954,0.9375
3955,0.96875
3956,1.0
3957,0.96875
3958,1.0
3959,1.0
3960,1.0
3961,0.96875
3962,1.0
3963,0.96875
3964,1.0
3965,0.9375
3966,1.0
3967,1.0
3968,1.0
3969,0.96875
3970,0.96875
3971,0.96875
3972,0.78125
3973,0.96875
3974,1.0
3975,0.96875
3976,1.0
3977,1.0
3978,0.9375
3979,1.0
3980,1.0
3981,0.9375
3982,1.0
3983,1.0
3984,1.0
3985,0.96875
3986,1.0
3987,1.0
3988,0.90625
3989,0.9375
3990,0.96875
3991,0.96875
3992,1.0
3993,1.0
3994,1.0
3995,1.0
3996,0.96875
3997,1.0
3998,1.0
3999,0.96875
4000,1.0
4001,0.9375
4002,1.0
4003,1.0
4004,0.96875
4005,0.90625
4006,1.0
4007,1.0
4008,1.0
4009,0.96875
4010,1.0
4011,1.0
4012,1.0
4013,0.96875
4014,1.0
4015,0.9375
4016,0.96875
4017,0.96875
4018,1.0
4019,1.0
4020,0.9375
4021,0.9375
4022,0.90625
4023,0.96875
4024,0.84375
4025,1.0
4026,0.96875
4027,1.0
4028,1.0
4029,0.96875
4030,0.84375
4031,0.9375
4032,1.0
4033,0.96875
4034,0.96875
4035,0.96875
4036,0.96875
4037,1.0
4038,1.0
4039,0.96875
4040,1.0
4041,1.0
4042,1.0
4043,0.9375
4044,0.96875
4045,0.90625
4046,1.0
4047,0.96875
4048,1.0
4049,1.0
4050,1.0
4051,1.0
4052,0.96875
4053,1.0
4054,1.0
4055,0.875
4056,1.0
4057,1.0
4058,0.96875
4059,1.0
4060,0.96875
4061,1.0
4062,0.90625
4063,1.0
4064,0.96875
4065,0.96875
4066,0.96875
4067,0.96875
4068,0.9375
4069,0.90625
4070,0.96875
4071,0.96875
4072,1.0
4073,0.96875
4074,1.0
4075,1.0
4076,1.0
4077,1.0
4078,1.0
4079,0.96875
4080,0.90625
4081,1.0
4082,1.0
4083,1.0
4084,1.0
4085,1.0
4086,1.0
4087,1.0
4088,1.0
4089,1.0
4090,0.90625
4091,0.96875
4092,0.90625
4093,0.9375
4094,0.9375
4095,1.0
4096,0.875
4097,0.96875
4098,0.96875
4099,1.0
4100,1.0
4101,1.0
4102,1.0
4103,1.0
4104,1.0
4105,0.9375
4106,1.0
4107,1.0
4108,1.0
4109,0.96875
4110,1.0
4111,1.0
4112,0.875
4113,0.96875
4114,0.96875
4115,0.96875
4116,0.96875
4117,0.96875
4118,1.0
4119,0.96875
4120,1.0
4121,1.0
4122,0.96875
4123,0.96875
4124,0.96875
4125,1.0
4126,0.96875
4127,1.0
4128,1.0
4129,1.0
4130,0.96875
4131,0.96875
4132,1.0
4133,0.96875
4134,0.96875
4135,0.96875
4136,0.84375
4137,1.0
4138,1.0
4139,0.96875
4140,1.0
4141,1.0
4142,1.0
4143,1.0
4144,0.96875
4145,0.96875
4146,0.96875
4147,0.96875
4148,1.0
4149,0.96875
4150,0.96875
4151,1.0
4152,0.96875
4153,1.0
4154,1.0
4155,0.84375
4156,0.96875
4157,0.96875
4158,1.0
4159,0.96875
4160,0.96875
4161,1.0
4162,0.96875
4163,0.90625
4164,1.0
4165,1.0
4166,0.96875
4167,0.9375
4168,1.0
4169,0.9375
4170,0.96875
4171,1.0
4172,1.0
4173,0.9375
4174,1.0
4175,0.96875
4176,1.0
4177,0.96875
4178,0.9375
4179,1.0
4180,1.0
4181,1.0
4182,0.96875
4183,1.0
4184,0.96875
4185,0.9375
4186,1.0
4187,1.0
4188,0.96875
4189,1.0
4190,1.0
4191,1.0
4192,0.96875
4193,1.0
4194,0.96875
4195,1.0
4196,1.0
4197,0.96875
4198,0.96875
4199,0.96875
4200,0.9375
4201,0.96875
4202,1.0
4203,1.0
4204,0.96875
4205,1.0
4206,1.0
4207,1.0
4208,0.96875
4209,1.0
4210,0.96875
4211,0.96875
4212,1.0
4213,1.0
4214,1.0
4215,0.9375
4216,0.96875
4217,0.90625
4218,0.9375
4219,1.0
4220,1.0
4221,1.0
4222,1.0
4223,1.0
4224,0.90625
4225,0.9375
4226,1.0
4227,1.0
4228,0.96875
4229,0.90625
4230,1.0
4231,0.96875
4232,1.0
4233,1.0
4234,1.0
4235,0.875
4236,0.96875
4237,1.0
4238,1.0
4239,0.9375
4240,1.0
4241,1.0
4242,0.96875
4243,1.0
4244,0.96875
4245,0.90625
4246,0.96875
4247,0.9375
4248,1.0
4249,1.0
4250,1.0
4251,1.0
4252,1.0
4253,0.84375
4254,1.0
4255,0.9375
4256,0.875
4257,1.0
4258,0.96875
4259,1.0
4260,0.96875
4261,0.96875
4262,1.0
4263,0.96875
4264,1.0
4265,0.96875
4266,1.0
4267,0.96875
4268,0.9375
4269,0.96875
4270,0.9375
4271,1.0
4272,1.0
4273,0.96875
4274,0.6875
4275,1.0
4276,1.0
4277,0.96875
4278,1.0
4279,0.90625
4280,1.0
4281,0.96875
4282,0.96875
4283,1.0
4284,0.9375
4285,0.96875
4286,0.96875
4287,0.9375
4288,1.0
4289,0.9375
4290,1.0
4291,1.0
4292,0.96875
4293,0.96875
4294,0.90625
4295,1.0
4296,1.0
4297,1.0
4298,0.9375
4299,1.0
4300,0.96875
4301,0.9375
4302,0.96875
4303,1.0
4304,1.0
4305,1.0
4306,1.0
4307,0.96875
4308,0.96875
4309,1.0
4310,0.9375
4311,1.0
4312,0.96875
4313,0.9375
4314,1.0
4315,0.9375
4316,0.96875
4317,0.96875
4318,0.96875
4319,0.90625
4320,0.90625
4321,0.9375
4322,0.96875
4323,1.0
4324,0.96875
4325,0.9375
4326,1.0
4327,0.96875
4328,0.875
4329,1.0
4330,1.0
4331,0.96875
4332,1.0
4333,0.96875
4334,0.96875
4335,1.0
4336,1.0
4337,0.96875
4338,1.0
4339,1.0
4340,0.9375
4341,1.0
4342,1.0
4343,1.0
4344,0.9375
4345,1.0
4346,0.90625
4347,1.0
4348,1.0
4349,1.0
4350,0.9375
4351,1.0
4352,0.9375
4353,0.96875
4354,0.9375
4355,1.0
4356,0.9375
4357,1.0
4358,0.96875
4359,0.96875
4360,0.96875
4361,1.0
4362,1.0
4363,0.96875
4364,0.9375
4365,0.9375
4366,0.96875
4367,0.96875
4368,0.84375
4369,1.0
4370,1.0
4371,1.0
4372,0.96875
4373,1.0
4374,0.96875
4375,0.96875
4376,1.0
4377,1.0
4378,1.0
4379,0.9375
4380,1.0
4381,1.0
4382,0.96875
4383,1.0
4384,0.96875
4385,1.0
4386,0.84375
4387,1.0
4388,0.96875
4389,0.96875
4390,0.96875
4391,0.96875
4392,1.0
4393,0.96875
4394,1.0
4395,1.0
4396,1.0
4397,0.90625
4398,0.875
4399,1.0
4400,0.96875
4401,0.9375
4402,0.96875
4403,1.0
4404,0.9375
4405,1.0
4406,0.96875
4407,0.9375
4408,1.0
4409,0.96875
4410,0.96875
4411,1.0
4412,1.0
4413,1.0
4414,0.96875
4415,0.9375
4416,1.0
4417,1.0
4418,1.0
4419,0.9375
4420,1.0
4421,1.0
4422,0.96875
4423,1.0
4424,1.0
4425,1.0
4426,1.0
4427,1.0
4428,1.0
4429,1.0
4430,1.0
4431,0.96875
4432,0.96875
4433,0.96875
4434,1.0
4435,0.9375
4436,0.96875
4437,0.96875
4438,0.96875
4439,0.9375
4440,1.0
4441,1.0
4442,0.96875
4443,0.9375
4444,0.96875
4445,1.0
4446,1.0
4447,1.0
4448,1.0
4449,1.0
4450,1.0
4451,0.9375
4452,1.0
4453,0.96875
4454,0.96875
4455,0.96875
4456,0.96875
4457,0.9375
4458,0.96875
4459,1.0
4460,1.0
4461,0.96875
4462,1.0
4463,1.0
4464,0.96875
4465,1.0
4466,1.0
4467,1.0
4468,1.0
4469,1.0
4470,1.0
4471,0.9375
4472,0.875
4473,0.96875
4474,1.0
4475,1.0
4476,1.0
4477,1.0
4478,0.96875
4479,1.0
4480,1.0
4481,1.0
4482,1.0
4483,1.0
4484,1.0
4485,0.90625
4486,0.96875
4487,0.9375
4488,0.96875
4489,0.9375
4490,1.0
4491,1.0
4492,1.0
4493,0.96875
4494,0.875
4495,0.96875
4496,1.0
4497,1.0
4498,0.9375
4499,0.96875
4500,0.96875
4501,1.0
4502,1.0
4503,1.0
4504,0.96875
4505,1.0
4506,1.0
4507,0.90625
4508,0.8125
4509,0.96875
4510,0.84375
4511,1.0
4512,1.0
4513,1.0
4514,0.96875
4515,1.0
4516,0.9375
4517,1.0
4518,0.9375
4519,1.0
4520,1.0
4521,1.0
4522,1.0
4523,1.0
4524,1.0
4525,0.96875
4526,1.0
4527,0.96875
4528,1.0
4529,1.0
4530,0.96875
4531,0.9375
4532,0.96875
4533,1.0
4534,1.0
4535,1.0
4536,0.9375
4537,1.0
4538,1.0
4539,1.0
4540,1.0
4541,1.0
4542,1.0
4543,1.0
4544,1.0
4545,1.0
4546,0.96875
4547,1.0
4548,1.0
4549,0.9375
4550,0.875
4551,1.0
4552,1.0
4553,1.0
4554,0.875
4555,1.0
4556,1.0
4557,0.96875
4558,1.0
4559,0.96875
4560,1.0
4561,1.0
4562,0.9375
4563,0.90625
4564,0.9375
4565,1.0
4566,1.0
4567,1.0
4568,0.9375
4569,1.0
4570,1.0
4571,0.96875
4572,1.0
4573,1.0
4574,0.96875
4575,0.96875
4576,1.0
4577,0.9375
4578,0.96875
4579,1.0
4580,0.96875
4581,0.96875
4582,1.0
4583,1.0
4584,1.0
4585,1.0
4586,1.0
4587,0.9375
4588,0.96875
4589,1.0
4590,0.96875
4591,0.96875
4592,1.0
4593,0.90625
4594,0.96875
4595,1.0
4596,0.9375
4597,0.96875
4598,1.0
4599,0.9375
4600,1.0
4601,0.96875
4602,1.0
4603,1.0
4604,0.9375
4605,1.0
4606,0.96875
4607,1.0
4608,1.0
4609,1.0
4610,0.90625
4611,1.0
4612,1.0
4613,0.9375
4614,1.0
4615,1.0
4616,0.9375
4617,1.0
4618,0.875
4619,1.0
4620,0.96875
4621,0.9375
4622,0.96875
4623,1.0
4624,0.96875
4625,0.96875
4626,0.96875
4627,1.0
4628,1.0
4629,0.84375
4630,0.96875
4631,1.0
4632,1.0
4633,1.0
4634,1.0
4635,1.0
4636,1.0
4637,0.96875
4638,0.9375
4639,0.96875
4640,1.0
4641,1.0
4642,1.0
4643,0.9375
4644,1.0
4645,1.0
4646,1.0
4647,1.0
4648,0.96875
4649,0.9375
4650,1.0
4651,0.96875
4652,0.90625
4653,1.0
4654,1.0
4655,1.0
4656,0.96875
4657,0.96875
4658,1.0
4659,1.0
4660,1.0
4661,0.96875
4662,0.96875
4663,1.0
4664,1.0
4665,0.96875
4666,1.0
4667,0.96875
4668,1.0
4669,1.0
4670,1.0
4671,0.90625
4672,0.96875
4673,1.0
4674,0.96875
4675,1.0
4676,0.96875
4677,0.96875
4678,1.0
4679,1.0
4680,1.0
4681,1.0
4682,1.0
4683,1.0
4684,0.96875
4685,0.96875
4686,1.0
4687,1.0
4688,1.0
4689,0.96875
4690,0.96875
4691,1.0
4692,1.0
4693,1.0
4694,0.9375
4695,1.0
4696,1.0
4697,0.96875
4698,1.0
4699,1.0
4700,1.0
4701,0.96875
4702,0.9375
4703,1.0
4704,1.0
4705,0.96875
4706,0.9375
4707,0.9375
4708,0.9375
4709,1.0
4710,0.9375
4711,1.0
4712,1.0
4713,1.0
4714,0.9375
4715,1.0
4716,0.90625
4717,1.0
4718,1.0
4719,0.78125
4720,1.0
4721,0.96875
4722,1.0
4723,0.90625
4724,1.0
4725,1.0
4726,0.90625
4727,1.0
4728,1.0
4729,0.96875
4730,1.0
4731,0.9375
4732,1.0
4733,1.0
4734,0.96875
4735,1.0
4736,1.0
4737,0.96875
4738,0.96875
4739,1.0
4740,0.96875
4741,0.96875
4742,0.96875
4743,0.96875
4744,0.96875
4745,0.96875
4746,0.96875
4747,0.96875
4748,1.0
4749,1.0
4750,1.0
4751,0.9375
4752,0.96875
4753,1.0
4754,1.0
4755,0.96875
4756,0.96875
4757,1.0
4758,1.0
4759,1.0
4760,0.96875
4761,0.96875
4762,1.0
4763,1.0
4764,1.0
4765,1.0
4766,0.96875
4767,1.0
4768,1.0
4769,0.84375
4770,0.96875
4771,0.96875
4772,1.0
4773,0.96875
4774,1.0
4775,0.96875
4776,1.0
4777,0.9375
4778,0.90625
4779,1.0
4780,1.0
4781,0.90625
4782,1.0
4783,0.9375
4784,1.0
4785,1.0
4786,0.90625
4787,0.96875
4788,1.0
4789,0.875
4790,1.0
4791,1.0
4792,1.0
4793,0.9375
4794,1.0
4795,0.9375
4796,1.0
4797,0.96875
4798,1.0
4799,1.0
4800,1.0
4801,0.96875
4802,0.96875
4803,1.0
4804,0.9375
4805,1.0
4806,1.0
4807,1.0
4808,1.0
4809,0.96875
4810,0.96875
4811,0.96875
4812,1.0
4813,1.0
4814,0.9375
4815,1.0
4816,0.9375
4817,1.0
4818,0.96875
4819,1.0
4820,0.96875
4821,1.0
4822,0.90625
4823,1.0
4824,1.0
4825,0.96875
4826,1.0
4827,0.96875
4828,0.96875
4829,1.0
4830,0.96875
4831,1.0
4832,1.0
4833,0.96875
4834,1.0
4835,0.96875
4836,0.9375
4837,1.0
4838,1.0
4839,1.0
4840,1.0
4841,0.96875
4842,1.0
4843,1.0
4844,0.96875
4845,0.96875
4846,1.0
4847,0.96875
4848,0.96875
4849,0.90625
4850,0.96875
4851,0.9375
4852,1.0
4853,0.96875
4854,0.9375
4855,1.0
4856,1.0
4857,1.0
4858,0.90625
4859,1.0
4860,1.0
4861,0.9375
4862,1.0
4863,1.0
4864,1.0
4865,0.90625
4866,1.0
4867,0.9375
4868,1.0
4869,0.90625
4870,1.0
4871,0.96875
4872,0.9375
4873,0.9375
4874,0.84375
4875,1.0
4876,0.9375
4877,0.8125
4878,1.0
4879,0.96875
4880,0.96875
4881,0.9375
4882,0.96875
4883,0.96875
4884,1.0
4885,0.96875
4886,0.96875
4887,1.0
4888,0.96875
4889,0.90625
4890,0.96875
4891,1.0
4892,1.0
4893,0.9375
4894,0.9375
4895,1.0
4896,1.0
4897,1.0
4898,0.9375
4899,1.0
4900,1.0
4901,1.0
4902,0.96875
4903,0.78125
4904,1.0
4905,0.9375
4906,0.96875
4907,0.96875
4908,0.9375
4909,0.96875
4910,0.9375
4911,0.9375
4912,1.0
4913,1.0
4914,1.0
4915,0.9375
4916,0.875
4917,1.0
4918,0.96875
4919,1.0
4920,1.0
4921,0.96875
4922,1.0
4923,1.0
4924,0.96875
4925,0.96875
4926,0.96875
4927,0.96875
4928,1.0
4929,1.0
4930,1.0
4931,0.96875
4932,1.0
4933,1.0
4934,1.0
4935,1.0
4936,1.0
4937,0.84375
4938,1.0
4939,1.0
4940,1.0
4941,0.96875
4942,1.0
4943,0.96875
4944,0.9375
4945,1.0
4946,0.96875
4947,1.0
4948,1.0
4949,1.0
4950,0.9375
4951,0.9375
4952,0.90625
4953,0.9375
4954,0.96875
4955,1.0
4956,1.0
4957,1.0
4958,0.96875
4959,1.0
4960,0.96875
4961,0.96875
4962,0.96875
4963,1.0
4964,1.0
4965,0.96875
4966,0.96875
4967,0.96875
4968,1.0
4969,1.0
4970,0.96875
4971,0.96875
4972,0.96875
4973,1.0
4974,1.0
4975,1.0
4976,0.875
4977,0.96875
4978,0.96875
4979,0.96875
4980,0.96875
4981,1.0
4982,1.0
4983,0.96875
4984,1.0
4985,0.9375
4986,1.0
4987,0.96875
4988,0.96875
4989,0.96875
4990,0.90625
4991,0.9375
4992,1.0
4993,1.0
4994,0.9375
4995,1.0
4996,1.0
4997,0.9375
4998,0.96875
4999,1.0
5000,0.96875
5001,1.0
5002,0.9375
5003,1.0
5004,1.0
5005,0.96875
5006,1.0
5007,1.0
5008,1.0
5009,0.96875
5010,0.96875
5011,1.0
5012,1.0
5013,1.0
5014,0.96875
5015,1.0
5016,1.0
5017,1.0
5018,1.0
5019,0.96875
5020,1.0
5021,0.96875
5022,0.9375
5023,0.875
5024,0.96875
5025,1.0
5026,1.0
5027,1.0
5028,1.0
5029,1.0
5030,1.0
5031,1.0
5032,1.0
5033,1.0
5034,0.96875
5035,1.0
5036,1.0
5037,0.96875
5038,0.875
5039,1.0
5040,1.0
5041,0.96875
5042,1.0
5043,1.0
5044,1.0
5045,0.96875
5046,0.96875
5047,1.0
5048,1.0
5049,1.0
5050,0.96875
5051,1.0
5052,1.0
5053,0.96875
5054,1.0
5055,1.0
5056,0.96875
5057,0.96875
5058,1.0
5059,1.0
5060,1.0
5061,0.96875
5062,0.96875
5063,1.0
5064,1.0
5065,1.0
5066,0.96875
5067,1.0
5068,0.9375
5069,1.0
5070,0.9375
5071,1.0
5072,0.90625
5073,1.0
5074,1.0
5075,0.9375
5076,1.0
5077,1.0
5078,1.0
5079,0.96875
5080,1.0
5081,1.0
5082,0.96875
5083,0.96875
5084,0.9375
5085,0.90625
5086,0.9375
5087,0.96875
5088,0.96875
5089,1.0
5090,1.0
5091,0.90625
5092,1.0
5093,1.0
5094,1.0
5095,0.9375
5096,1.0
5097,1.0
5098,1.0
5099,0.96875
5100,1.0
5101,0.9375
5102,1.0
5103,1.0
5104,1.0
5105,1.0
5106,1.0
5107,0.96875
5108,1.0
5109,1.0
5110,1.0
5111,0.96875
5112,1.0
5113,1.0
5114,1.0
5115,1.0
5116,1.0
5117,1.0
5118,0.9375
5119,0.96875
5120,0.96875
5121,0.9375
5122,0.9375
5123,1.0
5124,1.0
5125,0.96875
5126,0.96875
5127,0.9375
5128,1.0
5129,0.96875
5130,0.9375
5131,1.0
5132,0.9375
5133,1.0
5134,1.0
5135,1.0
5136,0.90625
5137,0.96875
5138,0.96875
5139,1.0
5140,1.0
5141,1.0
5142,0.90625
5143,0.96875
5144,0.96875
5145,0.96875
5146,1.0
5147,0.84375
5148,1.0
5149,0.9375
5150,1.0
5151,0.96875
5152,0.96875
5153,0.96875
5154,1.0
5155,1.0
5156,0.96875
5157,1.0
5158,1.0
5159,1.0
5160,1.0
5161,0.96875
5162,1.0
5163,1.0
5164,1.0
5165,1.0
5166,0.9375
5167,1.0
5168,1.0
5169,1.0
5170,0.96875
5171,0.96875
5172,1.0
5173,0.96875
5174,0.96875
5175,1.0
5176,1.0
5177,0.8125
5178,0.9375
5179,0.96875
5180,1.0
5181,1.0
5182,0.96875
5183,1.0
5184,1.0
5185,1.0
5186,0.96875
5187,1.0
5188,0.96875
5189,1.0
5190,0.9375
5191,1.0
5192,1.0
5193,0.96875
5194,1.0
5195,1.0
5196,0.96875
5197,0.84375
5198,0.96875
5199,1.0
5200,0.875
5201,1.0
5202,1.0
5203,1.0
5204,0.96875
5205,0.96875
5206,0.9375
5207,0.9375
5208,1.0
5209,1.0
5210,1.0
5211,0.96875
5212,0.96875
5213,1.0
5214,1.0
5215,1.0
5216,1.0
5217,1.0
5218,1.0
5219,1.0
5220,1.0
5221,0.96875
5222,0.96875
5223,0.96875
5224,0.96875
5225,0.96875
5226,1.0
5227,1.0
5228,0.96875
5229,0.90625
5230,1.0
5231,0.96875
5232,1.0
5233,1.0
5234,1.0
5235,0.96875
5236,1.0
5237,1.0
5238,1.0
5239,1.0
5240,0.96875
5241,1.0
5242,1.0
5243,1.0
5244,0.9375
5245,0.96875
5246,1.0
5247,1.0
5248,1.0
5249,0.96875
5250,0.96875
5251,1.0
5252,1.0
5253,0.96875
5254,1.0
5255,1.0
5256,0.96875
5257,1.0
5258,0.96875
5259,0.9375
5260,0.96875
5261,1.0
5262,1.0
5263,0.96875
5264,1.0
5265,0.96875
5266,0.90625
5267,0.96875
5268,1.0
5269,0.96875
5270,1.0
5271,0.96875
5272,0.9375
5273,1.0
5274,0.875
5275,1.0
5276,0.96875
5277,0.9375
5278,1.0
5279,0.96875
5280,0.9375
5281,1.0
5282,0.96875
5283,1.0
5284,0.96875
5285,1.0
5286,1.0
5287,1.0
5288,1.0
5289,0.96875
5290,0.96875
5291,1.0
5292,1.0
5293,1.0
5294,1.0
5295,0.9375
5296,1.0
5297,0.96875
5298,1.0
5299,1.0
5300,0.96875
5301,0.96875
5302,0.96875
5303,0.875
5304,1.0
5305,0.9375
5306,0.8125
5307,0.9375
5308,1.0
5309,1.0
5310,1.0
5311,1.0
5312,1.0
5313,0.96875
5314,1.0
5315,0.96875
5316,1.0
5317,0.96875
5318,1.0
5319,1.0
5320,0.96875
5321,0.90625
5322,0.96875
5323,1.0
5324,1.0
5325,1.0
5326,1.0
5327,0.9375
5328,1.0
5329,1.0
5330,1.0
5331,1.0
5332,0.96875
5333,1.0
5334,1.0
5335,1.0
5336,0.96875
5337,1.0
5338,0.96875
5339,1.0
5340,1.0
5341,1.0
5342,1.0
5343,0.90625
5344,0.9375
5345,0.96875
5346,0.96875
5347,1.0
5348,1.0
5349,1.0
5350,1.0
5351,0.96875
5352,1.0
5353,1.0
5354,1.0
5355,1.0
5356,0.90625
5357,1.0
5358,1.0
5359,0.96875
5360,0.9375
5361,1.0
5362,1.0
5363,1.0
5364,1.0
5365,1.0
5366,1.0
5367,1.0
5368,0.96875
5369,0.875
5370,0.96875
5371,0.9375
5372,1.0
5373,0.9375
5374,1.0
5375,1.0
5376,1.0
5377,1.0
5378,0.9375
5379,0.96875
5380,1.0
5381,0.9375
5382,1.0
5383,0.875
5384,1.0
5385,1.0
5386,0.96875
5387,0.9375
5388,1.0
5389,0.9375
5390,0.9375
5391,1.0
5392,1.0
5393,1.0
5394,0.96875
5395,1.0
5396,1.0
5397,1.0
5398,0.96875
5399,1.0
5400,1.0
5401,1.0
5402,0.9375
5403,1.0
5404,1.0
5405,0.96875
5406,0.9375
5407,1.0
5408,0.96875
5409,0.96875
5410,1.0
5411,0.96875
5412,0.96875
5413,0.9375
5414,0.9375
5415,1.0
5416,0.9375
5417,1.0
5418,0.9375
5419,1.0
5420,1.0
5421,1.0
5422,1.0
5423,1.0
5424,1.0
5425,0.96875
5426,1.0
5427,0.96875
5428,0.9375
5429,1.0
5430,1.0
5431,1.0
5432,0.65625
5433,0.9375
5434,1.0
5435,1.0
5436,0.96875
5437,1.0
5438,0.96875
5439,1.0
5440,1.0
5441,1.0
5442,1.0
5443,0.96875
5444,0.96875
5445,1.0
5446,0.96875
5447,0.6875
5448,1.0
5449,1.0
5450,1.0
5451,1.0
5452,1.0
5453,0.96875
5454,0.96875
5455,0.96875
5456,0.96875
5457,1.0
5458,1.0
5459,1.0
5460,1.0
5461,1.0
5462,0.96875
5463,0.90625
5464,1.0
5465,0.96875
5466,0.96875
5467,0.9375
5468,1.0
5469,0.96875
5470,1.0
5471,1.0
5472,0.875
5473,0.96875
5474,0.96875
5475,0.9375
5476,1.0
5477,1.0
5478,0.96875
5479,1.0
5480,0.96875
5481,0.9375
5482,0.90625
5483,0.875
5484,1.0
5485,0.9375
5486,0.96875
5487,0.96875
5488,0.9375
5489,1.0
5490,0.96875
5491,0.96875
5492,1.0
5493,0.96875
5494,1.0
5495,1.0
5496,1.0
5497,0.9375
5498,0.96875
5499,1.0
5500,1.0
5501,0.96875
5502,0.96875
5503,0.96875
5504,0.96875
5505,1.0
5506,0.90625
5507,0.96875
5508,0.96875
5509,1.0
5510,1.0
5511,1.0
5512,0.96875
5513,0.96875
5514,1.0
5515,1.0
5516,1.0
5517,1.0
5518,0.96875
5519,0.9375
5520,0.9375
5521,0.75
5522,0.96875
5523,1.0
5524,1.0
5525,0.96875
5526,1.0
5527,1.0
5528,0.9375
5529,0.96875
5530,0.96875
5531,0.96875
5532,1.0
5533,0.96875
5534,0.875
5535,0.9375
5536,1.0
5537,0.9375
5538,1.0
5539,0.96875
5540,1.0
5541,0.96875
5542,1.0
5543,1.0
5544,1.0
5545,0.90625
5546,0.9375
5547,0.96875
5548,0.96875
5549,1.0
5550,1.0
5551,0.96875
5552,1.0
5553,1.0
5554,1.0
5555,0.96875
5556,0.96875
5557,1.0
5558,1.0
5559,0.9375
5560,1.0
5561,1.0
5562,0.9375
5563,0.96875
5564,0.90625
5565,1.0
5566,1.0
5567,1.0
5568,1.0
5569,0.96875
5570,0.875
5571,0.9375
5572,1.0
5573,0.96875
5574,1.0
5575,1.0
5576,1.0
5577,0.96875
5578,0.96875
5579,0.9375
5580,0.96875
5581,1.0
5582,1.0
5583,0.96875
5584,1.0
5585,0.90625
5586,0.96875
5587,0.96875
5588,0.96875
5589,1.0
5590,0.96875
5591,0.96875
5592,1.0
5593,1.0
5594,1.0
5595,0.96875
5596,0.96875
5597,0.96875
5598,1.0
5599,1.0
5600,1.0
5601,1.0
5602,1.0
5603,0.90625
5604,0.90625
5605,0.9375
5606,0.9375
5607,0.90625
5608,0.9375
5609,1.0
5610,0.96875
5611,1.0
5612,0.96875
5613,0.96875
5614,1.0
5615,1.0
5616,1.0
5617,1.0
5618,0.96875
5619,0.90625
5620,0.9375
5621,1.0
5622,0.96875
5623,1.0
5624,1.0
5625,0.96875
5626,0.9375
5627,1.0
5628,0.96875
5629,0.90625
5630,1.0
5631,1.0
5632,1.0
5633,1.0
5634,1.0
5635,1.0
5636,1.0
5637,1.0
5638,0.9375
5639,1.0
5640,0.9375
5641,1.0
5642,0.90625
5643,0.84375
5644,1.0
5645,1.0
5646,0.96875
5647,1.0
5648,1.0
5649,1.0
5650,0.96875
5651,0.96875
5652,1.0
5653,1.0
5654,0.96875
5655,0.96875
5656,1.0
5657,1.0
5658,1.0
5659,1.0
5660,0.96875
5661,1.0
5662,0.96875
5663,0.96875
5664,0.96875
5665,1.0
5666,1.0
5667,0.96875
5668,0.96875
5669,0.90625
5670,0.96875
5671,0.78125
5672,1.0
5673,0.96875
5674,1.0
5675,0.9375
5676,0.96875
5677,0.96875
5678,0.96875
5679,0.9375
5680,0.96875
5681,1.0
5682,1.0
5683,0.96875
5684,0.96875
5685,0.96875
5686,1.0
5687,1.0
5688,0.96875
5689,0.90625
5690,0.96875
5691,1.0
5692,1.0
5693,1.0
5694,1.0
5695,1.0
5696,1.0
5697,0.96875
5698,0.90625
5699,0.96875
5700,1.0
5701,1.0
5702,0.96875
5703,1.0
5704,0.96875
5705,0.96875
5706,0.96875
5707,0.96875
5708,0.90625
5709,0.9375
5710,1.0
5711,0.96875
5712,1.0
5713,1.0
5714,0.9375
5715,0.96875
5716,0.96875
5717,1.0
5718,1.0
5719,1.0
5720,1.0
5721,1.0
5722,0.9375
5723,0.9375
5724,1.0
5725,1.0
5726,0.875
5727,1.0
5728,0.96875
5729,0.96875
5730,0.96875
5731,1.0
5732,1.0
5733,1.0
5734,1.0
5735,1.0
5736,1.0
5737,0.96875
5738,0.96875
5739,0.9375
5740,1.0
5741,0.96875
5742,0.96875
5743,1.0
5744,0.96875
5745,0.96875
5746,1.0
5747,1.0
5748,1.0
5749,1.0
5750,0.96875
5751,0.96875
5752,1.0
5753,0.9375
5754,0.96875
5755,0.96875
5756,1.0
5757,0.90625
5758,1.0
5759,1.0
5760,0.84375
5761,0.96875
5762,1.0
5763,1.0
5764,0.96875
5765,0.96875
5766,0.96875
5767,0.9375
5768,1.0
5769,1.0
5770,1.0
5771,1.0
5772,1.0
5773,1.0
5774,0.78125
5775,1.0
5776,0.9375
5777,0.90625
5778,1.0
5779,0.96875
5780,0.96875
5781,0.96875
5782,0.9375
5783,0.96875
5784,1.0
5785,1.0
5786,0.96875
5787,1.0
5788,1.0
5789,1.0
5790,1.0
5791,1.0
5792,0.9375
5793,1.0
5794,0.90625
5795,0.9375
5796,1.0
5797,1.0
5798,0.9375
5799,0.96875
5800,0.96875
5801,1.0
5802,1.0
5803,1.0
5804,1.0
5805,1.0
5806,0.96875
5807,0.96875
5808,1.0
5809,0.96875
5810,1.0
5811,1.0
5812,1.0
5813,0.9375
5814,1.0
5815,0.96875
5816,1.0
5817,1.0
5818,1.0
5819,1.0
5820,1.0
5821,1.0
5822,1.0
5823,0.96875
5824,1.0
5825,0.96875
5826,0.96875
5827,0.96875
5828,1.0
5829,1.0
5830,1.0
5831,1.0
5832,0.96875
5833,1.0
5834,0.9375
5835,0.90625
5836,0.9375
5837,1.0
5838,1.0
5839,0.9375
5840,1.0
5841,0.96875
5842,0.96875
5843,1.0
5844,0.96875
5845,1.0
5846,1.0
5847,0.96875
5848,0.9375
5849,0.9375
5850,1.0
5851,0.78125
5852,0.96875
5853,1.0
5854,1.0
5855,1.0
5856,0.9375
5857,1.0
5858,1.0
5859,1.0
5860,1.0
5861,1.0
5862,0.96875
5863,1.0
5864,0.90625
5865,0.9375
5866,1.0
5867,1.0
5868,1.0
5869,0.9375
5870,1.0
5871,1.0
5872,1.0
5873,1.0
5874,0.96875
5875,1.0
5876,1.0
5877,1.0
5878,1.0
5879,1.0
5880,1.0
5881,1.0
5882,1.0
5883,0.96875
5884,0.96875
5885,0.84375
5886,1.0
5887,1.0
5888,0.90625
5889,1.0
5890,1.0
5891,0.875
5892,0.90625
5893,1.0
5894,0.96875
5895,0.96875
5896,0.78125
5897,1.0
5898,0.9375
5899,1.0
5900,1.0
5901,1.0
5902,0.96875
5903,1.0
5904,1.0
5905,1.0
5906,1.0
5907,1.0
5908,1.0
5909,1.0
5910,1.0
5911,1.0
5912,0.875
5913,1.0
5914,1.0
5915,0.96875
5916,1.0
5917,0.9375
5918,1.0
5919,0.9375
5920,1.0
5921,1.0
5922,1.0
5923,0.96875
5924,1.0
5925,1.0
5926,1.0
5927,1.0
5928,1.0
5929,1.0
5930,1.0
5931,1.0
5932,0.9375
5933,0.875
5934,1.0
5935,0.96875
5936,0.96875
5937,1.0
5938,0.96875
5939,1.0
5940,0.96875
5941,0.96875
5942,0.9375
5943,0.96875
5944,0.9375
5945,0.96875
5946,0.96875
5947,1.0
5948,1.0
5949,1.0
5950,1.0
5951,1.0
5952,0.90625
5953,1.0
5954,0.90625
5955,1.0
5956,1.0
5957,0.96875
5958,1.0
5959,1.0
5960,1.0
5961,0.9375
5962,1.0
5963,0.9375
5964,1.0
5965,0.8125
5966,1.0
5967,1.0
5968,1.0
5969,0.9375
5970,1.0
5971,1.0
5972,1.0
5973,0.90625
5974,0.96875
5975,0.9375
5976,0.9375
5977,1.0
5978,1.0
5979,1.0
5980,0.90625
5981,1.0
5982,0.9375
5983,1.0
5984,0.96875
5985,0.96875
5986,0.9375
5987,1.0
5988,0.875
5989,1.0
5990,1.0
5991,1.0
5992,1.0
5993,0.9375
5994,1.0
5995,0.96875
5996,1.0
5997,0.96875
5998,0.90625
5999,1.0
6000,1.0
6001,1.0
6002,0.96875
6003,0.6875
6004,0.96875
6005,0.96875
6006,0.90625
6007,0.96875
6008,1.0
6009,1.0
6010,1.0
6011,1.0
6012,0.90625
6013,0.96875
6014,1.0
6015,1.0
6016,0.9375
6017,1.0
6018,0.96875
6019,1.0
6020,0.96875
6021,0.8125
6022,1.0
6023,0.90625
6024,1.0
6025,1.0
6026,1.0
6027,1.0
6028,0.96875
6029,1.0
6030,1.0
6031,0.96875
6032,0.96875
6033,0.96875
6034,1.0
6035,0.96875
6036,0.9375
6037,1.0
6038,1.0
6039,1.0
6040,0.9375
6041,1.0
6042,0.96875
6043,0.9375
6044,0.75
6045,0.9375
6046,1.0
6047,1.0
6048,1.0
6049,0.96875
6050,0.90625
6051,0.96875
6052,1.0
6053,0.96875
6054,1.0
6055,1.0
6056,0.96875
6057,0.96875
6058,0.96875
6059,1.0
6060,0.9375
6061,1.0
6062,1.0
6063,0.96875
6064,1.0
6065,1.0
6066,1.0
6067,1.0
6068,0.96875
6069,1.0
6070,1.0
6071,0.96875
6072,0.96875
6073,1.0
6074,0.90625
6075,1.0
6076,0.96875
6077,1.0
6078,0.96875
6079,1.0
6080,1.0
6081,1.0
6082,0.96875
6083,1.0
6084,1.0
6085,1.0
6086,0.96875
6087,0.9375
6088,0.9375
6089,1.0
6090,1.0
6091,0.96875
6092,1.0
6093,0.96875
6094,1.0
6095,0.9375
6096,1.0
6097,1.0
6098,0.96875
6099,1.0
6100,1.0
6101,0.90625
6102,0.9375
6103,0.96875
6104,1.0
6105,0.96875
6106,1.0
6107,0.9375
6108,0.96875
6109,1.0
6110,0.9375
6111,0.875
6112,1.0
6113,1.0
6114,1.0
6115,0.96875
6116,0.96875
6117,1.0
6118,1.0
6119,0.96875
6120,0.9375
6121,1.0
6122,1.0
6123,1.0
6124,1.0
6125,0.84375
6126,0.96875
6127,1.0
6128,0.9375
6129,1.0
6130,1.0
6131,0.84375
6132,1.0
6133,1.0
6134,1.0
6135,1.0
6136,1.0
6137,0.96875
6138,1.0
6139,1.0
6140,1.0
6141,0.9375
6142,0.96875
6143,0.96875
6144,0.96875
6145,1.0
6146,0.96875
6147,1.0
6148,0.96875
6149,0.9375
6150,1.0
6151,0.96875
6152,1.0
6153,1.0
6154,1.0
6155,0.96875
6156,0.96875
6157,0.96875
6158,1.0
6159,0.96875
6160,1.0
6161,0.96875
6162,0.96875
6163,1.0
6164,0.96875
6165,0.90625
6166,1.0
6167,0.96875
6168,0.96875
6169,0.96875
6170,1.0
6171,1.0
6172,0.9375
6173,1.0
6174,0.875
6175,1.0
6176,1.0
6177,1.0
6178,0.96875
6179,0.96875
6180,0.875
6181,0.9375
6182,0.96875
6183,1.0
6184,0.875
6185,0.90625
6186,1.0
6187,1.0
6188,0.9375
6189,1.0
6190,0.96875
6191,0.8125
6192,1.0
6193,1.0
6194,1.0
6195,1.0
6196,0.9375
6197,1.0
6198,0.84375
6199,1.0
6200,1.0
6201,1.0
6202,1.0
6203,1.0
6204,0.96875
6205,1.0
6206,1.0
6207,1.0
6208,0.96875
6209,1.0
6210,1.0
6211,1.0
6212,0.96875
6213,1.0
6214,1.0
6215,0.96875
6216,0.78125
6217,1.0
6218,1.0
6219,0.96875
6220,0.96875
6221,1.0
6222,0.9375
6223,0.96875
6224,1.0
6225,1.0
6226,0.96875
6227,1.0
6228,0.96875
6229,1.0
6230,0.90625
6231,0.96875
6232,0.96875
6233,0.96875
6234,0.9375
6235,1.0
6236,1.0
6237,0.9375
6238,0.96875
6239,0.96875
6240,1.0
6241,1.0
6242,0.9375
6243,1.0
6244,1.0
6245,1.0
6246,0.9375
6247,1.0
6248,0.9375
6249,1.0
6250,0.96875
6251,0.96875
6252,0.84375
6253,1.0
6254,1.0
6255,0.96875
6256,1.0
6257,0.96875
6258,1.0
6259,1.0
6260,0.96875
6261,1.0
6262,1.0
6263,0.96875
6264,1.0
6265,1.0
6266,1.0
6267,0.96875
6268,1.0
6269,1.0
6270,0.96875
6271,1.0
6272,1.0
6273,1.0
6274,0.96875
6275,1.0
6276,1.0
6277,0.96875
6278,1.0
6279,0.90625
6280,0.9375
6281,1.0
6282,1.0
6283,1.0
6284,0.96875
6285,1.0
6286,1.0
6287,0.96875
6288,1.0
6289,1.0
6290,1.0
6291,1.0
6292,1.0
6293,0.96875
6294,1.0
6295,0.9375
6296,1.0
6297,1.0
6298,0.96875
6299,0.9375
6300,0.9375
6301,1.0
6302,1.0
6303,1.0
6304,0.96875
6305,0.90625
6306,1.0
6307,1.0
6308,1.0
6309,1.0
6310,0.96875
6311,1.0
6312,0.96875
6313,0.96875
6314,1.0
6315,1.0
6316,0.96875
6317,0.96875
6318,1.0
6319,0.9375
6320,0.96875
6321,0.96875
6322,0.96875
6323,1.0
6324,1.0
6325,1.0
6326,1.0
6327,0.96875
6328,0.96875
6329,0.8125
6330,1.0
6331,0.9375
6332,0.96875
6333,1.0
6334,0.96875
6335,1.0
6336,1.0
6337,1.0
6338,1.0
6339,1.0
6340,1.0
6341,0.90625
6342,1.0
6343,0.96875
6344,1.0
6345,0.96875
6346,0.96875
6347,1.0
6348,0.96875
6349,0.90625
6350,0.9375
6351,1.0
6352,1.0
6353,1.0
6354,1.0
6355,0.9375
6356,0.9375
6357,1.0
6358,1.0
6359,1.0
6360,0.9375
6361,0.96875
6362,1.0
6363,1.0
6364,0.96875
6365,1.0
6366,1.0
6367,0.96875
6368,0.90625
6369,1.0
6370,0.96875
6371,1.0
6372,0.96875
6373,1.0
6374,1.0
6375,1.0
6376,1.0
6377,0.9375
6378,1.0
6379,0.96875
6380,1.0
6381,1.0
6382,1.0
6383,0.96875
6384,1.0
6385,0.96875
6386,0.9375
6387,1.0
6388,1.0
6389,0.9375
6390,1.0
6391,1.0
6392,1.0
6393,1.0
6394,0.9375
6395,1.0
6396,1.0
6397,1.0
6398,1.0
6399,0.96875
6400,1.0
6401,0.9375
6402,1.0
6403,0.96875
6404,1.0
6405,1.0
6406,1.0
6407,1.0
6408,1.0
6409,0.9375
6410,0.84375
6411,1.0
6412,1.0
6413,0.9375
6414,1.0
6415,0.96875
6416,1.0
6417,0.875
6418,1.0
6419,0.96875
6420,0.96875
6421,0.90625
6422,1.0
6423,1.0
6424,1.0
6425,1.0
6426,0.96875
6427,1.0
6428,1.0
6429,1.0
6430,1.0
6431,0.8125
6432,1.0
6433,1.0
6434,1.0
6435,0.9375
6436,1.0
6437,0.9375
6438,0.96875
6439,0.9375
6440,1.0
6441,1.0
6442,0.90625
6443,0.96875
6444,1.0
6445,0.96875
6446,1.0
6447,0.9375
6448,0.96875
6449,1.0
6450,0.875
6451,0.96875
6452,0.96875
6453,0.96875
6454,1.0
6455,0.96875
6456,1.0
6457,1.0
6458,0.90625
6459,1.0
6460,0.96875
6461,1.0
6462,0.9375
6463,1.0
6464,1.0
6465,1.0
6466,0.96875
6467,0.9375
6468,1.0
6469,1.0
6470,1.0
6471,1.0
6472,0.96875
6473,1.0
6474,1.0
6475,0.875
6476,1.0
6477,1.0
6478,1.0
6479,0.96875
6480,1.0
6481,0.96875
6482,0.875
6483,0.96875
6484,0.96875
6485,0.96875
6486,1.0
6487,1.0
6488,1.0
6489,1.0
6490,1.0
6491,0.96875
6492,0.9375
6493,0.96875
6494,0.84375
6495,1.0
6496,0.96875
6497,0.90625
6498,0.96875
6499,0.96875
6500,0.9375
6501,1.0
6502,1.0
6503,1.0
6504,0.96875
6505,0.96875
6506,0.96875
6507,1.0
6508,0.9375
6509,1.0
6510,0.96875
6511,1.0
6512,1.0
6513,1.0
6514,1.0
6515,1.0
6516,1.0
6517,1.0
6518,0.9375
6519,1.0
6520,1.0
6521,0.96875
6522,1.0
6523,1.0
6524,1.0
6525,1.0
6526,1.0
6527,0.96875
6528,1.0
6529,1.0
6530,0.96875
6531,1.0
6532,1.0
6533,1.0
6534,1.0
6535,0.96875
6536,1.0
6537,1.0
6538,1.0
6539,0.96875
6540,0.9375
6541,1.0
6542,0.875
6543,1.0
6544,1.0
6545,1.0
6546,1.0
6547,1.0
6548,1.0
6549,1.0
6550,0.9375
6551,1.0
6552,0.9375
6553,0.90625
6554,1.0
6555,1.0
6556,1.0
6557,0.875
6558,0.96875
6559,0.9375
6560,0.9375
6561,0.96875
6562,0.96875
6563,0.96875
6564,0.96875
6565,1.0
6566,0.9375
6567,1.0
6568,1.0
6569,0.96875
6570,1.0
6571,1.0
6572,0.9375
6573,0.96875
6574,0.90625
6575,0.9375
6576,1.0
6577,1.0
6578,0.96875
6579,0.96875
6580,1.0
6581,0.96875
6582,1.0
6583,0.9375
6584,1.0
6585,0.96875
6586,1.0
6587,0.9375
6588,0.96875
6589,1.0
6590,1.0
6591,0.9375
6592,1.0
6593,1.0
6594,0.875
6595,0.96875
6596,1.0
6597,0.90625
6598,1.0
6599,1.0
6600,1.0
6601,0.96875
6602,0.9375
6603,0.96875
6604,1.0
6605,1.0
6606,1.0
6607,1.0
6608,0.96875
6609,1.0
6610,0.96875
6611,0.96875
6612,1.0
6613,1.0
6614,0.96875
6615,1.0
6616,1.0
6617,1.0
6618,0.96875
6619,0.96875
6620,1.0
6621,0.9375
6622,0.96875
6623,1.0
6624,1.0
6625,0.9375
6626,1.0
6627,0.9375
6628,0.96875
6629,1.0
6630,1.0
6631,1.0
6632,1.0
6633,1.0
6634,1.0
6635,0.96875
6636,1.0
6637,0.9375
6638,0.9375
6639,0.96875
6640,0.96875
6641,1.0
6642,1.0
6643,0.96875
6644,0.96875
6645,1.0
6646,1.0
6647,0.96875
6648,1.0
6649,0.96875
6650,0.96875
6651,0.96875
6652,0.96875
6653,1.0
6654,0.96875
6655,1.0
6656,1.0
6657,0.96875
6658,1.0
6659,1.0
6660,1.0
6661,1.0
6662,0.96875
6663,1.0
6664,0.96875
6665,0.96875
6666,1.0
6667,1.0
6668,1.0
6669,1.0
6670,0.9375
6671,1.0
6672,0.90625
6673,1.0
6674,1.0
6675,1.0
6676,0.875
6677,1.0
6678,1.0
6679,1.0
6680,1.0
6681,1.0
6682,1.0
6683,1.0
6684,1.0
6685,1.0
6686,1.0
6687,1.0
6688,0.9375
6689,0.96875
6690,0.90625
6691,0.96875
6692,0.96875
6693,0.96875
6694,1.0
6695,1.0
6696,1.0
6697,0.875
6698,0.9375
6699,0.96875
6700,1.0
6701,0.96875
6702,0.9375
6703,0.84375
6704,1.0
6705,0.96875
6706,0.9375
6707,0.96875
6708,0.875
6709,0.9375
6710,1.0
6711,1.0
6712,1.0
6713,1.0
6714,1.0
6715,0.875
6716,1.0
6717,1.0
6718,0.9375
6719,0.875
6720,1.0
6721,1.0
6722,0.9375
6723,1.0
6724,1.0
6725,0.8125
6726,0.9375
6727,1.0
6728,0.9375
6729,0.9375
6730,0.96875
6731,1.0
6732,1.0
6733,1.0
6734,1.0
6735,1.0
6736,1.0
6737,0.96875
6738,1.0
6739,1.0
6740,0.96875
6741,0.75
6742,1.0
6743,1.0
6744,1.0
6745,0.9375
6746,0.96875
6747,0.96875
6748,0.90625
6749,1.0
6750,1.0
6751,1.0
6752,0.9375
6753,1.0
6754,0.96875
6755,1.0
6756,1.0
6757,0.96875
6758,0.96875
6759,1.0
6760,0.96875
6761,1.0
6762,1.0
6763,1.0
6764,1.0
6765,1.0
6766,1.0
6767,1.0
6768,0.96875
6769,0.96875
6770,0.96875
6771,1.0
6772,0.90625
6773,1.0
6774,1.0
6775,0.96875
6776,0.9375
6777,1.0
6778,1.0
6779,0.8125
6780,1.0
6781,1.0
6782,0.96875
6783,0.96875
6784,1.0
6785,1.0
6786,1.0
6787,1.0
6788,1.0
6789,1.0
6790,1.0
6791,0.96875
6792,0.96875
6793,0.96875
6794,1.0
6795,1.0
6796,1.0
6797,1.0
6798,1.0
6799,1.0
6800,1.0
6801,1.0
6802,0.96875
6803,0.9375
6804,1.0
6805,0.96875
6806,0.9375
6807,1.0
6808,0.9375
6809,1.0
6810,1.0
6811,0.9375
6812,1.0
6813,1.0
6814,1.0
6815,0.9375
6816,1.0
6817,1.0
6818,1.0
6819,1.0
6820,1.0
6821,1.0
6822,0.9375
6823,1.0
6824,0.78125
6825,1.0
6826,1.0
6827,0.96875
6828,1.0
6829,0.9375
6830,1.0
6831,1.0
6832,1.0
6833,1.0
6834,1.0
6835,1.0
6836,1.0
6837,1.0
6838,0.96875
6839,1.0
6840,0.9375
6841,1.0
6842,1.0
6843,0.96875
6844,0.96875
6845,1.0
6846,1.0
6847,1.0
6848,1.0
6849,1.0
6850,1.0
6851,1.0
6852,0.9375
6853,0.96875
6854,0.96875
6855,1.0
6856,1.0
6857,1.0
6858,1.0
6859,1.0
6860,1.0
6861,0.96875
6862,0.9375
6863,1.0
6864,1.0
6865,0.96875
6866,1.0
6867,0.90625
6868,0.96875
6869,0.96875
6870,1.0
6871,1.0
6872,0.96875
6873,1.0
6874,0.90625
6875,1.0
6876,0.96875
6877,1.0
6878,1.0
6879,1.0
6880,0.96875
6881,0.96875
6882,0.96875
6883,1.0
6884,1.0
6885,0.96875
6886,1.0
6887,0.9375
6888,1.0
6889,0.96875
6890,0.9375
6891,1.0
6892,1.0
6893,0.96875
6894,0.96875
6895,1.0
6896,1.0
6897,1.0
6898,0.90625
6899,0.96875
6900,0.96875
6901,0.96875
6902,1.0
6903,0.96875
6904,1.0
6905,1.0
6906,1.0
6907,0.9375
6908,0.90625
6909,0.90625
6910,0.9375
6911,0.96875
6912,0.96875
6913,0.96875
6914,0.90625
6915,0.96875
6916,1.0
6917,0.9375
6918,1.0
6919,0.90625
6920,0.96875
6921,0.9375
6922,1.0
6923,0.96875
6924,1.0
6925,1.0
6926,0.96875
6927,1.0
6928,0.90625
6929,0.96875
6930,1.0
6931,1.0
6932,0.96875
6933,1.0
6934,0.96875
6935,1.0
6936,1.0
6937,0.96875
6938,1.0
6939,0.96875
6940,1.0
6941,1.0
6942,1.0
6943,1.0
6944,0.90625
6945,0.875
6946,1.0
6947,0.71875
6948,1.0
6949,0.96875
6950,1.0
6951,1.0
6952,0.96875
6953,0.875
6954,1.0
6955,0.96875
6956,0.90625
6957,0.96875
6958,1.0
6959,1.0
6960,0.9375
6961,0.96875
6962,0.9375
6963,1.0
6964,1.0
6965,0.78125
6966,0.9375
6967,0.9375
6968,1.0
6969,1.0
6970,1.0
6971,0.9375
6972,1.0
6973,1.0
6974,0.90625
6975,0.96875
6976,0.96875
6977,0.9375
6978,1.0
6979,1.0
6980,1.0
6981,0.96875
6982,1.0
6983,0.9375
6984,1.0
6985,0.9375
6986,1.0
6987,1.0
6988,0.84375
6989,0.96875
6990,1.0
6991,1.0
6992,0.96875
6993,0.96875
6994,0.875
6995,1.0
6996,0.96875
6997,0.9375
6998,1.0
6999,1.0
7000,1.0
7001,0.96875
7002,1.0
7003,0.78125
7004,0.9375
7005,0.78125
7006,1.0
7007,1.0
7008,1.0
7009,0.90625
7010,1.0
7011,1.0
7012,0.96875
7013,1.0
7014,0.90625
7015,0.875
7016,1.0
7017,1.0
7018,1.0
7019,1.0
7020,0.96875
7021,1.0
7022,0.96875
7023,0.96875
7024,1.0
7025,1.0
7026,0.96875
7027,1.0
7028,1.0
7029,0.96875
7030,1.0
7031,0.9375
7032,0.9375
7033,1.0
7034,1.0
7035,0.96875
7036,0.96875
7037,0.96875
7038,0.96875
7039,0.875
7040,1.0
7041,1.0
7042,0.96875
7043,1.0
7044,0.96875
7045,0.96875
7046,1.0
7047,0.96875
7048,0.9375
7049,0.96875
7050,0.96875
7051,0.9375
7052,1.0
7053,0.96875
7054,0.90625
7055,0.96875
7056,0.9375
7057,1.0
7058,1.0
7059,0.9375
7060,1.0
7061,1.0
7062,1.0
7063,0.90625
7064,0.9375
7065,1.0
7066,1.0
7067,0.9375
7068,1.0
7069,0.9375
7070,0.96875
7071,0.96875
7072,0.9375
7073,1.0
7074,1.0
7075,1.0
7076,1.0
7077,1.0
7078,1.0
7079,1.0
7080,0.96875
7081,1.0
7082,1.0
7083,1.0
7084,1.0
7085,0.96875
7086,1.0
7087,0.90625
7088,1.0
7089,0.875
7090,0.96875
7091,0.96875
7092,1.0
7093,1.0
7094,0.9375
7095,1.0
7096,1.0
7097,1.0
7098,1.0
7099,0.96875
7100,0.96875
7101,0.78125
7102,1.0
7103,0.96875
7104,1.0
7105,0.96875
7106,1.0
7107,0.9375
7108,1.0
7109,0.90625
7110,1.0
7111,1.0
7112,0.96875
7113,1.0
7114,1.0
7115,0.96875
7116,1.0
7117,1.0
7118,1.0
7119,0.96875
7120,1.0
7121,1.0
7122,1.0
7123,0.9375
7124,0.96875
7125,1.0
7126,1.0
7127,0.90625
7128,0.9375
7129,0.96875
7130,0.96875
7131,1.0
7132,0.96875
7133,0.9375
7134,1.0
7135,1.0
7136,1.0
7137,0.96875
7138,1.0
7139,0.96875
7140,1.0
7141,1.0
7142,1.0
7143,1.0
7144,1.0
7145,0.9375
7146,0.96875
7147,0.96875
7148,0.96875
7149,1.0
7150,0.96875
7151,0.96875
7152,1.0
7153,1.0
7154,1.0
7155,1.0
7156,0.96875
7157,1.0
7158,0.9375
7159,0.96875
7160,1.0
7161,0.96875
7162,0.96875
7163,0.96875
7164,0.96875
7165,1.0
7166,1.0
7167,0.96875
7168,0.96875
7169,1.0
7170,1.0
7171,1.0
7172,1.0
7173,0.96875
7174,0.8125
7175,1.0
7176,0.96875
7177,1.0
7178,0.96875
7179,1.0
7180,1.0
7181,1.0
7182,0.96875
7183,1.0
7184,1.0
7185,0.96875
7186,0.9375
7187,1.0
7188,0.90625
7189,1.0
7190,0.9375
7191,1.0
7192,0.9375
7193,0.96875
7194,1.0
7195,0.96875
7196,1.0
7197,1.0
7198,1.0
7199,1.0
7200,1.0
7201,0.9375
7202,1.0
7203,1.0
7204,1.0
7205,1.0
7206,1.0
7207,1.0
7208,1.0
7209,1.0
7210,0.96875
7211,1.0
7212,1.0
7213,1.0
7214,0.9375
7215,1.0
7216,0.96875
7217,1.0
7218,0.9375
7219,1.0
7220,0.96875
7221,0.96875
7222,0.96875
7223,1.0
7224,0.96875
7225,1.0
7226,0.96875
7227,1.0
7228,1.0
7229,0.96875
7230,0.96875
7231,0.96875
7232,0.90625
7233,1.0
7234,1.0
7235,1.0
7236,0.96875
7237,1.0
7238,0.96875
7239,1.0
7240,0.9375
7241,1.0
7242,1.0
7243,0.96875
7244,0.96875
7245,1.0
7246,0.96875
7247,1.0
7248,1.0
7249,0.90625
7250,0.875
7251,1.0
7252,1.0
7253,0.96875
7254,0.9375
7255,1.0
7256,0.9375
7257,0.9375
7258,0.9375
7259,1.0
7260,1.0
7261,0.96875
7262,1.0
7263,1.0
7264,0.96875
7265,0.96875
7266,0.875
7267,1.0
7268,1.0
7269,0.96875
7270,1.0
7271,1.0
7272,1.0
7273,1.0
7274,1.0
7275,0.96875
7276,1.0
7277,1.0
7278,1.0
7279,1.0
7280,1.0
7281,1.0
7282,1.0
7283,0.9375
7284,1.0
7285,0.9375
7286,0.875
7287,1.0
7288,1.0
7289,1.0
7290,1.0
7291,0.96875
7292,1.0
7293,0.90625
7294,1.0
7295,0.9375
7296,1.0
7297,1.0
7298,0.96875
7299,0.9375
7300,1.0
7301,1.0
7302,0.96875
7303,0.9375
7304,1.0
7305,0.9375
7306,1.0
7307,1.0
7308,0.96875
7309,0.875
7310,1.0
7311,1.0
7312,1.0
7313,0.96875
7314,0.96875
7315,0.96875
7316,0.96875
7317,1.0
7318,1.0
7319,0.9375
7320,1.0
7321,0.9375
7322,1.0
7323,0.96875
7324,1.0
7325,0.96875
7326,0.96875
7327,1.0
7328,0.96875
7329,1.0
7330,0.96875
7331,1.0
7332,1.0
7333,1.0
7334,1.0
7335,0.9375
7336,0.9375
7337,1.0
7338,1.0
7339,1.0
7340,0.9375
7341,0.96875
7342,0.96875
7343,1.0
7344,0.96875
7345,0.9375
7346,1.0
7347,0.96875
7348,0.96875
7349,1.0
7350,1.0
7351,1.0
7352,1.0
7353,1.0
7354,0.96875
7355,1.0
7356,1.0
7357,0.96875
7358,0.96875
7359,1.0
7360,0.84375
7361,1.0
7362,0.9375
7363,1.0
7364,0.90625
7365,0.96875
7366,1.0
7367,0.96875
7368,0.96875
7369,1.0
7370,0.9375
7371,1.0
7372,1.0
7373,1.0
7374,1.0
7375,1.0
7376,0.96875
7377,1.0
7378,1.0
7379,0.96875
7380,1.0
7381,0.96875
7382,1.0
7383,0.9375
7384,1.0
7385,1.0
7386,1.0
7387,0.96875
7388,0.96875
7389,0.96875
7390,1.0
7391,0.96875
7392,1.0
7393,0.9375
7394,0.875
7395,1.0
7396,1.0
7397,1.0
7398,1.0
7399,0.96875
7400,0.96875
7401,0.96875
7402,1.0
7403,0.875
7404,1.0
7405,0.96875
7406,0.96875
7407,0.96875
7408,0.9375
7409,0.96875
7410,0.96875
7411,0.9375
7412,0.96875
7413,0.96875
7414,0.96875
7415,1.0
7416,1.0
7417,0.9375
7418,0.90625
7419,1.0
7420,1.0
7421,0.96875
7422,1.0
7423,0.96875
7424,0.96875
7425,0.96875
7426,1.0
7427,1.0
7428,1.0
7429,0.96875
7430,0.9375
7431,1.0
7432,1.0
7433,0.96875
7434,1.0
7435,1.0
7436,1.0
7437,1.0
7438,1.0
7439,0.9375
7440,0.96875
7441,0.96875
7442,0.9375
7443,0.96875
7444,1.0
7445,0.96875
7446,0.96875
7447,0.96875
7448,0.96875
7449,0.90625
7450,1.0
7451,1.0
7452,0.96875
7453,1.0
7454,1.0
7455,0.96875
7456,0.96875
7457,1.0
7458,1.0
7459,1.0
7460,1.0
7461,0.90625
7462,0.9375
7463,1.0
7464,0.96875
7465,1.0
7466,0.96875
7467,0.96875
7468,1.0
7469,1.0
7470,1.0
7471,0.96875
7472,0.9375
7473,1.0
7474,0.90625
7475,1.0
7476,1.0
7477,1.0
7478,0.96875
7479,1.0
7480,1.0
7481,0.9375
7482,0.96875
7483,0.9375
7484,0.96875
7485,0.90625
7486,1.0
7487,0.96875
7488,1.0
7489,1.0
7490,0.96875
7491,1.0
7492,1.0
7493,1.0
7494,1.0
7495,1.0
7496,0.90625
7497,1.0
7498,1.0
7499,1.0
7500,1.0
7501,1.0
7502,1.0
7503,1.0
7504,1.0
7505,0.96875
7506,0.96875
7507,0.96875
7508,0.96875
7509,0.875
7510,1.0
7511,1.0
7512,1.0
7513,1.0
7514,1.0
7515,0.96875
7516,0.96875
7517,0.96875
7518,1.0
7519,0.875
7520,1.0
7521,0.96875
7522,1.0
7523,0.9375
7524,0.9375
7525,0.9375
7526,1.0
7527,0.78125
7528,1.0
7529,0.9375
7530,1.0
7531,0.84375
7532,0.96875
7533,0.96875
7534,1.0
7535,0.9375
7536,1.0
7537,0.96875
7538,0.9375
7539,0.9375
7540,0.96875
7541,1.0
7542,0.96875
7543,0.96875
7544,0.90625
7545,0.90625
7546,1.0
7547,1.0
7548,0.875
7549,1.0
7550,1.0
7551,1.0
7552,1.0
7553,1.0
7554,0.96875
7555,1.0
7556,0.96875
7557,0.96875
7558,0.96875
7559,0.875
7560,0.96875
7561,0.96875
7562,1.0
7563,0.96875
7564,1.0
7565,1.0
7566,0.9375
7567,0.9375
7568,0.9375
7569,0.96875
7570,0.96875
7571,0.96875
7572,0.96875
7573,1.0
7574,0.96875
7575,0.90625
7576,0.90625
7577,0.96875
7578,0.90625
7579,0.875
7580,1.0
7581,1.0
7582,0.78125
7583,0.96875
7584,0.90625
7585,1.0
7586,0.9375
7587,1.0
7588,0.96875
7589,0.875
7590,0.96875
7591,0.96875
7592,0.9375
7593,1.0
7594,0.96875
7595,0.96875
7596,1.0
7597,1.0
7598,1.0
7599,1.0
7600,0.96875
7601,1.0
7602,0.96875
7603,1.0
7604,1.0
7605,1.0
7606,0.9375
7607,1.0
7608,0.96875
7609,1.0
7610,1.0
7611,1.0
7612,1.0
7613,1.0
7614,1.0
7615,1.0
7616,1.0
7617,0.9375
7618,0.9375
7619,1.0
7620,1.0
7621,1.0
7622,0.9375
7623,0.96875
7624,1.0
7625,1.0
7626,1.0
7627,0.9375
7628,0.96875
7629,1.0
7630,0.90625
7631,1.0
7632,0.96875
7633,1.0
7634,1.0
7635,1.0
7636,0.9375
7637,0.96875
7638,1.0
7639,1.0
7640,0.96875
7641,1.0
7642,1.0
7643,0.9375
7644,1.0
7645,1.0
7646,0.96875
7647,1.0
7648,1.0
7649,1.0
7650,1.0
7651,0.96875
7652,1.0
7653,0.96875
7654,0.96875
7655,0.96875
7656,1.0
7657,0.9375
7658,0.96875
7659,1.0
7660,0.96875
7661,0.96875
7662,1.0
7663,1.0
7664,1.0
7665,1.0
7666,1.0
7667,1.0
7668,0.96875
7669,1.0
7670,1.0
7671,1.0
7672,1.0
7673,1.0
7674,0.96875
7675,0.96875
7676,1.0
7677,0.96875
7678,0.96875
7679,0.96875
7680,1.0
7681,1.0
7682,0.96875
7683,1.0
7684,0.9375
7685,1.0
7686,1.0
7687,1.0
7688,1.0
7689,0.96875
7690,1.0
7691,0.9375
7692,1.0
7693,1.0
7694,0.9375
7695,1.0
7696,1.0
7697,1.0
7698,1.0
7699,1.0
7700,1.0
7701,0.96875
7702,0.96875
7703,0.96875
7704,1.0
7705,0.96875
7706,0.875
7707,1.0
7708,0.96875
7709,1.0
7710,0.96875
7711,0.96875
7712,1.0
7713,0.96875
7714,1.0
7715,1.0
7716,1.0
7717,1.0
7718,0.90625
7719,1.0
7720,1.0
7721,1.0
7722,1.0
7723,1.0
7724,1.0
7725,0.96875
7726,0.9375
7727,0.96875
7728,0.96875
7729,0.96875
7730,1.0
7731,1.0
7732,0.96875
7733,1.0
7734,1.0
7735,0.96875
7736,1.0
7737,1.0
7738,1.0
7739,0.90625
7740,0.96875
7741,1.0
7742,1.0
7743,1.0
7744,1.0
7745,1.0
7746,0.9375
7747,0.96875
7748,0.9375
7749,1.0
7750,0.96875
7751,1.0
7752,1.0
7753,1.0
7754,0.96875
7755,1.0
7756,1.0
7757,0.96875
7758,0.9375
7759,0.96875
7760,1.0
7761,0.96875
7762,1.0
7763,0.96875
7764,1.0
7765,0.9375
7766,1.0
7767,0.96875
7768,0.9375
7769,1.0
7770,0.96875
7771,1.0
7772,0.875
7773,0.90625
7774,1.0
7775,1.0
7776,1.0
7777,0.9375
7778,0.96875
7779,0.96875
7780,1.0
7781,0.9375
7782,1.0
7783,0.96875
7784,1.0
7785,1.0
7786,1.0
7787,0.9375
7788,1.0
7789,0.96875
7790,0.96875
7791,1.0
7792,0.9375
7793,1.0
7794,1.0
7795,1.0
7796,0.96875
7797,1.0
7798,1.0
7799,1.0
7800,0.875
7801,1.0
7802,1.0
7803,0.96875
7804,0.9375
7805,0.96875
7806,0.96875
7807,1.0
7808,0.9375
7809,1.0
7810,0.96875
7811,0.90625
7812,0.9375
7813,1.0
7814,1.0
7815,1.0
7816,0.96875
7817,1.0
7818,1.0
7819,1.0
7820,1.0
7821,1.0
7822,0.9375
7823,0.9375
7824,0.96875
7825,1.0
7826,1.0
7827,0.9375
7828,0.96875
7829,1.0
7830,0.96875
7831,0.96875
7832,0.9375
7833,1.0
7834,0.875
7835,0.96875
7836,0.9375
7837,1.0
7838,1.0
7839,1.0
7840,0.875
7841,0.9375
7842,0.90625
7843,1.0
7844,0.96875
7845,0.9375
7846,0.9375
7847,1.0
7848,1.0
7849,1.0
7850,0.96875
7851,0.96875
7852,0.90625
7853,1.0
7854,1.0
7855,1.0
7856,0.96875
7857,1.0
7858,0.96875
7859,0.96875
7860,1.0
7861,1.0
7862,1.0
7863,0.875
7864,1.0
7865,1.0
7866,1.0
7867,1.0
7868,1.0
7869,1.0
7870,1.0
7871,0.96875
7872,1.0
7873,0.75
7874,0.96875
7875,1.0
7876,1.0
7877,0.9375
7878,1.0
7879,0.96875
7880,0.96875
7881,1.0
7882,1.0
7883,1.0
7884,1.0
7885,0.9375
7886,1.0
7887,1.0
7888,1.0
7889,1.0
7890,0.9375
7891,0.96875
7892,1.0
7893,0.9375
7894,0.9375
7895,1.0
7896,1.0
7897,1.0
7898,1.0
7899,1.0
7900,1.0
7901,1.0
7902,1.0
7903,1.0
7904,1.0
7905,1.0
7906,1.0
7907,0.96875
7908,0.9375
7909,1.0
7910,0.9375
7911,0.9375
7912,0.90625
7913,1.0
7914,1.0
7915,0.96875
7916,0.90625
7917,0.96875
7918,0.96875
7919,0.9375
7920,1.0
7921,1.0
7922,1.0
7923,0.96875
7924,1.0
7925,1.0
7926,1.0
7927,1.0
7928,1.0
7929,0.875
7930,1.0
7931,1.0
7932,0.9375
7933,1.0
7934,0.96875
7935,0.96875
7936,0.96875
7937,1.0
7938,1.0
7939,0.96875
7940,0.9375
7941,0.96875
7942,1.0
7943,0.9375
7944,1.0
7945,1.0
7946,1.0
7947,1.0
7948,1.0
7949,0.9375
7950,0.96875
7951,1.0
7952,0.96875
7953,0.90625
7954,0.96875
7955,0.96875
7956,0.9375
7957,0.96875
7958,1.0
7959,1.0
7960,0.96875
7961,0.96875
7962,0.90625
7963,0.96875
7964,1.0
7965,1.0
7966,0.90625
7967,1.0
7968,0.96875
7969,1.0
7970,1.0
7971,0.96875
7972,1.0
7973,1.0
7974,1.0
7975,1.0
7976,1.0
7977,1.0
7978,1.0
7979,1.0
7980,1.0
7981,0.9375
7982,0.96875
7983,1.0
7984,1.0
7985,1.0
7986,1.0
7987,0.96875
7988,0.90625
7989,0.9375
7990,1.0
7991,1.0
7992,1.0
7993,1.0
7994,1.0
7995,1.0
7996,1.0
7997,0.96875
7998,1.0
7999,0.9375
8000,0.96875
8001,0.9375
8002,1.0
8003,0.9375
8004,1.0
8005,1.0
8006,1.0
8007,1.0
8008,0.875
8009,0.96875
8010,1.0
8011,0.90625
8012,1.0
8013,1.0
8014,0.96875
8015,0.625
8016,0.96875
8017,0.9375
8018,0.90625
8019,0.875
8020,1.0
8021,1.0
8022,1.0
8023,1.0
8024,0.96875
8025,0.9375
8026,0.96875
8027,0.9375
8028,1.0
8029,0.96875
8030,0.96875
8031,1.0
8032,1.0
8033,0.96875
8034,1.0
8035,0.96875
8036,0.9375
8037,0.96875
8038,0.84375
8039,0.90625
8040,1.0
8041,0.9375
8042,1.0
8043,1.0
8044,0.96875
8045,1.0
8046,0.875
8047,1.0
8048,0.78125
8049,0.96875
8050,1.0
8051,0.96875
8052,1.0
8053,1.0
8054,1.0
8055,0.9375
8056,1.0
8057,1.0
8058,1.0
8059,1.0
8060,1.0
8061,0.9375
8062,0.9375
8063,1.0
8064,0.90625
8065,0.96875
8066,1.0
8067,1.0
8068,0.96875
8069,0.96875
8070,0.9375
8071,1.0
8072,1.0
8073,1.0
8074,0.96875
8075,0.90625
8076,1.0
8077,0.9375
8078,0.96875
8079,0.875
8080,1.0
8081,0.9375
8082,1.0
8083,1.0
8084,0.96875
8085,1.0
8086,0.9375
8087,1.0
8088,0.9375
8089,0.9375
8090,0.96875
8091,1.0
8092,1.0
8093,1.0
8094,0.9375
8095,0.9375
8096,1.0
8097,1.0
8098,1.0
8099,0.96875
8100,1.0
8101,0.78125
8102,0.96875
8103,0.9375
8104,1.0
8105,1.0
8106,1.0
8107,1.0
8108,1.0
8109,1.0
8110,1.0
8111,0.96875
8112,0.96875
8113,0.875
8114,1.0
8115,0.9375
8116,0.875
8117,0.96875
8118,1.0
8119,0.96875
8120,1.0
8121,1.0
8122,0.9375
8123,1.0
8124,1.0
8125,1.0
8126,1.0
8127,1.0
8128,1.0
8129,1.0
8130,1.0
8131,0.96875
8132,0.90625
8133,1.0
8134,1.0
8135,0.96875
8136,1.0
8137,1.0
8138,1.0
8139,1.0
8140,1.0
8141,0.875
8142,0.96875
8143,1.0
8144,1.0
8145,0.96875
8146,0.9375
8147,0.96875
8148,0.90625
8149,0.90625
8150,0.96875
8151,1.0
8152,0.9375
8153,0.96875
8154,1.0
8155,1.0
8156,0.96875
8157,1.0
8158,0.9375
8159,1.0
8160,1.0
8161,1.0
8162,0.9375
8163,1.0
8164,0.96875
8165,0.96875
8166,0.96875
8167,0.96875
8168,0.9375
8169,0.96875
8170,1.0
8171,1.0
8172,1.0
8173,0.59375
8174,1.0
8175,1.0
8176,1.0
8177,1.0
8178,0.9375
8179,0.96875
8180,1.0
8181,1.0
8182,1.0
8183,0.9375
8184,0.96875
8185,1.0
8186,0.96875
8187,1.0
8188,1.0
8189,0.96875
8190,1.0
8191,0.9375
8192,0.96875
8193,1.0
8194,0.9375
8195,0.90625
8196,0.9375
8197,0.9375
8198,0.96875
8199,1.0
8200,0.96875
8201,1.0
8202,0.96875
8203,1.0
8204,1.0
8205,0.9375
8206,1.0
8207,1.0
8208,0.96875
8209,0.96875
8210,1.0
8211,1.0
8212,1.0
8213,0.90625
8214,0.96875
8215,0.9375
8216,0.96875
8217,0.9375
8218,1.0
8219,1.0
8220,0.96875
8221,0.96875
8222,0.96875
8223,1.0
8224,0.9375
8225,1.0
8226,1.0
8227,0.96875
8228,0.96875
8229,1.0
8230,0.9375
8231,1.0
8232,1.0
8233,0.96875
8234,1.0
8235,0.9375
8236,1.0
8237,1.0
8238,0.96875
8239,1.0
8240,0.96875
8241,1.0
8242,1.0
8243,1.0
8244,0.96875
8245,1.0
8246,1.0
8247,1.0
8248,0.96875
8249,1.0
8250,1.0
8251,1.0
8252,1.0
8253,0.96875
8254,0.9375
8255,1.0
8256,1.0
8257,0.96875
8258,0.9375
8259,1.0
8260,0.96875
8261,0.90625
8262,1.0
8263,1.0
8264,1.0
8265,0.8125
8266,1.0
8267,0.875
8268,1.0
8269,1.0
8270,1.0
8271,1.0
8272,1.0
8273,0.96875
8274,1.0
8275,1.0
8276,1.0
8277,1.0
8278,1.0
8279,1.0
8280,0.96875
8281,0.96875
8282,0.96875
8283,0.96875
8284,0.96875
8285,1.0
8286,0.96875
8287,1.0
8288,0.96875
8289,1.0
8290,1.0
8291,1.0
8292,1.0
8293,1.0
8294,1.0
8295,1.0
8296,0.96875
8297,1.0
8298,0.90625
8299,1.0
8300,1.0
8301,0.96875
8302,0.96875
8303,1.0
8304,1.0
8305,0.96875
8306,1.0
8307,1.0
8308,0.8125
8309,1.0
8310,1.0
8311,1.0
8312,0.96875
8313,0.96875
8314,0.9375
8315,1.0
8316,1.0
8317,0.90625
8318,0.96875
8319,0.96875
8320,0.96875
8321,0.96875
8322,0.90625
8323,0.96875
8324,0.96875
8325,1.0
8326,0.96875
8327,1.0
8328,1.0
8329,0.96875
8330,0.96875
8331,1.0
8332,0.96875
