,Absolute Magnetisations Per Spin
0,0.0625
1,0.09375
2,0.03125
3,0.03125
4,0.03125
5,0.21875
6,0.28125
7,0.28125
8,0.53125
9,0.375
10,0.5
11,0.5625
12,0.28125
13,0.0625
14,0.03125
15,0.375
16,0.6875
17,0.4375
18,0.40625
19,0.5
20,0.5
21,0.65625
22,0.71875
23,0.5
24,0.40625
25,0.46875
26,0.625
27,0.375
28,0.5
29,0.375
30,0.28125
31,0.375
32,0.40625
33,0.21875
34,0.03125
35,0.0625
36,0.3125
37,0.4375
38,0.5625
39,0.21875
40,0.0
41,0.21875
42,0.34375
43,0.03125
44,0.0625
45,0.09375
46,0.1875
47,0.375
48,0.5625
49,0.5
50,0.5
51,0.625
52,0.3125
53,0.1875
54,0.15625
55,0.09375
56,0.21875
57,0.28125
58,0.1875
59,0.28125
60,0.28125
61,0.0625
62,0.125
63,0.09375
64,0.21875
65,0.5
66,0.4375
67,0.4375
68,0.59375
69,0.625
70,0.5625
71,0.71875
72,0.78125
73,0.65625
74,0.71875
75,0.71875
76,0.8125
77,0.78125
78,0.6875
79,0.6875
80,0.65625
81,0.625
82,0.5625
83,0.59375
84,0.875
85,0.8125
86,0.625
87,0.90625
88,0.90625
89,0.8125
90,0.71875
91,0.75
92,0.71875
93,0.8125
94,0.78125
95,0.59375
96,0.40625
97,0.15625
98,0.03125
99,0.40625
100,0.375
101,0.15625
102,0.15625
103,0.0625
104,0.09375
105,0.34375
106,0.34375
107,0.1875
108,0.25
109,0.125
110,0.09375
111,0.25
112,0.0625
113,0.0625
114,0.1875
115,0.0625
116,0.125
117,0.09375
118,0.0625
119,0.1875
120,0.125
121,0.15625
122,0.09375
123,0.15625
124,0.28125
125,0.15625
126,0.21875
127,0.1875
128,0.375
129,0.40625
130,0.59375
131,0.40625
132,0.59375
133,0.65625
134,0.3125
135,0.1875
136,0.4375
137,0.25
138,0.25
139,0.1875
140,0.03125
141,0.34375
142,0.46875
143,0.34375
144,0.4375
145,0.4375
146,0.34375
147,0.34375
148,0.46875
149,0.34375
150,0.125
151,0.03125
152,0.125
153,0.375
154,0.53125
155,0.53125
156,0.65625
157,0.78125
158,0.84375
159,0.9375
160,0.75
161,0.46875
162,0.53125
163,0.4375
164,0.4375
165,0.5
166,0.59375
167,0.40625
168,0.59375
169,0.46875
170,0.5
171,0.53125
172,0.40625
173,0.1875
174,0.09375
175,0.125
176,0.1875
177,0.34375
178,0.5625
179,0.6875
180,0.625
181,0.65625
182,0.375
183,0.25
184,0.4375
185,0.5
186,0.5
187,0.65625
188,0.6875
189,0.625
190,0.71875
191,0.71875
192,0.625
193,0.1875
194,0.125
195,0.21875
196,0.40625
197,0.40625
198,0.4375
199,0.34375
200,0.03125
201,0.21875
202,0.125
203,0.0625
204,0.09375
205,0.15625
206,0.09375
207,0.03125
208,0.15625
209,0.09375
210,0.28125
211,0.0
212,0.1875
213,0.34375
214,0.375
215,0.75
216,0.84375
217,0.875
218,0.875
219,0.9375
220,0.9375
221,0.84375
222,0.53125
223,0.21875
224,0.40625
225,0.375
226,0.59375
227,0.6875
228,1.0
229,0.90625
230,0.71875
231,0.625
232,0.5
233,0.375
234,0.125
235,0.1875
236,0.34375
237,0.28125
238,0.3125
239,0.28125
240,0.5625
241,0.625
242,0.71875
243,0.5625
244,0.40625
245,0.1875
246,0.34375
247,0.4375
248,0.4375
249,0.40625
250,0.46875
251,0.5
252,0.5
253,0.5625
254,0.3125
255,0.1875
256,0.03125
257,0.1875
258,0.28125
259,0.40625
260,0.5
261,0.59375
262,0.65625
263,0.84375
264,0.75
265,0.6875
266,0.71875
267,0.4375
268,0.375
269,0.25
270,0.34375
271,0.40625
272,0.25
273,0.53125
274,0.40625
275,0.40625
276,0.03125
277,0.25
278,0.3125
279,0.28125
280,0.46875
281,0.6875
282,0.625
283,0.59375
284,0.75
285,0.78125
286,0.78125
287,0.78125
288,0.71875
289,0.5625
290,0.53125
291,0.5
292,0.375
293,0.28125
294,0.15625
295,0.0625
296,0.15625
297,0.34375
298,0.46875
299,0.75
300,0.5625
301,0.375
302,0.25
303,0.28125
304,0.09375
305,0.3125
306,0.4375
307,0.53125
308,0.46875
309,0.5625
310,0.5625
311,0.75
312,0.46875
313,0.5
314,0.4375
315,0.53125
316,0.5
317,0.625
318,0.6875
319,0.53125
320,0.71875
321,0.65625
322,0.46875
323,0.4375
324,0.0625
325,0.28125
326,0.125
327,0.5
328,0.375
329,0.3125
330,0.34375
331,0.4375
332,0.65625
333,0.5
334,0.15625
335,0.125
336,0.0625
337,0.34375
338,0.5
339,0.03125
340,0.125
341,0.09375
342,0.28125
343,0.3125
344,0.0
345,0.3125
346,0.46875
347,0.53125
348,0.71875
349,0.65625
350,0.71875
351,0.75
352,0.53125
353,0.84375
354,0.875
355,0.71875
356,0.8125
357,0.625
358,0.59375
359,0.65625
360,0.65625
361,0.71875
362,0.6875
363,0.625
364,0.40625
365,0.3125
366,0.3125
367,0.46875
368,0.4375
369,0.28125
370,0.0
371,0.03125
372,0.15625
373,0.25
374,0.53125
375,0.65625
376,0.5625
377,0.71875
378,0.75
379,0.625
380,0.65625
381,0.625
382,0.71875
383,0.71875
384,0.8125
385,0.8125
386,0.625
387,0.4375
388,0.4375
389,0.625
390,0.75
391,0.9375
392,0.875
393,0.84375
394,0.71875
395,0.5625
396,0.625
397,0.625
398,0.8125
399,0.6875
400,0.71875
401,0.6875
402,0.75
403,0.78125
404,0.6875
405,0.78125
406,0.6875
407,0.71875
408,0.78125
409,0.78125
410,0.75
411,0.78125
412,0.6875
413,0.53125
414,0.65625
415,0.5
416,0.59375
417,0.53125
418,0.625
419,0.6875
420,0.625
421,0.65625
422,0.71875
423,0.59375
424,0.53125
425,0.40625
426,0.3125
427,0.40625
428,0.59375
429,0.34375
430,0.4375
431,0.3125
432,0.40625
433,0.40625
434,0.59375
435,0.59375
436,0.46875
437,0.6875
438,0.625
439,0.84375
440,0.75
441,0.625
442,0.8125
443,0.71875
444,0.78125
445,0.78125
446,0.8125
447,0.8125
448,0.8125
449,0.75
450,0.625
451,0.71875
452,0.59375
453,0.625
454,0.71875
455,0.75
456,0.5625
457,0.59375
458,0.59375
459,0.625
460,0.65625
461,0.625
462,0.53125
463,0.53125
464,0.59375
465,0.75
466,0.59375
467,0.75
468,0.375
469,0.5
470,0.40625
471,0.34375
472,0.15625
473,0.28125
474,0.0625
475,0.03125
476,0.03125
477,0.1875
478,0.09375
479,0.0625
480,0.28125
481,0.375
482,0.5
483,0.375
484,0.1875
485,0.09375
486,0.0625
487,0.25
488,0.4375
489,0.1875
490,0.125
491,0.375
492,0.625
493,0.71875
494,0.75
495,0.75
496,0.875
497,0.84375
498,0.8125
499,0.71875
500,0.5625
501,0.65625
502,0.375
503,0.25
504,0.59375
505,0.71875
506,0.53125
507,0.75
508,0.78125
509,0.4375
510,0.3125
511,0.3125
512,0.40625
513,0.5625
514,0.4375
515,0.1875
516,0.3125
517,0.09375
518,0.21875
519,0.09375
520,0.03125
521,0.15625
522,0.03125
523,0.09375
524,0.28125
525,0.28125
526,0.5
527,0.6875
528,0.6875
529,0.46875
530,0.4375
531,0.4375
532,0.25
533,0.25
534,0.125
535,0.09375
536,0.1875
537,0.1875
538,0.1875
539,0.03125
540,0.15625
541,0.28125
542,0.0
543,0.375
544,0.34375
545,0.28125
546,0.375
547,0.46875
548,0.4375
549,0.625
550,0.6875
551,0.75
552,0.78125
553,0.75
554,0.59375
555,0.53125
556,0.625
557,0.65625
558,0.53125
559,0.53125
560,0.3125
561,0.53125
562,0.46875
563,0.53125
564,0.65625
565,0.5625
566,0.4375
567,0.46875
568,0.46875
569,0.71875
570,0.4375
571,0.34375
572,0.46875
573,0.375
574,0.5
575,0.65625
576,0.46875
577,0.375
578,0.25
579,0.625
580,0.625
581,0.5
582,0.59375
583,0.71875
584,0.65625
585,0.5625
586,0.5
587,0.375
588,0.4375
589,0.4375
590,0.03125
591,0.0
592,0.21875
593,0.25
594,0.40625
595,0.5
596,0.5625
597,0.5
598,0.625
599,0.5
600,0.5
601,0.40625
602,0.28125
603,0.4375
604,0.28125
605,0.25
606,0.375
607,0.4375
608,0.3125
609,0.3125
610,0.3125
611,0.25
612,0.21875
613,0.5
614,0.59375
615,0.4375
616,0.25
617,0.375
618,0.375
619,0.15625
620,0.40625
621,0.25
622,0.40625
623,0.34375
624,0.0625
625,0.03125
626,0.15625
627,0.34375
628,0.5625
629,0.3125
630,0.40625
631,0.09375
632,0.34375
633,0.09375
634,0.09375
635,0.0625
636,0.1875
637,0.21875
638,0.28125
639,0.34375
640,0.3125
641,0.53125
642,0.6875
643,0.59375
644,0.65625
645,0.625
646,0.25
647,0.21875
648,0.0625
649,0.09375
650,0.15625
651,0.125
652,0.03125
653,0.25
654,0.1875
655,0.46875
656,0.375
657,0.6875
658,0.6875
659,0.46875
660,0.5
661,0.375
662,0.375
663,0.375
664,0.53125
665,0.59375
666,0.4375
667,0.4375
668,0.25
669,0.53125
670,0.375
671,0.40625
672,0.3125
673,0.25
674,0.3125
675,0.375
676,0.59375
677,0.46875
678,0.5
679,0.40625
680,0.34375
681,0.46875
682,0.28125
683,0.09375
684,0.0625
685,0.03125
686,0.0
687,0.125
688,0.09375
689,0.4375
690,0.5
691,0.625
692,0.46875
693,0.4375
694,0.46875
695,0.28125
696,0.0625
697,0.0
698,0.0
699,0.21875
700,0.25
701,0.15625
702,0.40625
703,0.5
704,0.625
705,0.71875
706,0.78125
707,0.75
708,0.625
709,0.65625
710,0.6875
711,0.21875
712,0.34375
713,0.09375
714,0.21875
715,0.4375
716,0.46875
717,0.5
718,0.625
719,0.53125
720,0.0625
721,0.40625
722,0.5
723,0.65625
724,0.71875
725,0.5
726,0.5
727,0.46875
728,0.28125
729,0.34375
730,0.4375
731,0.25
732,0.09375
733,0.0625
734,0.03125
735,0.21875
736,0.125
737,0.09375
738,0.15625
739,0.3125
740,0.375
741,0.40625
742,0.1875
743,0.28125
744,0.28125
745,0.25
746,0.15625
747,0.15625
748,0.15625
749,0.21875
750,0.15625
751,0.3125
752,0.3125
753,0.4375
754,0.28125
755,0.5
756,0.5625
757,0.65625
758,0.5625
759,0.5625
760,0.40625
761,0.59375
762,0.6875
763,0.8125
764,0.90625
765,0.78125
766,0.78125
767,0.5
768,0.4375
769,0.5625
770,0.46875
771,0.4375
772,0.625
773,0.78125
774,0.875
775,0.78125
776,0.78125
777,0.6875
778,0.65625
779,0.6875
780,0.59375
781,0.6875
782,0.6875
783,0.6875
784,0.59375
785,0.28125
786,0.15625
787,0.0
788,0.09375
789,0.0
790,0.4375
791,0.53125
792,0.40625
793,0.03125
794,0.125
795,0.15625
796,0.0
797,0.21875
798,0.375
799,0.28125
800,0.4375
801,0.40625
802,0.03125
803,0.15625
804,0.3125
805,0.40625
806,0.34375
807,0.3125
808,0.28125
809,0.28125
810,0.21875
811,0.5625
812,0.71875
813,0.59375
814,0.5625
815,0.65625
816,0.71875
817,0.90625
818,0.875
819,0.53125
820,0.3125
821,0.625
822,0.59375
823,0.53125
824,0.46875
825,0.625
826,0.78125
827,0.90625
828,0.78125
829,0.8125
830,0.75
831,0.8125
832,0.78125
833,0.75
834,0.59375
835,0.59375
836,0.34375
837,0.34375
838,0.25
839,0.15625
840,0.0625
841,0.15625
842,0.0625
843,0.03125
844,0.125
845,0.0625
846,0.03125
847,0.0625
848,0.0625
849,0.28125
850,0.03125
851,0.125
852,0.25
853,0.09375
854,0.03125
855,0.3125
856,0.46875
857,0.53125
858,0.40625
859,0.3125
860,0.46875
861,0.53125
862,0.6875
863,0.59375
864,0.28125
865,0.4375
866,0.4375
867,0.5
868,0.375
869,0.65625
870,0.4375
871,0.09375
872,0.15625
873,0.0625
874,0.0625
875,0.25
876,0.1875
877,0.28125
878,0.15625
879,0.5
880,0.40625
881,0.3125
882,0.0625
883,0.09375
884,0.375
885,0.40625
886,0.375
887,0.1875
888,0.125
889,0.125
890,0.09375
891,0.21875
892,0.25
893,0.5625
894,0.4375
895,0.5
896,0.46875
897,0.46875
898,0.4375
899,0.5
900,0.1875
901,0.5625
902,0.71875
903,0.75
904,0.6875
905,0.84375
906,0.8125
907,0.4375
908,0.71875
909,0.875
910,0.875
911,0.84375
912,0.75
913,0.59375
914,0.75
915,0.6875
916,0.75
917,0.75
918,0.875
919,0.71875
920,0.8125
921,0.75
922,0.65625
923,0.78125
924,0.75
925,0.78125
926,0.84375
927,0.90625
928,0.75
929,0.75
930,0.6875
931,0.8125
932,0.75
933,0.71875
934,0.625
935,0.75
936,0.75
937,0.625
938,0.65625
939,0.53125
940,0.5625
941,0.65625
942,0.6875
943,0.59375
944,0.4375
945,0.53125
946,0.28125
947,0.3125
948,0.34375
949,0.65625
950,0.84375
951,0.875
952,0.59375
953,0.75
954,0.84375
955,0.875
956,0.875
957,0.78125
958,0.71875
959,0.8125
960,0.78125
961,0.53125
962,0.40625
963,0.40625
964,0.46875
965,0.59375
966,0.71875
967,0.71875
968,0.75
969,0.59375
970,0.46875
971,0.375
972,0.21875
973,0.09375
974,0.03125
975,0.1875
976,0.375
977,0.46875
978,0.125
979,0.21875
980,0.28125
981,0.28125
982,0.25
983,0.21875
984,0.3125
985,0.3125
986,0.375
987,0.28125
988,0.40625
989,0.21875
990,0.03125
991,0.21875
992,0.09375
993,0.5
994,0.78125
995,0.78125
996,0.71875
997,0.65625
998,0.8125
999,0.65625
