,Absolute Magnetisations Per Spin
0,0.71875
1,0.875
2,0.96875
3,1.0
4,1.0
5,1.0
6,1.0
7,1.0
8,1.0
9,1.0
10,1.0
11,1.0
12,1.0
13,1.0
14,1.0
15,1.0
16,1.0
17,1.0
18,1.0
19,1.0
20,1.0
21,1.0
22,1.0
23,1.0
24,1.0
25,1.0
26,1.0
27,1.0
28,1.0
29,1.0
30,1.0
31,1.0
32,1.0
33,1.0
34,1.0
35,1.0
36,1.0
37,1.0
38,1.0
39,1.0
40,1.0
41,1.0
42,1.0
43,1.0
44,1.0
45,0.96875
46,0.96875
47,0.96875
48,0.9375
49,0.90625
50,0.96875
51,0.96875
52,0.96875
53,1.0
54,1.0
55,1.0
56,1.0
57,1.0
58,1.0
59,1.0
60,1.0
61,1.0
62,1.0
63,1.0
64,0.96875
65,0.96875
66,0.96875
67,0.96875
68,0.96875
69,0.96875
70,1.0
71,1.0
72,1.0
73,1.0
74,0.96875
75,1.0
76,1.0
77,1.0
78,1.0
79,1.0
80,1.0
81,1.0
82,1.0
83,1.0
84,1.0
85,1.0
86,1.0
87,1.0
88,1.0
89,1.0
90,1.0
91,1.0
92,1.0
93,1.0
94,1.0
95,1.0
96,1.0
97,1.0
98,0.96875
99,1.0
100,1.0
101,0.96875
102,1.0
103,1.0
104,1.0
105,1.0
106,0.96875
107,0.96875
108,1.0
109,1.0
110,1.0
111,1.0
112,1.0
113,1.0
114,1.0
115,1.0
116,1.0
117,1.0
118,1.0
119,1.0
120,1.0
121,1.0
122,1.0
123,1.0
124,1.0
125,1.0
126,1.0
127,0.96875
128,1.0
129,1.0
130,0.96875
131,1.0
132,1.0
133,1.0
134,1.0
135,1.0
136,1.0
137,0.96875
138,0.9375
139,0.96875
140,0.96875
141,1.0
142,1.0
143,1.0
144,1.0
145,1.0
146,1.0
147,1.0
148,1.0
149,0.9375
150,0.9375
151,0.96875
152,0.96875
153,1.0
154,1.0
155,1.0
156,1.0
157,1.0
158,1.0
159,1.0
160,1.0
161,1.0
162,1.0
163,1.0
164,1.0
165,1.0
166,1.0
167,1.0
168,1.0
169,1.0
170,1.0
171,1.0
172,1.0
173,1.0
174,1.0
175,1.0
176,1.0
177,1.0
178,1.0
179,1.0
180,1.0
181,1.0
182,1.0
183,1.0
184,1.0
185,1.0
186,1.0
187,1.0
188,1.0
189,0.96875
190,0.96875
191,1.0
192,1.0
193,1.0
194,1.0
195,1.0
196,1.0
197,1.0
198,0.9375
199,0.96875
200,1.0
201,0.96875
202,1.0
203,1.0
204,1.0
205,1.0
206,1.0
207,0.96875
208,1.0
209,1.0
210,0.96875
211,0.90625
212,0.90625
213,0.90625
214,0.9375
215,1.0
216,1.0
217,1.0
218,0.96875
219,1.0
220,1.0
221,1.0
222,1.0
223,0.96875
224,0.96875
225,0.96875
226,1.0
227,1.0
228,1.0
229,1.0
230,1.0
231,0.96875
232,1.0
233,1.0
234,1.0
235,1.0
236,1.0
237,1.0
238,1.0
239,1.0
240,1.0
241,0.96875
242,0.96875
243,1.0
244,1.0
245,1.0
246,1.0
247,1.0
248,1.0
249,1.0
250,1.0
251,1.0
252,1.0
253,1.0
254,0.96875
255,0.9375
256,1.0
257,0.96875
258,0.96875
259,0.96875
260,1.0
261,1.0
262,1.0
263,1.0
264,0.96875
265,1.0
266,0.96875
267,0.96875
268,0.96875
269,1.0
270,1.0
271,1.0
272,1.0
273,1.0
274,1.0
275,0.96875
276,1.0
277,0.96875
278,0.9375
279,0.9375
280,0.875
281,1.0
282,1.0
283,1.0
284,1.0
285,1.0
286,1.0
287,1.0
288,1.0
289,1.0
290,1.0
291,1.0
292,1.0
293,1.0
294,1.0
295,1.0
296,1.0
297,0.96875
298,0.96875
299,1.0
300,1.0
301,1.0
302,1.0
303,1.0
304,1.0
305,1.0
306,1.0
307,1.0
308,1.0
309,1.0
310,0.96875
311,0.96875
312,0.96875
313,0.96875
314,1.0
315,0.96875
316,1.0
317,1.0
318,1.0
319,1.0
320,1.0
321,1.0
322,1.0
323,1.0
324,1.0
325,1.0
326,0.96875
327,0.9375
328,0.9375
329,0.96875
330,1.0
331,1.0
332,1.0
333,1.0
334,1.0
335,1.0
336,0.96875
337,0.9375
338,0.9375
339,0.90625
340,0.96875
341,0.96875
342,1.0
343,1.0
344,1.0
345,1.0
346,1.0
347,1.0
348,1.0
349,1.0
350,1.0
351,1.0
352,1.0
353,1.0
354,1.0
355,1.0
356,1.0
357,1.0
358,0.96875
359,0.9375
360,1.0
361,0.96875
362,1.0
363,1.0
364,0.96875
365,1.0
366,1.0
367,1.0
368,1.0
369,1.0
370,1.0
371,1.0
372,1.0
373,1.0
374,1.0
375,1.0
376,1.0
377,1.0
378,1.0
379,1.0
380,1.0
381,1.0
382,1.0
383,1.0
384,0.9375
385,0.9375
386,1.0
387,0.96875
388,0.96875
389,0.96875
390,1.0
391,1.0
392,1.0
393,1.0
394,1.0
395,1.0
396,1.0
397,1.0
398,1.0
399,1.0
400,0.96875
401,0.96875
402,0.90625
403,0.9375
404,0.875
405,0.9375
406,0.9375
407,0.96875
408,1.0
409,1.0
410,0.96875
411,0.96875
412,1.0
413,1.0
414,1.0
415,1.0
416,1.0
417,1.0
418,1.0
419,1.0
420,1.0
421,1.0
422,1.0
423,0.96875
424,0.9375
425,0.96875
426,0.96875
427,1.0
428,1.0
429,0.96875
430,1.0
431,1.0
432,1.0
433,1.0
434,1.0
435,1.0
436,1.0
437,1.0
438,1.0
439,1.0
440,1.0
441,1.0
442,1.0
443,1.0
444,1.0
445,1.0
446,1.0
447,1.0
448,1.0
449,1.0
450,0.90625
451,0.96875
452,0.96875
453,0.96875
454,0.96875
455,0.96875
456,1.0
457,1.0
458,1.0
459,1.0
460,0.96875
461,0.96875
462,1.0
463,1.0
464,1.0
465,1.0
466,1.0
467,1.0
468,1.0
469,1.0
470,1.0
471,1.0
472,1.0
473,1.0
474,1.0
475,1.0
476,1.0
477,0.96875
478,1.0
479,1.0
480,1.0
481,1.0
482,1.0
483,1.0
484,0.96875
485,0.96875
486,0.9375
487,0.9375
488,0.9375
489,0.96875
490,0.96875
491,0.9375
492,0.96875
493,0.96875
494,0.96875
495,0.96875
496,0.96875
497,0.96875
498,0.96875
499,0.9375
500,1.0
501,1.0
502,0.96875
503,1.0
504,1.0
505,1.0
506,1.0
507,1.0
508,1.0
509,1.0
510,1.0
511,1.0
512,1.0
513,1.0
514,1.0
515,1.0
516,1.0
517,1.0
518,1.0
519,1.0
520,1.0
521,1.0
522,1.0
523,1.0
524,1.0
525,1.0
526,1.0
527,1.0
528,1.0
529,1.0
530,1.0
531,0.96875
532,1.0
533,0.96875
534,0.9375
535,0.90625
536,0.96875
537,1.0
538,1.0
539,0.96875
540,1.0
541,1.0
542,1.0
543,1.0
544,1.0
545,1.0
546,1.0
547,1.0
548,1.0
549,1.0
550,1.0
551,1.0
552,1.0
553,1.0
554,1.0
555,1.0
556,1.0
557,1.0
558,1.0
559,1.0
560,1.0
561,1.0
562,0.96875
563,1.0
564,1.0
565,1.0
566,1.0
567,1.0
568,1.0
569,1.0
570,1.0
571,0.96875
572,0.96875
573,0.96875
574,0.96875
575,0.9375
576,0.96875
577,0.96875
578,0.96875
579,0.96875
580,1.0
581,1.0
582,1.0
583,1.0
584,1.0
585,1.0
586,1.0
587,1.0
588,1.0
589,1.0
590,0.96875
591,1.0
592,1.0
593,1.0
594,1.0
595,1.0
596,1.0
597,1.0
598,1.0
599,0.96875
600,0.96875
601,1.0
602,1.0
603,1.0
604,1.0
605,1.0
606,1.0
607,0.96875
608,0.9375
609,0.96875
610,0.96875
611,1.0
612,1.0
613,1.0
614,0.96875
615,0.9375
616,1.0
617,1.0
618,1.0
619,1.0
620,0.96875
621,0.96875
622,1.0
623,0.96875
624,1.0
625,1.0
626,1.0
627,1.0
628,1.0
629,1.0
630,1.0
631,1.0
632,1.0
633,1.0
634,0.96875
635,1.0
636,1.0
637,1.0
638,1.0
639,1.0
640,1.0
641,1.0
642,1.0
643,1.0
644,1.0
645,1.0
646,0.96875
647,1.0
648,1.0
649,1.0
650,1.0
651,1.0
652,1.0
653,1.0
654,1.0
655,1.0
656,1.0
657,1.0
658,1.0
659,1.0
660,1.0
661,0.96875
662,0.96875
663,1.0
664,1.0
665,1.0
666,0.96875
667,1.0
668,1.0
669,1.0
670,1.0
671,0.9375
672,0.96875
673,0.9375
674,1.0
675,1.0
676,1.0
677,1.0
678,1.0
679,1.0
680,1.0
681,1.0
682,0.96875
683,1.0
684,1.0
685,0.96875
686,1.0
687,1.0
688,1.0
689,1.0
690,1.0
691,1.0
692,1.0
693,1.0
694,1.0
695,1.0
696,0.96875
697,1.0
698,1.0
699,1.0
700,1.0
701,1.0
702,1.0
703,1.0
704,1.0
705,1.0
706,1.0
707,1.0
708,1.0
709,1.0
710,1.0
711,1.0
712,0.96875
713,1.0
714,1.0
715,1.0
716,1.0
717,1.0
718,0.96875
719,1.0
720,0.96875
721,0.96875
722,1.0
723,1.0
724,1.0
725,1.0
726,0.96875
727,0.90625
728,0.84375
729,0.875
730,1.0
731,1.0
732,1.0
733,1.0
734,1.0
735,1.0
736,1.0
737,0.9375
738,1.0
739,1.0
740,1.0
741,1.0
742,0.96875
743,1.0
744,1.0
745,0.9375
746,1.0
747,1.0
748,0.96875
749,1.0
750,1.0
751,1.0
752,1.0
753,1.0
754,1.0
755,1.0
756,1.0
757,0.96875
758,0.96875
759,1.0
760,0.96875
761,0.96875
762,1.0
763,1.0
764,1.0
765,1.0
766,1.0
767,1.0
768,1.0
769,1.0
770,1.0
771,1.0
772,0.96875
773,0.90625
774,0.90625
775,0.90625
776,0.96875
777,1.0
778,1.0
779,1.0
780,1.0
781,1.0
782,1.0
783,1.0
784,1.0
785,1.0
786,1.0
787,0.96875
788,1.0
789,1.0
790,1.0
791,1.0
792,1.0
793,1.0
794,1.0
795,1.0
796,1.0
797,0.96875
798,0.96875
799,1.0
800,1.0
801,0.96875
802,1.0
803,1.0
804,1.0
805,1.0
806,0.96875
807,0.96875
808,0.96875
809,0.96875
810,1.0
811,1.0
812,1.0
813,1.0
814,1.0
815,1.0
816,1.0
817,1.0
818,1.0
819,1.0
820,1.0
821,0.96875
822,1.0
823,1.0
824,1.0
825,1.0
826,1.0
827,1.0
828,1.0
829,1.0
830,1.0
831,0.96875
832,0.96875
833,1.0
834,1.0
835,1.0
836,1.0
837,1.0
838,1.0
839,0.96875
840,0.96875
841,0.96875
842,0.96875
843,0.96875
844,0.96875
845,1.0
846,1.0
847,1.0
848,1.0
849,0.9375
850,0.96875
851,0.96875
852,0.96875
853,1.0
854,1.0
855,1.0
856,1.0
857,1.0
858,1.0
859,1.0
860,1.0
861,1.0
862,1.0
863,1.0
864,1.0
865,1.0
866,1.0
867,1.0
868,1.0
869,1.0
870,1.0
871,1.0
872,0.96875
873,0.96875
874,1.0
875,1.0
876,1.0
877,1.0
878,1.0
879,1.0
880,1.0
881,1.0
882,0.96875
883,0.96875
884,1.0
885,1.0
886,1.0
887,1.0
888,1.0
889,1.0
890,1.0
891,1.0
892,0.96875
893,1.0
894,1.0
895,0.9375
896,0.9375
897,1.0
898,1.0
899,0.96875
900,0.96875
901,1.0
902,0.96875
903,1.0
904,1.0
905,1.0
906,1.0
907,1.0
908,1.0
909,1.0
910,1.0
911,1.0
912,1.0
913,1.0
914,0.96875
915,0.96875
916,0.96875
917,0.9375
918,0.96875
919,1.0
920,1.0
921,1.0
922,0.96875
923,0.96875
924,0.96875
925,0.96875
926,1.0
927,1.0
928,1.0
929,1.0
930,1.0
931,1.0
932,1.0
933,1.0
934,1.0
935,1.0
936,0.96875
937,1.0
938,1.0
939,1.0
940,1.0
941,1.0
942,1.0
943,1.0
944,1.0
945,1.0
946,1.0
947,1.0
948,1.0
949,0.96875
950,0.96875
951,1.0
952,1.0
953,0.9375
954,0.96875
955,1.0
956,1.0
957,1.0
958,1.0
959,1.0
960,1.0
961,1.0
962,1.0
963,1.0
964,1.0
965,1.0
966,1.0
967,1.0
968,1.0
969,1.0
970,1.0
971,1.0
972,1.0
973,1.0
974,1.0
975,0.96875
976,0.96875
977,0.96875
978,0.90625
979,0.96875
980,1.0
981,1.0
982,1.0
983,1.0
984,1.0
985,1.0
986,1.0
987,1.0
988,1.0
989,0.96875
990,0.96875
991,1.0
992,1.0
993,1.0
994,1.0
995,1.0
996,1.0
997,1.0
998,1.0
999,1.0
