,Absolute Magnetisations Per Spin
0,0.5625
1,0.53125
2,0.6875
3,0.5
4,0.59375
5,0.75
6,0.78125
7,0.9375
8,0.875
9,0.75
10,0.5625
11,0.59375
12,0.40625
13,0.59375
14,0.5
15,0.46875
16,0.46875
17,0.59375
18,0.46875
19,0.375
20,0.375
21,0.25
22,0.15625
23,0.3125
24,0.15625
25,0.0625
26,0.0
27,0.25
28,0.1875
29,0.1875
30,0.28125
31,0.28125
32,0.46875
33,0.65625
34,0.375
35,0.25
36,0.46875
37,0.625
38,0.34375
39,0.21875
40,0.1875
41,0.25
42,0.34375
43,0.53125
44,0.53125
45,0.21875
46,0.3125
47,0.6875
48,0.75
49,0.90625
50,0.8125
51,0.6875
52,0.6875
53,0.71875
54,0.75
55,1.0
56,1.0
57,1.0
58,0.875
59,0.90625
60,1.0
61,0.9375
62,0.875
63,0.71875
64,0.8125
65,0.71875
66,0.6875
67,0.75
68,0.90625
69,0.90625
70,0.78125
71,0.84375
72,0.8125
73,0.78125
74,0.875
75,0.875
76,0.875
77,0.90625
78,0.90625
79,0.8125
80,0.78125
81,0.6875
82,0.71875
83,0.75
84,0.8125
85,0.96875
86,0.875
87,0.9375
88,1.0
89,0.90625
90,0.9375
91,0.96875
92,1.0
93,0.96875
94,0.875
95,0.78125
96,0.8125
97,0.84375
98,0.84375
99,0.6875
100,0.59375
101,0.5625
102,0.46875
103,0.3125
104,0.09375
105,0.25
106,0.1875
107,0.1875
108,0.25
109,0.15625
110,0.40625
111,0.59375
112,0.46875
113,0.71875
114,0.6875
115,0.9375
116,0.75
117,0.5625
118,0.625
119,0.6875
120,0.71875
121,0.75
122,0.5625
123,0.6875
124,0.75
125,0.78125
126,0.65625
127,0.75
128,0.84375
129,0.875
130,0.78125
131,0.78125
132,0.78125
133,0.875
134,0.875
135,0.75
136,0.6875
137,0.71875
138,0.8125
139,0.75
140,0.875
141,0.8125
142,0.71875
143,0.6875
144,0.3125
145,0.34375
146,0.28125
147,0.15625
148,0.21875
149,0.25
150,0.125
151,0.1875
152,0.25
153,0.40625
154,0.28125
155,0.28125
156,0.3125
157,0.25
158,0.25
159,0.375
160,0.65625
161,0.375
162,0.625
163,0.78125
164,0.75
165,0.84375
166,0.75
167,0.71875
168,0.84375
169,0.71875
170,0.875
171,0.9375
172,0.9375
173,0.96875
174,0.8125
175,0.71875
176,0.53125
177,0.6875
178,0.75
179,0.875
180,0.90625
181,0.875
182,0.90625
183,0.78125
184,0.8125
185,0.78125
186,0.84375
187,0.875
188,0.8125
189,0.625
190,0.84375
191,0.875
192,0.6875
193,0.53125
194,0.5625
195,0.09375
196,0.09375
197,0.09375
198,0.21875
199,0.0625
200,0.09375
201,0.15625
202,0.1875
203,0.3125
204,0.21875
205,0.3125
206,0.3125
207,0.375
208,0.4375
209,0.34375
210,0.4375
211,0.40625
212,0.25
213,0.46875
214,0.71875
215,0.90625
216,0.9375
217,0.90625
218,0.84375
219,0.75
220,0.75
221,0.90625
222,0.75
223,0.8125
224,0.90625
225,0.90625
226,0.96875
227,0.90625
228,0.8125
229,0.8125
230,0.84375
231,0.84375
232,0.9375
233,1.0
234,0.9375
235,0.8125
236,0.9375
237,0.78125
238,0.8125
239,0.59375
240,0.5625
241,0.53125
242,0.4375
243,0.3125
244,0.59375
245,0.71875
246,0.8125
247,0.8125
248,0.875
249,0.90625
250,0.90625
251,1.0
252,0.96875
253,0.875
254,0.71875
255,0.625
256,0.5
257,0.53125
258,0.6875
259,0.65625
260,0.75
261,0.65625
262,0.6875
263,0.8125
264,0.84375
265,0.75
266,0.65625
267,0.8125
268,0.8125
269,0.78125
270,0.875
271,0.78125
272,0.6875
273,0.53125
274,0.46875
275,0.375
276,0.625
277,0.75
278,0.84375
279,0.96875
280,0.9375
281,0.96875
282,0.96875
283,0.9375
284,0.84375
285,0.65625
286,0.6875
287,0.65625
288,0.53125
289,0.78125
290,0.71875
291,0.75
292,0.59375
293,0.5625
294,0.65625
295,0.53125
296,0.75
297,0.875
298,0.875
299,0.8125
300,0.9375
301,0.875
302,0.96875
303,0.96875
304,0.96875
305,0.8125
306,0.875
307,0.9375
308,0.6875
309,0.53125
310,0.5625
311,0.6875
312,0.65625
313,0.625
314,0.875
315,1.0
316,0.96875
317,0.90625
318,0.78125
319,0.8125
320,0.875
321,0.84375
322,0.9375
323,0.90625
324,0.8125
325,0.875
326,1.0
327,1.0
328,0.90625
329,0.96875
330,0.875
331,0.8125
332,0.90625
333,1.0
334,0.96875
335,0.96875
336,1.0
337,0.9375
338,0.96875
339,0.96875
340,0.84375
341,0.875
342,0.8125
343,0.96875
344,1.0
345,0.84375
346,0.875
347,0.90625
348,0.8125
349,0.90625
350,0.78125
351,0.75
352,0.65625
353,0.8125
354,0.75
355,0.625
356,0.6875
357,0.5625
358,0.4375
359,0.4375
360,0.28125
361,0.3125
362,0.5
363,0.625
364,0.71875
365,0.84375
366,0.84375
367,0.75
368,0.90625
369,0.96875
370,0.96875
371,0.875
372,0.9375
373,0.96875
374,0.90625
375,0.90625
376,0.875
377,0.71875
378,0.8125
379,0.6875
380,0.84375
381,0.6875
382,0.75
383,0.71875
384,0.8125
385,0.71875
386,0.5625
387,0.6875
388,0.71875
389,0.625
390,0.5625
391,0.6875
392,0.4375
393,0.40625
394,0.4375
395,0.28125
396,0.40625
397,0.4375
398,0.34375
399,0.53125
400,0.625
401,0.65625
402,0.625
403,0.375
404,0.4375
405,0.65625
406,0.6875
407,0.6875
408,0.5625
409,0.84375
410,0.84375
411,0.9375
412,0.78125
413,0.84375
414,0.9375
415,0.90625
416,0.75
417,0.8125
418,0.78125
419,0.71875
420,0.625
421,0.5625
422,0.6875
423,0.75
424,0.46875
425,0.4375
426,0.0
427,0.15625
428,0.125
429,0.125
430,0.21875
431,0.1875
432,0.1875
433,0.25
434,0.15625
435,0.1875
436,0.0625
437,0.09375
438,0.125
439,0.09375
440,0.25
441,0.125
442,0.125
443,0.3125
444,0.25
445,0.5
446,0.40625
447,0.34375
448,0.3125
449,0.375
450,0.25
451,0.0
452,0.0625
453,0.25
454,0.28125
455,0.375
456,0.09375
457,0.28125
458,0.25
459,0.1875
460,0.15625
461,0.28125
462,0.40625
463,0.4375
464,0.40625
465,0.5
466,0.625
467,0.5625
468,0.40625
469,0.3125
470,0.4375
471,0.5625
472,0.28125
473,0.15625
474,0.09375
475,0.25
476,0.0
477,0.09375
478,0.21875
479,0.21875
480,0.21875
481,0.25
482,0.1875
483,0.375
484,0.5
485,0.625
486,0.53125
487,0.5625
488,0.5625
489,0.46875
490,0.71875
491,0.78125
492,0.875
493,0.9375
494,0.84375
495,0.78125
496,0.71875
497,0.75
498,0.75
499,0.6875
500,0.6875
501,0.6875
502,0.53125
503,0.5
504,0.65625
505,0.59375
506,0.75
507,0.75
508,0.59375
509,0.59375
510,0.625
511,0.84375
512,0.90625
513,0.9375
514,0.96875
515,0.90625
516,0.90625
517,0.75
518,0.75
519,0.6875
520,0.4375
521,0.59375
522,0.625
523,0.78125
524,0.84375
525,0.84375
526,0.84375
527,0.96875
528,0.96875
529,0.9375
530,0.84375
531,0.84375
532,0.71875
533,0.625
534,0.71875
535,0.875
536,0.71875
537,0.78125
538,0.65625
539,0.65625
540,0.6875
541,0.78125
542,0.90625
543,0.78125
544,0.84375
545,0.875
546,0.9375
547,0.75
548,0.8125
549,0.5625
550,0.71875
551,0.875
552,0.90625
553,0.75
554,0.75
555,0.6875
556,0.59375
557,0.75
558,0.78125
559,0.78125
560,0.8125
561,0.84375
562,0.84375
563,0.9375
564,1.0
565,0.875
566,0.96875
567,0.8125
568,0.75
569,0.78125
570,0.78125
571,0.8125
572,0.65625
573,0.8125
574,0.9375
575,0.9375
576,0.9375
577,0.84375
578,0.78125
579,0.6875
580,0.6875
581,0.84375
582,0.625
583,0.59375
584,0.46875
585,0.5
586,0.46875
587,0.5625
588,0.3125
589,0.46875
590,0.5
591,0.3125
592,0.625
593,0.65625
594,0.59375
595,0.53125
596,0.59375
597,0.5625
598,0.46875
599,0.375
600,0.3125
601,0.03125
602,0.0625
603,0.21875
604,0.21875
605,0.21875
606,0.15625
607,0.0625
608,0.125
609,0.125
610,0.0625
611,0.0625
612,0.0625
613,0.0
614,0.28125
615,0.15625
616,0.0625
617,0.28125
618,0.28125
619,0.625
620,0.75
621,0.875
622,0.71875
623,0.84375
624,0.90625
625,0.75
626,0.6875
627,0.46875
628,0.3125
629,0.28125
630,0.21875
631,0.28125
632,0.21875
633,0.28125
634,0.21875
635,0.0625
636,0.0
637,0.125
638,0.09375
639,0.09375
640,0.125
641,0.25
642,0.25
643,0.28125
644,0.46875
645,0.6875
646,0.5625
647,0.625
648,0.46875
649,0.625
650,0.59375
651,0.5
652,0.34375
653,0.40625
654,0.71875
655,0.9375
656,0.9375
657,0.96875
658,0.90625
659,0.90625
660,0.90625
661,0.90625
662,0.90625
663,0.90625
664,0.71875
665,0.8125
666,0.8125
667,0.6875
668,0.625
669,0.75
670,0.875
671,0.875
672,0.90625
673,0.875
674,0.90625
675,0.59375
676,0.65625
677,0.5625
678,0.46875
679,0.4375
680,0.34375
681,0.40625
682,0.34375
683,0.40625
684,0.25
685,0.21875
686,0.28125
687,0.3125
688,0.28125
689,0.21875
690,0.21875
691,0.28125
692,0.5
693,0.34375
694,0.40625
695,0.71875
696,0.71875
697,0.875
698,0.84375
699,0.875
700,0.84375
701,0.75
702,0.46875
703,0.625
704,0.6875
705,0.75
706,0.84375
707,0.6875
708,0.625
709,0.78125
710,0.71875
711,0.625
712,0.625
713,0.625
714,0.75
715,0.75
716,0.53125
717,0.625
718,0.5625
719,0.65625
720,0.75
721,0.5625
722,0.3125
723,0.0
724,0.1875
725,0.1875
726,0.03125
727,0.21875
728,0.125
729,0.1875
730,0.09375
731,0.15625
732,0.21875
733,0.21875
734,0.0625
735,0.03125
736,0.0
737,0.28125
738,0.46875
739,0.28125
740,0.09375
741,0.25
742,0.09375
743,0.1875
744,0.25
745,0.3125
746,0.21875
747,0.4375
748,0.53125
749,0.5
750,0.53125
751,0.46875
752,0.59375
753,0.59375
754,0.5625
755,0.5
756,0.5625
757,0.65625
758,0.84375
759,0.65625
760,0.75
761,0.8125
762,0.90625
763,0.65625
764,0.8125
765,0.78125
766,0.84375
767,0.75
768,0.71875
769,0.6875
770,0.6875
771,0.65625
772,0.5625
773,0.5625
774,0.5625
775,0.53125
776,0.59375
777,0.78125
778,0.71875
779,0.71875
780,0.71875
781,0.78125
782,0.6875
783,0.53125
784,0.53125
785,0.59375
786,0.6875
787,0.5625
788,0.6875
789,0.8125
790,0.8125
791,0.6875
792,0.84375
793,0.84375
794,0.84375
795,0.90625
796,0.96875
797,1.0
798,0.9375
799,0.90625
800,0.84375
801,0.9375
802,0.78125
803,0.78125
804,0.875
805,0.84375
806,0.875
807,0.96875
808,0.96875
809,0.96875
810,0.84375
811,0.96875
812,0.96875
813,0.90625
814,0.96875
815,0.78125
816,0.8125
817,0.71875
818,0.65625
819,0.84375
820,0.84375
821,1.0
822,0.96875
823,0.90625
824,0.84375
825,0.71875
826,0.875
827,0.75
828,0.71875
829,0.71875
830,0.875
831,0.9375
832,0.84375
833,0.78125
834,0.8125
835,0.875
836,0.9375
837,0.90625
838,0.84375
839,0.75
840,0.6875
841,0.625
842,0.46875
843,0.25
844,0.40625
845,0.375
846,0.53125
847,0.6875
848,0.84375
849,0.90625
850,0.90625
851,0.78125
852,0.6875
853,0.65625
854,0.78125
855,0.84375
856,0.9375
857,0.9375
858,0.90625
859,0.90625
860,0.875
861,0.8125
862,0.875
863,0.75
864,0.53125
865,0.5625
866,0.53125
867,0.75
868,0.59375
869,0.65625
870,0.625
871,0.6875
872,0.625
873,0.59375
874,0.6875
875,0.78125
876,0.78125
877,0.875
878,0.96875
879,0.875
880,0.84375
881,0.8125
882,0.875
883,0.8125
884,0.78125
885,0.875
886,0.96875
887,0.9375
888,1.0
889,0.96875
890,0.90625
891,0.90625
892,0.9375
893,0.96875
894,1.0
895,1.0
896,0.9375
897,0.9375
898,0.96875
899,0.9375
900,0.9375
901,0.9375
902,0.84375
903,0.75
904,0.8125
905,0.875
906,0.8125
907,0.59375
908,0.6875
909,0.78125
910,0.8125
911,0.8125
912,0.65625
913,0.65625
914,0.5625
915,0.375
916,0.46875
917,0.5
918,0.59375
919,0.875
920,0.96875
921,0.875
922,0.75
923,0.5625
924,0.65625
925,0.53125
926,0.3125
927,0.34375
928,0.59375
929,0.75
930,0.6875
931,0.75
932,0.8125
933,0.84375
934,0.6875
935,0.65625
936,0.65625
937,0.5625
938,0.5625
939,0.5625
940,0.6875
941,0.6875
942,0.84375
943,0.84375
944,0.84375
945,0.90625
946,0.9375
947,0.90625
948,0.875
949,0.875
950,0.875
951,0.75
952,0.875
953,0.875
954,0.71875
955,0.75
956,0.8125
957,0.875
958,0.9375
959,0.96875
960,0.9375
961,0.84375
962,0.90625
963,0.8125
964,0.59375
965,0.75
966,0.59375
967,0.5
968,0.34375
969,0.5
970,0.53125
971,0.40625
972,0.4375
973,0.5
974,0.375
975,0.5
976,0.59375
977,0.25
978,0.21875
979,0.03125
980,0.0625
981,0.0
982,0.1875
983,0.21875
984,0.46875
985,0.1875
986,0.25
987,0.375
988,0.4375
989,0.59375
990,0.46875
991,0.375
992,0.40625
993,0.1875
994,0.3125
995,0.375
996,0.375
997,0.125
998,0.0625
999,0.1875
