,Absolute Magnetisations Per Spin
0,0.9375
1,0.96875
2,0.9375
3,1.0
4,0.90625
5,0.875
6,0.9375
7,0.9375
8,0.9375
9,0.9375
10,1.0
11,1.0
12,0.9375
13,1.0
14,0.96875
15,0.96875
16,1.0
17,0.96875
18,0.96875
19,1.0
20,0.96875
21,1.0
22,1.0
23,1.0
24,1.0
25,1.0
26,0.96875
27,0.9375
28,0.96875
29,0.96875
30,0.90625
31,0.90625
32,0.9375
33,0.9375
34,1.0
35,1.0
36,1.0
37,1.0
38,1.0
39,1.0
40,0.9375
41,0.96875
42,0.96875
43,0.90625
44,0.90625
45,0.875
46,0.875
47,0.875
48,1.0
49,1.0
50,1.0
51,0.8125
52,0.9375
53,0.9375
54,0.96875
55,1.0
56,1.0
57,1.0
58,0.96875
59,1.0
60,1.0
61,1.0
62,0.96875
63,1.0
64,0.96875
65,0.90625
66,0.90625
67,0.9375
68,0.9375
69,0.875
70,0.90625
71,0.96875
72,0.96875
73,1.0
74,1.0
75,0.96875
76,1.0
77,1.0
78,0.9375
79,0.90625
80,0.875
81,0.875
82,0.8125
83,0.9375
84,0.9375
85,1.0
86,1.0
87,1.0
88,1.0
89,1.0
90,0.9375
91,0.96875
92,1.0
93,1.0
94,1.0
95,1.0
96,0.96875
97,0.9375
98,0.9375
99,0.875
100,0.9375
101,0.90625
102,0.8125
103,0.90625
104,0.90625
105,0.9375
106,0.9375
107,0.9375
108,0.96875
109,0.9375
110,0.96875
111,0.96875
112,0.875
113,0.96875
114,0.875
115,0.8125
116,0.71875
117,0.84375
118,0.90625
119,0.9375
120,0.96875
121,0.96875
122,0.96875
123,0.9375
124,0.875
125,0.9375
126,0.96875
127,0.96875
128,0.90625
129,0.90625
130,0.90625
131,0.8125
132,0.71875
133,0.96875
134,0.9375
135,0.75
136,0.65625
137,0.625
138,0.6875
139,0.8125
140,0.875
141,0.96875
142,1.0
143,0.9375
144,0.875
145,0.90625
146,0.96875
147,0.9375
148,0.9375
149,1.0
150,0.96875
151,0.96875
152,0.96875
153,0.9375
154,0.78125
155,0.8125
156,1.0
157,1.0
158,1.0
159,1.0
160,1.0
161,1.0
162,0.96875
163,0.9375
164,0.90625
165,0.90625
166,0.90625
167,0.96875
168,0.875
169,0.78125
170,0.875
171,0.71875
172,0.78125
173,0.90625
174,0.9375
175,0.96875
176,0.84375
177,0.90625
178,0.90625
179,0.875
180,0.875
181,0.9375
182,0.90625
183,0.84375
184,0.875
185,0.96875
186,0.96875
187,0.96875
188,1.0
189,1.0
190,1.0
191,1.0
192,1.0
193,1.0
194,1.0
195,1.0
196,1.0
197,0.9375
198,1.0
199,0.96875
200,1.0
201,1.0
202,1.0
203,0.96875
204,0.9375
205,1.0
206,1.0
207,1.0
208,1.0
209,1.0
210,1.0
211,0.59375
212,0.6875
213,0.78125
214,0.84375
215,0.90625
216,0.8125
217,0.8125
218,0.9375
219,0.9375
220,0.9375
221,0.9375
222,1.0
223,0.9375
224,0.9375
225,0.9375
226,0.9375
227,0.96875
228,0.96875
229,0.96875
230,0.96875
231,0.9375
232,0.9375
233,0.9375
234,0.9375
235,0.96875
236,0.9375
237,0.9375
238,1.0
239,1.0
240,0.96875
241,1.0
242,1.0
243,1.0
244,0.96875
245,0.96875
246,0.96875
247,1.0
248,0.9375
249,0.90625
250,0.9375
251,0.96875
252,0.96875
253,0.9375
254,0.9375
255,0.9375
256,0.90625
257,0.96875
258,0.9375
259,0.9375
260,0.96875
261,1.0
262,1.0
263,1.0
264,0.96875
265,1.0
266,1.0
267,1.0
268,1.0
269,0.96875
270,0.96875
271,0.96875
272,0.96875
273,0.96875
274,0.9375
275,0.96875
276,0.96875
277,0.875
278,0.9375
279,0.9375
280,0.875
281,0.9375
282,0.96875
283,0.9375
284,0.9375
285,0.96875
286,0.9375
287,1.0
288,0.96875
289,1.0
290,1.0
291,1.0
292,1.0
293,1.0
294,0.96875
295,0.90625
296,1.0
297,0.96875
298,0.9375
299,1.0
300,0.96875
301,1.0
302,0.875
303,1.0
304,0.96875
305,1.0
306,0.96875
307,0.96875
308,0.96875
309,0.875
310,0.90625
311,0.9375
312,0.96875
313,0.90625
314,0.96875
315,1.0
316,0.96875
317,1.0
318,1.0
319,0.96875
320,1.0
321,0.96875
322,1.0
323,1.0
324,1.0
325,1.0
326,0.96875
327,0.9375
328,0.875
329,0.90625
330,0.875
331,0.9375
332,0.90625
333,0.96875
334,1.0
335,1.0
336,1.0
337,1.0
338,1.0
339,1.0
340,1.0
341,0.9375
342,0.875
343,0.9375
344,0.90625
345,0.9375
346,1.0
347,1.0
348,0.9375
349,0.96875
350,1.0
351,0.96875
352,1.0
353,0.9375
354,0.96875
355,0.9375
356,0.96875
357,1.0
358,1.0
359,0.96875
360,0.90625
361,0.9375
362,0.96875
363,1.0
364,1.0
365,0.96875
366,1.0
367,0.90625
368,0.84375
369,0.9375
370,0.9375
371,1.0
372,1.0
373,1.0
374,1.0
375,1.0
376,1.0
377,0.96875
378,1.0
379,0.875
380,0.84375
381,0.875
382,0.84375
383,0.875
384,0.96875
385,0.9375
386,0.875
387,1.0
388,0.96875
389,1.0
390,0.96875
391,0.96875
392,0.96875
393,1.0
394,1.0
395,0.9375
396,0.9375
397,0.875
398,0.9375
399,0.9375
400,0.875
401,0.90625
402,0.9375
403,0.9375
404,0.96875
405,0.9375
406,0.875
407,1.0
408,1.0
409,0.90625
410,0.9375
411,0.875
412,0.90625
413,0.96875
414,0.9375
415,0.96875
416,0.96875
417,0.90625
418,0.9375
419,1.0
420,0.96875
421,0.96875
422,0.96875
423,1.0
424,1.0
425,1.0
426,1.0
427,1.0
428,1.0
429,0.90625
430,0.875
431,0.8125
432,0.9375
433,0.96875
434,0.96875
435,0.9375
436,0.9375
437,0.96875
438,1.0
439,1.0
440,0.9375
441,0.9375
442,0.875
443,0.90625
444,0.9375
445,0.9375
446,0.9375
447,0.96875
448,1.0
449,1.0
450,1.0
451,0.96875
452,0.96875
453,0.96875
454,0.96875
455,0.90625
456,0.75
457,0.84375
458,0.9375
459,0.78125
460,0.8125
461,0.75
462,0.71875
463,0.75
464,0.71875
465,0.6875
466,0.6875
467,0.875
468,0.875
469,0.84375
470,0.875
471,0.9375
472,0.90625
473,0.9375
474,0.9375
475,0.875
476,0.78125
477,0.71875
478,0.71875
479,0.90625
480,0.96875
481,0.96875
482,1.0
483,1.0
484,0.90625
485,1.0
486,0.96875
487,1.0
488,1.0
489,1.0
490,0.96875
491,0.96875
492,1.0
493,0.96875
494,1.0
495,1.0
496,0.9375
497,0.96875
498,0.9375
499,1.0
500,0.96875
501,1.0
502,1.0
503,1.0
504,0.9375
505,1.0
506,1.0
507,0.96875
508,1.0
509,0.9375
510,0.96875
511,0.96875
512,0.9375
513,0.90625
514,0.96875
515,0.96875
516,1.0
517,1.0
518,1.0
519,0.96875
520,0.96875
521,1.0
522,0.96875
523,1.0
524,1.0
525,0.9375
526,1.0
527,0.96875
528,0.96875
529,1.0
530,0.96875
531,0.9375
532,0.90625
533,0.90625
534,0.9375
535,0.9375
536,0.9375
537,1.0
538,0.96875
539,0.9375
540,0.90625
541,0.90625
542,0.9375
543,0.9375
544,0.96875
545,1.0
546,0.96875
547,0.90625
548,1.0
549,1.0
550,1.0
551,1.0
552,1.0
553,0.96875
554,0.9375
555,0.96875
556,1.0
557,1.0
558,0.96875
559,1.0
560,1.0
561,1.0
562,1.0
563,1.0
564,1.0
565,0.96875
566,1.0
567,0.9375
568,0.9375
569,1.0
570,1.0
571,1.0
572,1.0
573,0.96875
574,1.0
575,0.9375
576,0.90625
577,0.9375
578,0.96875
579,0.90625
580,0.90625
581,0.9375
582,0.96875
583,0.9375
584,0.90625
585,1.0
586,0.90625
587,0.875
588,0.96875
589,0.96875
590,0.9375
591,0.9375
592,0.9375
593,0.9375
594,0.90625
595,0.9375
596,0.90625
597,1.0
598,1.0
599,0.96875
600,0.90625
601,0.96875
602,0.9375
603,0.875
604,0.90625
605,0.9375
606,0.84375
607,1.0
608,1.0
609,1.0
610,1.0
611,0.90625
612,0.96875
613,0.78125
614,0.90625
615,0.875
616,0.75
617,0.875
618,0.9375
619,0.96875
620,1.0
621,0.9375
622,0.96875
623,0.9375
624,0.90625
625,0.9375
626,0.9375
627,0.9375
628,0.9375
629,0.90625
630,0.9375
631,0.96875
632,0.875
633,0.875
634,0.875
635,1.0
636,1.0
637,0.96875
638,0.9375
639,0.875
640,0.90625
641,0.90625
642,1.0
643,0.96875
644,0.9375
645,1.0
646,0.96875
647,0.96875
648,1.0
649,0.875
650,0.875
651,0.90625
652,0.9375
653,1.0
654,1.0
655,0.9375
656,0.90625
657,0.96875
658,0.96875
659,0.96875
660,1.0
661,1.0
662,1.0
663,0.9375
664,0.90625
665,0.90625
666,0.8125
667,0.875
668,0.90625
669,0.90625
670,0.9375
671,1.0
672,0.96875
673,0.9375
674,0.90625
675,1.0
676,0.96875
677,1.0
678,1.0
679,0.96875
680,0.9375
681,0.96875
682,0.96875
683,0.96875
684,0.96875
685,1.0
686,1.0
687,1.0
688,0.9375
689,1.0
690,0.90625
691,0.90625
692,1.0
693,0.90625
694,0.9375
695,0.875
696,0.875
697,0.90625
698,0.96875
699,0.96875
700,0.96875
701,0.9375
702,0.9375
703,0.9375
704,0.90625
705,0.90625
706,0.9375
707,0.875
708,0.90625
709,0.90625
710,0.90625
711,0.90625
712,0.875
713,1.0
714,1.0
715,1.0
716,1.0
717,0.96875
718,0.96875
719,0.96875
720,0.96875
721,1.0
722,1.0
723,1.0
724,0.96875
725,0.96875
726,1.0
727,1.0
728,0.90625
729,0.90625
730,0.90625
731,0.90625
732,0.9375
733,0.96875
734,0.96875
735,1.0
736,1.0
737,1.0
738,0.96875
739,0.90625
740,0.9375
741,0.90625
742,0.90625
743,0.96875
744,1.0
745,0.96875
746,0.9375
747,0.96875
748,1.0
749,1.0
750,1.0
751,0.96875
752,1.0
753,1.0
754,1.0
755,0.9375
756,1.0
757,1.0
758,1.0
759,0.875
760,0.9375
761,0.90625
762,0.9375
763,0.96875
764,1.0
765,1.0
766,0.96875
767,0.96875
768,0.96875
769,0.96875
770,0.875
771,0.875
772,0.90625
773,0.90625
774,0.875
775,0.875
776,0.8125
777,0.8125
778,0.875
779,0.875
780,0.84375
781,0.9375
782,0.96875
783,0.90625
784,0.96875
785,0.9375
786,0.71875
787,0.90625
788,0.90625
789,0.9375
790,0.96875
791,0.96875
792,0.96875
793,0.96875
794,0.96875
795,0.9375
796,0.96875
797,0.96875
798,1.0
799,0.9375
800,0.90625
801,0.96875
802,1.0
803,1.0
804,1.0
805,0.875
806,0.90625
807,0.96875
808,1.0
809,1.0
810,1.0
811,1.0
812,0.875
813,0.9375
814,0.90625
815,0.78125
816,0.84375
817,0.84375
818,0.9375
819,0.96875
820,1.0
821,1.0
822,1.0
823,1.0
824,0.96875
825,0.96875
826,1.0
827,1.0
828,0.96875
829,0.9375
830,0.90625
831,0.96875
832,1.0
833,0.96875
834,1.0
835,0.96875
836,0.84375
837,0.84375
838,0.875
839,0.96875
840,1.0
841,0.96875
842,0.9375
843,0.96875
844,0.96875
845,0.96875
846,0.90625
847,0.96875
848,1.0
849,1.0
850,0.96875
851,0.96875
852,0.96875
853,0.9375
854,0.96875
855,0.875
856,1.0
857,0.96875
858,0.9375
859,0.90625
860,0.96875
861,0.96875
862,0.9375
863,0.9375
864,0.9375
865,0.9375
866,0.90625
867,0.9375
868,0.9375
869,0.90625
870,0.84375
871,0.875
872,0.9375
873,0.875
874,0.90625
875,0.90625
876,1.0
877,0.96875
878,1.0
879,1.0
880,0.96875
881,0.9375
882,0.9375
883,0.875
884,0.9375
885,0.9375
886,0.96875
887,0.8125
888,0.78125
889,0.875
890,0.96875
891,0.96875
892,0.9375
893,1.0
894,1.0
895,1.0
896,1.0
897,1.0
898,0.9375
899,1.0
900,0.96875
901,0.96875
902,0.96875
903,0.96875
904,0.96875
905,0.9375
906,0.96875
907,0.9375
908,0.96875
909,0.9375
910,0.96875
911,0.96875
912,0.875
913,0.875
914,0.96875
915,0.9375
916,0.875
917,0.78125
918,0.84375
919,0.84375
920,0.96875
921,0.96875
922,1.0
923,0.9375
924,0.96875
925,0.9375
926,1.0
927,1.0
928,1.0
929,1.0
930,1.0
931,1.0
932,1.0
933,0.96875
934,0.9375
935,1.0
936,0.96875
937,0.9375
938,0.9375
939,0.90625
940,0.9375
941,0.96875
942,0.9375
943,0.96875
944,0.96875
945,0.9375
946,0.96875
947,0.96875
948,0.96875
949,0.875
950,0.96875
951,1.0
952,0.96875
953,0.96875
954,0.9375
955,0.9375
956,0.84375
957,1.0
958,0.90625
959,0.9375
960,0.96875
961,0.9375
962,0.90625
963,0.96875
964,1.0
965,1.0
966,0.96875
967,0.90625
968,0.96875
969,0.96875
970,0.96875
971,1.0
972,0.96875
973,0.875
974,0.96875
975,0.9375
976,0.8125
977,0.90625
978,0.875
979,0.90625
980,0.9375
981,0.9375
982,0.90625
983,0.875
984,0.875
985,0.90625
986,0.9375
987,0.9375
988,0.9375
989,0.875
990,0.9375
991,0.96875
992,0.9375
993,0.84375
994,0.8125
995,0.8125
996,0.90625
997,0.875
998,0.875
999,0.84375
