,Absolute Magnetisations Per Spin
0,1.0
1,0.96875
2,0.96875
3,0.96875
4,1.0
5,1.0
6,1.0
7,1.0
8,1.0
9,0.96875
10,1.0
11,1.0
12,1.0
13,1.0
14,1.0
15,1.0
16,0.9375
17,0.96875
18,1.0
19,1.0
20,1.0
21,1.0
22,1.0
23,1.0
24,1.0
25,1.0
26,1.0
27,0.96875
28,1.0
29,1.0
30,0.96875
31,0.96875
32,1.0
33,0.90625
34,0.90625
35,0.90625
36,0.8125
37,0.875
38,0.875
39,0.90625
40,0.9375
41,0.96875
42,0.96875
43,0.9375
44,0.96875
45,1.0
46,1.0
47,0.96875
48,1.0
49,1.0
50,0.84375
51,0.9375
52,0.9375
53,0.96875
54,1.0
55,1.0
56,0.96875
57,0.9375
58,0.90625
59,0.875
60,0.875
61,1.0
62,1.0
63,1.0
64,0.96875
65,0.96875
66,0.9375
67,1.0
68,1.0
69,1.0
70,1.0
71,1.0
72,1.0
73,1.0
74,1.0
75,0.96875
76,0.96875
77,1.0
78,1.0
79,0.90625
80,0.96875
81,0.9375
82,0.96875
83,1.0
84,1.0
85,1.0
86,1.0
87,0.90625
88,0.875
89,0.90625
90,0.9375
91,1.0
92,1.0
93,1.0
94,1.0
95,0.90625
96,0.9375
97,0.9375
98,1.0
99,1.0
100,1.0
101,1.0
102,1.0
103,1.0
104,0.96875
105,1.0
106,1.0
107,1.0
108,0.96875
109,0.9375
110,1.0
111,0.96875
112,0.96875
113,0.96875
114,0.96875
115,0.96875
116,0.875
117,0.96875
118,0.9375
119,1.0
120,1.0
121,1.0
122,0.96875
123,1.0
124,1.0
125,0.96875
126,0.96875
127,0.96875
128,1.0
129,0.96875
130,0.96875
131,0.90625
132,0.9375
133,0.96875
134,1.0
135,1.0
136,0.96875
137,0.96875
138,1.0
139,1.0
140,0.96875
141,0.96875
142,0.96875
143,0.96875
144,0.96875
145,1.0
146,1.0
147,1.0
148,1.0
149,1.0
150,0.96875
151,0.96875
152,1.0
153,1.0
154,1.0
155,1.0
156,0.96875
157,0.90625
158,0.90625
159,1.0
160,1.0
161,1.0
162,1.0
163,0.9375
164,1.0
165,1.0
166,1.0
167,0.9375
168,0.9375
169,1.0
170,1.0
171,0.96875
172,1.0
173,0.96875
174,1.0
175,0.96875
176,0.9375
177,0.9375
178,0.875
179,0.875
180,0.90625
181,0.9375
182,0.96875
183,0.96875
184,0.96875
185,0.96875
186,1.0
187,1.0
188,1.0
189,1.0
190,0.96875
191,0.9375
192,0.9375
193,0.84375
194,0.84375
195,0.96875
196,1.0
197,0.96875
198,0.9375
199,0.9375
200,0.9375
201,0.96875
202,1.0
203,1.0
204,1.0
205,0.96875
206,0.9375
207,0.9375
208,0.9375
209,1.0
210,0.9375
211,1.0
212,1.0
213,0.96875
214,1.0
215,0.96875
216,0.96875
217,1.0
218,1.0
219,0.96875
220,1.0
221,1.0
222,1.0
223,0.96875
224,0.9375
225,1.0
226,1.0
227,1.0
228,1.0
229,1.0
230,1.0
231,1.0
232,0.96875
233,0.9375
234,0.9375
235,0.96875
236,0.96875
237,1.0
238,0.9375
239,0.96875
240,1.0
241,1.0
242,0.9375
243,0.90625
244,0.9375
245,0.9375
246,0.96875
247,1.0
248,0.96875
249,0.96875
250,0.96875
251,0.96875
252,0.96875
253,0.90625
254,0.96875
255,1.0
256,0.875
257,0.90625
258,0.96875
259,0.96875
260,0.90625
261,1.0
262,0.96875
263,1.0
264,1.0
265,1.0
266,1.0
267,0.96875
268,0.96875
269,0.90625
270,0.9375
271,0.9375
272,1.0
273,1.0
274,1.0
275,1.0
276,1.0
277,1.0
278,0.9375
279,0.90625
280,0.96875
281,0.96875
282,0.96875
283,1.0
284,0.96875
285,0.9375
286,0.96875
287,0.96875
288,0.96875
289,1.0
290,1.0
291,1.0
292,1.0
293,1.0
294,1.0
295,1.0
296,1.0
297,1.0
298,0.96875
299,0.96875
300,1.0
301,1.0
302,1.0
303,1.0
304,0.96875
305,0.9375
306,0.96875
307,1.0
308,1.0
309,1.0
310,1.0
311,0.90625
312,1.0
313,1.0
314,1.0
315,1.0
316,1.0
317,1.0
318,1.0
319,1.0
320,0.96875
321,0.96875
322,1.0
323,1.0
324,1.0
325,1.0
326,0.9375
327,0.96875
328,0.96875
329,0.96875
330,0.96875
331,1.0
332,0.96875
333,0.9375
334,1.0
335,1.0
336,1.0
337,1.0
338,0.96875
339,1.0
340,1.0
341,0.96875
342,1.0
343,1.0
344,1.0
345,0.96875
346,0.9375
347,1.0
348,0.96875
349,0.96875
350,0.96875
351,0.96875
352,0.96875
353,0.96875
354,1.0
355,1.0
356,1.0
357,1.0
358,0.96875
359,0.875
360,0.9375
361,0.875
362,0.78125
363,0.875
364,0.96875
365,0.96875
366,0.96875
367,1.0
368,1.0
369,0.96875
370,0.96875
371,0.96875
372,0.96875
373,0.96875
374,0.9375
375,0.96875
376,0.96875
377,0.96875
378,1.0
379,0.96875
380,0.96875
381,1.0
382,0.96875
383,0.96875
384,1.0
385,1.0
386,1.0
387,0.96875
388,1.0
389,1.0
390,0.96875
391,0.96875
392,0.9375
393,1.0
394,1.0
395,1.0
396,1.0
397,1.0
398,0.9375
399,0.96875
400,0.9375
401,0.96875
402,0.96875
403,0.96875
404,0.96875
405,1.0
406,1.0
407,1.0
408,1.0
409,0.96875
410,1.0
411,0.96875
412,1.0
413,1.0
414,0.90625
415,0.9375
416,0.9375
417,0.90625
418,0.96875
419,0.9375
420,0.96875
421,0.9375
422,0.9375
423,0.90625
424,0.90625
425,0.84375
426,0.84375
427,0.90625
428,1.0
429,1.0
430,1.0
431,0.90625
432,0.90625
433,0.96875
434,0.96875
435,1.0
436,0.96875
437,0.96875
438,0.96875
439,0.96875
440,1.0
441,1.0
442,0.9375
443,0.96875
444,1.0
445,0.96875
446,0.96875
447,1.0
448,1.0
449,1.0
450,1.0
451,1.0
452,1.0
453,0.90625
454,0.875
455,0.90625
456,0.96875
457,0.96875
458,0.96875
459,0.9375
460,0.96875
461,0.96875
462,1.0
463,1.0
464,1.0
465,1.0
466,0.96875
467,0.96875
468,0.96875
469,1.0
470,1.0
471,0.90625
472,0.96875
473,0.90625
474,0.84375
475,0.96875
476,1.0
477,1.0
478,1.0
479,1.0
480,0.96875
481,1.0
482,0.96875
483,1.0
484,0.9375
485,1.0
486,1.0
487,0.96875
488,1.0
489,1.0
490,0.9375
491,1.0
492,1.0
493,1.0
494,1.0
495,0.96875
496,1.0
497,0.96875
498,1.0
499,1.0
500,0.96875
501,1.0
502,1.0
503,1.0
504,1.0
505,1.0
506,1.0
507,1.0
508,1.0
509,1.0
510,1.0
511,1.0
512,1.0
513,0.9375
514,0.9375
515,0.9375
516,0.96875
517,1.0
518,0.875
519,0.875
520,0.96875
521,1.0
522,1.0
523,1.0
524,1.0
525,1.0
526,0.96875
527,1.0
528,0.90625
529,1.0
530,1.0
531,1.0
532,1.0
533,1.0
534,0.96875
535,0.9375
536,0.9375
537,0.96875
538,1.0
539,1.0
540,1.0
541,1.0
542,0.9375
543,0.96875
544,1.0
545,0.96875
546,0.875
547,0.84375
548,0.8125
549,0.8125
550,0.875
551,0.75
552,0.84375
553,0.875
554,0.875
555,0.8125
556,0.78125
557,0.78125
558,0.90625
559,0.90625
560,0.96875
561,0.96875
562,1.0
563,1.0
564,1.0
565,1.0
566,1.0
567,1.0
568,1.0
569,0.96875
570,0.96875
571,0.96875
572,0.96875
573,1.0
574,1.0
575,1.0
576,1.0
577,0.96875
578,0.96875
579,1.0
580,1.0
581,0.875
582,0.875
583,0.9375
584,0.90625
585,0.71875
586,0.8125
587,0.96875
588,0.96875
589,0.9375
590,0.90625
591,0.96875
592,1.0
593,0.96875
594,0.96875
595,1.0
596,0.96875
597,1.0
598,0.96875
599,0.9375
600,0.96875
601,0.9375
602,0.9375
603,0.9375
604,0.96875
605,1.0
606,0.96875
607,0.9375
608,1.0
609,1.0
610,0.96875
611,0.9375
612,1.0
613,1.0
614,0.96875
615,0.9375
616,0.78125
617,0.875
618,0.9375
619,0.90625
620,0.84375
621,0.84375
622,0.875
623,1.0
624,1.0
625,0.90625
626,0.84375
627,0.96875
628,1.0
629,1.0
630,0.96875
631,0.9375
632,0.96875
633,0.96875
634,0.96875
635,1.0
636,1.0
637,0.96875
638,0.9375
639,0.875
640,0.9375
641,0.96875
642,1.0
643,0.9375
644,0.9375
645,0.9375
646,0.96875
647,0.96875
648,0.90625
649,0.9375
650,0.9375
651,0.9375
652,0.875
653,0.96875
654,1.0
655,0.96875
656,1.0
657,1.0
658,0.9375
659,0.90625
660,0.96875
661,0.96875
662,1.0
663,0.96875
664,0.96875
665,1.0
666,0.9375
667,0.96875
668,0.96875
669,1.0
670,1.0
671,0.96875
672,0.90625
673,0.875
674,0.9375
675,0.84375
676,0.875
677,0.8125
678,0.875
679,0.9375
680,0.96875
681,0.90625
682,0.9375
683,0.96875
684,0.90625
685,0.96875
686,0.96875
687,1.0
688,0.96875
689,0.9375
690,0.96875
691,0.90625
692,1.0
693,1.0
694,1.0
695,0.96875
696,0.90625
697,1.0
698,1.0
699,0.96875
700,0.90625
701,0.78125
702,0.71875
703,0.90625
704,0.96875
705,0.96875
706,1.0
707,1.0
708,1.0
709,1.0
710,0.96875
711,0.875
712,0.90625
713,0.90625
714,0.9375
715,0.96875
716,0.96875
717,0.96875
718,0.90625
719,0.9375
720,0.96875
721,0.9375
722,0.96875
723,0.96875
724,1.0
725,1.0
726,1.0
727,0.96875
728,1.0
729,0.96875
730,1.0
731,1.0
732,1.0
733,1.0
734,1.0
735,0.96875
736,0.96875
737,0.96875
738,0.96875
739,0.96875
740,0.96875
741,1.0
742,0.96875
743,0.96875
744,0.96875
745,0.9375
746,1.0
747,0.96875
748,1.0
749,1.0
750,1.0
751,1.0
752,0.9375
753,1.0
754,1.0
755,1.0
756,0.96875
757,1.0
758,0.96875
759,0.96875
760,0.9375
761,0.90625
762,0.9375
763,0.9375
764,0.90625
765,0.96875
766,1.0
767,1.0
768,1.0
769,1.0
770,0.96875
771,1.0
772,1.0
773,1.0
774,0.96875
775,0.96875
776,0.9375
777,0.90625
778,0.9375
779,0.9375
780,0.96875
781,0.96875
782,0.96875
783,1.0
784,0.96875
785,0.96875
786,0.96875
787,0.96875
788,0.96875
789,0.9375
790,0.96875
791,1.0
792,1.0
793,1.0
794,1.0
795,1.0
796,0.96875
797,0.96875
798,0.96875
799,1.0
800,0.96875
801,0.9375
802,0.9375
803,1.0
804,1.0
805,1.0
806,0.96875
807,0.9375
808,0.9375
809,0.96875
810,0.96875
811,0.96875
812,0.96875
813,0.96875
814,0.96875
815,0.9375
816,0.875
817,0.96875
818,0.96875
819,1.0
820,0.9375
821,0.96875
822,0.96875
823,1.0
824,1.0
825,1.0
826,1.0
827,1.0
828,1.0
829,1.0
830,1.0
831,1.0
832,1.0
833,1.0
834,1.0
835,1.0
836,1.0
837,1.0
838,1.0
839,1.0
840,1.0
841,1.0
842,1.0
843,1.0
844,0.96875
845,0.96875
846,0.90625
847,0.9375
848,0.9375
849,1.0
850,0.96875
851,0.96875
852,1.0
853,0.96875
854,0.9375
855,0.96875
856,0.90625
857,0.90625
858,0.875
859,0.875
860,0.84375
861,0.78125
862,0.75
863,0.6875
864,0.8125
865,0.78125
866,0.9375
867,1.0
868,0.90625
869,0.84375
870,0.9375
871,1.0
872,1.0
873,0.96875
874,0.96875
875,0.90625
876,0.96875
877,1.0
878,1.0
879,1.0
880,1.0
881,1.0
882,1.0
883,1.0
884,1.0
885,1.0
886,0.96875
887,1.0
888,1.0
889,0.96875
890,1.0
891,0.96875
892,0.90625
893,0.96875
894,0.96875
895,0.9375
896,0.96875
897,0.96875
898,0.96875
899,0.96875
900,0.9375
901,0.9375
902,1.0
903,1.0
904,1.0
905,1.0
906,0.96875
907,1.0
908,1.0
909,1.0
910,1.0
911,1.0
912,0.9375
913,0.9375
914,1.0
915,1.0
916,0.96875
917,0.96875
918,0.9375
919,0.96875
920,0.875
921,0.875
922,0.78125
923,0.78125
924,0.78125
925,0.8125
926,0.90625
927,1.0
928,1.0
929,1.0
930,1.0
931,0.9375
932,0.9375
933,0.96875
934,0.96875
935,0.9375
936,0.9375
937,0.96875
938,0.96875
939,1.0
940,1.0
941,1.0
942,1.0
943,1.0
944,1.0
945,0.96875
946,1.0
947,1.0
948,0.96875
949,0.96875
950,0.96875
951,1.0
952,0.96875
953,1.0
954,1.0
955,1.0
956,1.0
957,1.0
958,1.0
959,1.0
960,0.96875
961,0.9375
962,1.0
963,1.0
964,1.0
965,1.0
966,1.0
967,0.96875
968,1.0
969,1.0
970,1.0
971,1.0
972,1.0
973,0.96875
974,0.96875
975,0.90625
976,0.9375
977,0.96875
978,0.96875
979,0.96875
980,1.0
981,1.0
982,1.0
983,1.0
984,1.0
985,0.96875
986,1.0
987,1.0
988,1.0
989,1.0
990,1.0
991,1.0
992,1.0
993,1.0
994,0.96875
995,0.9375
996,0.9375
997,0.96875
998,0.9375
999,0.84375
