,Absolute Magnetisations Per Spin
0,1.0
1,1.0
2,1.0
3,1.0
4,1.0
5,1.0
6,1.0
7,1.0
8,0.9375
9,1.0
10,1.0
11,0.96875
12,1.0
13,1.0
14,0.96875
15,1.0
16,1.0
17,0.96875
18,0.96875
19,1.0
20,1.0
21,0.9375
22,0.96875
23,1.0
24,1.0
25,1.0
26,1.0
27,0.96875
28,0.96875
29,0.96875
30,0.9375
31,0.96875
32,0.96875
33,0.96875
34,1.0
35,1.0
36,1.0
37,0.9375
38,0.96875
39,1.0
40,0.96875
41,1.0
42,1.0
43,0.96875
44,0.9375
45,0.96875
46,1.0
47,0.96875
48,1.0
49,1.0
50,1.0
51,1.0
52,1.0
53,1.0
54,1.0
55,1.0
56,0.9375
57,0.96875
58,1.0
59,1.0
60,1.0
61,1.0
62,1.0
63,1.0
64,0.96875
65,0.9375
66,1.0
67,1.0
68,1.0
69,1.0
70,1.0
71,1.0
72,0.96875
73,1.0
74,1.0
75,1.0
76,0.96875
77,1.0
78,1.0
79,0.90625
80,0.9375
81,0.96875
82,0.96875
83,0.96875
84,1.0
85,1.0
86,1.0
87,1.0
88,1.0
89,1.0
90,1.0
91,1.0
92,1.0
93,1.0
94,1.0
95,1.0
96,0.96875
97,1.0
98,1.0
99,0.96875
100,0.90625
101,0.9375
102,1.0
103,1.0
104,0.96875
105,1.0
106,1.0
107,0.90625
108,0.96875
109,0.96875
110,1.0
111,1.0
112,1.0
113,1.0
114,1.0
115,1.0
116,0.96875
117,1.0
118,0.90625
119,0.9375
120,0.9375
121,0.96875
122,1.0
123,1.0
124,0.9375
125,1.0
126,1.0
127,1.0
128,0.96875
129,1.0
130,1.0
131,1.0
132,0.96875
133,0.9375
134,0.96875
135,0.9375
136,1.0
137,1.0
138,1.0
139,1.0
140,1.0
141,1.0
142,0.96875
143,1.0
144,1.0
145,1.0
146,1.0
147,1.0
148,0.96875
149,1.0
150,1.0
151,1.0
152,1.0
153,1.0
154,1.0
155,1.0
156,1.0
157,1.0
158,1.0
159,1.0
160,1.0
161,0.96875
162,1.0
163,1.0
164,1.0
165,1.0
166,1.0
167,1.0
168,0.96875
169,1.0
170,0.96875
171,1.0
172,1.0
173,1.0
174,1.0
175,1.0
176,1.0
177,1.0
178,1.0
179,0.96875
180,1.0
181,1.0
182,1.0
183,0.96875
184,0.96875
185,0.96875
186,1.0
187,1.0
188,0.96875
189,0.9375
190,0.96875
191,0.96875
192,1.0
193,1.0
194,0.90625
195,0.96875
196,1.0
197,0.9375
198,1.0
199,0.9375
200,1.0
201,0.96875
202,1.0
203,1.0
204,1.0
205,1.0
206,1.0
207,1.0
208,1.0
209,0.96875
210,0.9375
211,0.875
212,0.875
213,1.0
214,1.0
215,1.0
216,0.96875
217,0.96875
218,0.90625
219,0.9375
220,0.9375
221,0.90625
222,1.0
223,1.0
224,1.0
225,0.96875
226,0.90625
227,1.0
228,1.0
229,1.0
230,0.9375
231,0.9375
232,0.9375
233,0.9375
234,1.0
235,1.0
236,1.0
237,1.0
238,1.0
239,1.0
240,1.0
241,1.0
242,0.96875
243,0.96875
244,1.0
245,0.96875
246,1.0
247,0.96875
248,0.96875
249,0.96875
250,0.96875
251,0.96875
252,0.96875
253,1.0
254,0.96875
255,0.96875
256,0.96875
257,0.96875
258,1.0
259,1.0
260,0.96875
261,0.90625
262,0.9375
263,0.96875
264,0.9375
265,0.96875
266,1.0
267,1.0
268,1.0
269,1.0
270,0.96875
271,0.9375
272,0.9375
273,0.96875
274,1.0
275,1.0
276,1.0
277,1.0
278,1.0
279,1.0
280,0.96875
281,0.96875
282,0.9375
283,0.96875
284,0.96875
285,1.0
286,1.0
287,1.0
288,0.96875
289,0.90625
290,1.0
291,0.96875
292,1.0
293,0.90625
294,0.96875
295,1.0
296,1.0
297,1.0
298,1.0
299,1.0
300,1.0
301,1.0
302,0.96875
303,1.0
304,1.0
305,1.0
306,1.0
307,1.0
308,1.0
309,1.0
310,1.0
311,0.96875
312,0.96875
313,0.9375
314,0.96875
315,0.9375
316,0.96875
317,0.96875
318,0.96875
319,0.96875
320,1.0
321,1.0
322,0.96875
323,1.0
324,0.96875
325,0.9375
326,1.0
327,1.0
328,1.0
329,1.0
330,1.0
331,1.0
332,1.0
333,1.0
334,1.0
335,0.96875
336,1.0
337,1.0
338,0.96875
339,1.0
340,1.0
341,1.0
342,1.0
343,1.0
344,1.0
345,1.0
346,0.96875
347,1.0
348,1.0
349,1.0
350,1.0
351,0.96875
352,1.0
353,1.0
354,0.9375
355,1.0
356,1.0
357,0.90625
358,0.96875
359,1.0
360,1.0
361,1.0
362,1.0
363,1.0
364,1.0
365,1.0
366,1.0
367,1.0
368,1.0
369,0.96875
370,1.0
371,0.9375
372,0.96875
373,1.0
374,1.0
375,1.0
376,1.0
377,1.0
378,0.90625
379,1.0
380,1.0
381,0.96875
382,1.0
383,1.0
384,1.0
385,1.0
386,1.0
387,1.0
388,0.96875
389,1.0
390,1.0
391,1.0
392,1.0
393,1.0
394,1.0
395,1.0
396,1.0
397,1.0
398,1.0
399,1.0
400,1.0
401,1.0
402,0.96875
403,1.0
404,1.0
405,0.96875
406,1.0
407,1.0
408,0.9375
409,1.0
410,1.0
411,1.0
412,0.96875
413,1.0
414,1.0
415,1.0
416,1.0
417,1.0
418,1.0
419,0.96875
420,0.84375
421,0.75
422,0.625
423,0.84375
424,0.84375
425,0.90625
426,0.875
427,0.9375
428,0.9375
429,0.96875
430,1.0
431,1.0
432,1.0
433,1.0
434,1.0
435,1.0
436,1.0
437,1.0
438,1.0
439,1.0
440,1.0
441,1.0
442,1.0
443,1.0
444,0.9375
445,0.9375
446,0.875
447,0.90625
448,0.9375
449,0.96875
450,0.9375
451,0.8125
452,0.84375
453,0.875
454,1.0
455,1.0
456,0.96875
457,1.0
458,1.0
459,1.0
460,1.0
461,1.0
462,1.0
463,1.0
464,0.96875
465,1.0
466,0.96875
467,1.0
468,0.96875
469,1.0
470,1.0
471,1.0
472,1.0
473,1.0
474,1.0
475,1.0
476,1.0
477,1.0
478,0.9375
479,0.9375
480,1.0
481,1.0
482,0.9375
483,0.9375
484,1.0
485,1.0
486,1.0
487,1.0
488,1.0
489,1.0
490,1.0
491,0.9375
492,1.0
493,1.0
494,1.0
495,1.0
496,1.0
497,1.0
498,0.9375
499,0.96875
500,1.0
501,0.96875
502,1.0
503,1.0
504,1.0
505,1.0
506,1.0
507,1.0
508,0.96875
509,0.96875
510,1.0
511,1.0
512,0.96875
513,1.0
514,1.0
515,1.0
516,1.0
517,1.0
518,1.0
519,1.0
520,1.0
521,1.0
522,0.96875
523,0.96875
524,0.9375
525,0.96875
526,1.0
527,1.0
528,1.0
529,0.96875
530,1.0
531,1.0
532,1.0
533,1.0
534,1.0
535,1.0
536,1.0
537,1.0
538,1.0
539,1.0
540,0.9375
541,0.96875
542,0.96875
543,0.875
544,0.90625
545,0.9375
546,0.9375
547,0.90625
548,0.96875
549,0.90625
550,0.90625
551,0.9375
552,0.9375
553,0.96875
554,1.0
555,1.0
556,1.0
557,1.0
558,1.0
559,1.0
560,1.0
561,1.0
562,1.0
563,1.0
564,1.0
565,1.0
566,1.0
567,1.0
568,1.0
569,0.96875
570,0.9375
571,0.9375
572,0.90625
573,0.9375
574,0.9375
575,0.90625
576,1.0
577,1.0
578,1.0
579,1.0
580,1.0
581,0.96875
582,0.96875
583,1.0
584,1.0
585,1.0
586,0.9375
587,0.96875
588,1.0
589,1.0
590,1.0
591,1.0
592,0.96875
593,1.0
594,1.0
595,1.0
596,1.0
597,1.0
598,1.0
599,1.0
600,1.0
601,0.96875
602,0.96875
603,1.0
604,0.90625
605,0.9375
606,0.875
607,0.96875
608,0.96875
609,1.0
610,1.0
611,0.96875
612,0.96875
613,0.96875
614,1.0
615,1.0
616,0.96875
617,0.9375
618,1.0
619,0.9375
620,0.96875
621,1.0
622,1.0
623,0.9375
624,0.90625
625,0.90625
626,0.96875
627,0.96875
628,0.96875
629,1.0
630,1.0
631,1.0
632,1.0
633,1.0
634,1.0
635,1.0
636,1.0
637,1.0
638,1.0
639,1.0
640,0.96875
641,0.9375
642,0.96875
643,0.96875
644,1.0
645,0.90625
646,0.9375
647,0.96875
648,0.96875
649,0.9375
650,1.0
651,1.0
652,1.0
653,1.0
654,1.0
655,1.0
656,1.0
657,1.0
658,1.0
659,1.0
660,1.0
661,0.96875
662,1.0
663,1.0
664,1.0
665,1.0
666,0.96875
667,0.9375
668,0.9375
669,1.0
670,1.0
671,0.90625
672,0.9375
673,1.0
674,1.0
675,1.0
676,1.0
677,1.0
678,1.0
679,1.0
680,1.0
681,1.0
682,1.0
683,1.0
684,1.0
685,0.90625
686,0.90625
687,0.875
688,0.9375
689,0.90625
690,0.90625
691,0.96875
692,0.90625
693,1.0
694,1.0
695,1.0
696,1.0
697,0.96875
698,1.0
699,1.0
700,1.0
701,1.0
702,1.0
703,1.0
704,1.0
705,0.96875
706,0.96875
707,0.9375
708,1.0
709,1.0
710,1.0
711,0.9375
712,0.90625
713,0.96875
714,0.96875
715,0.96875
716,0.9375
717,0.90625
718,1.0
719,0.90625
720,0.96875
721,1.0
722,1.0
723,1.0
724,1.0
725,1.0
726,1.0
727,1.0
728,1.0
729,1.0
730,1.0
731,1.0
732,1.0
733,1.0
734,1.0
735,1.0
736,1.0
737,1.0
738,1.0
739,1.0
740,1.0
741,1.0
742,1.0
743,1.0
744,1.0
745,1.0
746,1.0
747,1.0
748,1.0
749,0.96875
750,0.96875
751,0.96875
752,1.0
753,0.96875
754,1.0
755,1.0
756,1.0
757,1.0
758,1.0
759,0.9375
760,0.9375
761,1.0
762,1.0
763,0.96875
764,1.0
765,1.0
766,0.9375
767,1.0
768,1.0
769,1.0
770,1.0
771,1.0
772,1.0
773,1.0
774,1.0
775,1.0
776,1.0
777,1.0
778,1.0
779,1.0
780,1.0
781,1.0
782,1.0
783,1.0
784,1.0
785,1.0
786,1.0
787,0.96875
788,0.90625
789,0.96875
790,0.875
791,0.875
792,0.90625
793,0.96875
794,1.0
795,1.0
796,0.96875
797,1.0
798,1.0
799,1.0
800,1.0
801,1.0
802,0.9375
803,0.96875
804,1.0
805,1.0
806,0.96875
807,0.96875
808,0.9375
809,0.9375
810,0.9375
811,0.875
812,1.0
813,1.0
814,1.0
815,1.0
816,1.0
817,1.0
818,0.9375
819,0.96875
820,0.96875
821,1.0
822,1.0
823,1.0
824,0.96875
825,1.0
826,1.0
827,1.0
828,1.0
829,1.0
830,1.0
831,1.0
832,1.0
833,1.0
834,1.0
835,1.0
836,0.96875
837,1.0
838,0.96875
839,1.0
840,1.0
841,1.0
842,1.0
843,1.0
844,1.0
845,1.0
846,1.0
847,1.0
848,0.96875
849,1.0
850,0.96875
851,0.9375
852,0.96875
853,1.0
854,1.0
855,0.96875
856,0.96875
857,1.0
858,1.0
859,0.96875
860,1.0
861,0.96875
862,0.96875
863,1.0
864,1.0
865,0.96875
866,0.9375
867,0.90625
868,0.96875
869,0.96875
870,1.0
871,1.0
872,1.0
873,0.96875
874,1.0
875,1.0
876,1.0
877,1.0
878,1.0
879,1.0
880,1.0
881,1.0
882,0.96875
883,1.0
884,1.0
885,1.0
886,1.0
887,1.0
888,1.0
889,1.0
890,1.0
891,0.96875
892,1.0
893,1.0
894,1.0
895,0.96875
896,1.0
897,1.0
898,1.0
899,1.0
900,1.0
901,1.0
902,1.0
903,0.96875
904,0.96875
905,0.96875
906,0.90625
907,0.90625
908,1.0
909,1.0
910,1.0
911,0.9375
912,0.96875
913,0.96875
914,0.96875
915,0.875
916,0.9375
917,1.0
918,1.0
919,0.96875
920,0.96875
921,1.0
922,0.96875
923,1.0
924,1.0
925,1.0
926,1.0
927,1.0
928,1.0
929,1.0
930,1.0
931,1.0
932,1.0
933,0.90625
934,0.9375
935,0.96875
936,0.96875
937,1.0
938,1.0
939,1.0
940,0.96875
941,1.0
942,1.0
943,1.0
944,1.0
945,0.96875
946,1.0
947,1.0
948,1.0
949,1.0
950,0.96875
951,1.0
952,1.0
953,1.0
954,1.0
955,0.96875
956,1.0
957,1.0
958,1.0
959,1.0
960,1.0
961,1.0
962,1.0
963,1.0
964,0.9375
965,0.96875
966,1.0
967,0.96875
968,1.0
969,0.9375
970,0.96875
971,1.0
972,1.0
973,1.0
974,1.0
975,0.9375
976,0.90625
977,0.84375
978,0.9375
979,0.90625
980,0.96875
981,0.96875
982,0.96875
983,1.0
984,1.0
985,1.0
986,1.0
987,1.0
988,1.0
989,0.96875
990,0.9375
991,1.0
992,0.96875
993,1.0
994,1.0
995,1.0
996,0.9375
997,0.96875
998,0.9375
999,0.96875
