,Absolute Magnetisations Per Spin
0,0.21875
1,0.03125
2,0.09375
3,0.125
4,0.1875
5,0.09375
6,0.21875
7,0.3125
8,0.125
9,0.0625
10,0.03125
11,0.125
12,0.0625
13,0.1875
14,0.0625
15,0.125
16,0.1875
17,0.28125
18,0.4375
19,0.75
20,0.59375
21,0.4375
22,0.40625
23,0.3125
24,0.28125
25,0.59375
26,0.65625
27,0.6875
28,0.5625
29,0.375
30,0.59375
31,0.5
32,0.5625
33,0.5
34,0.59375
35,0.71875
36,0.5
37,0.28125
38,0.0625
39,0.21875
40,0.3125
41,0.3125
42,0.5
43,0.5625
44,0.65625
45,0.53125
46,0.4375
47,0.53125
48,0.21875
49,0.125
50,0.21875
51,0.15625
52,0.34375
53,0.21875
54,0.28125
55,0.28125
56,0.3125
57,0.125
58,0.34375
59,0.40625
60,0.5
61,0.5
62,0.53125
63,0.3125
64,0.34375
65,0.09375
66,0.09375
67,0.15625
68,0.1875
69,0.15625
70,0.0
71,0.0625
72,0.0
73,0.1875
74,0.15625
75,0.40625
76,0.09375
77,0.375
78,0.5
79,0.625
80,0.625
81,0.5
82,0.375
83,0.03125
84,0.0625
85,0.03125
86,0.15625
87,0.125
88,0.0625
89,0.0625
90,0.125
91,0.1875
92,0.15625
93,0.03125
94,0.15625
95,0.25
96,0.4375
97,0.28125
98,0.09375
99,0.25
100,0.1875
101,0.40625
102,0.5625
103,0.46875
104,0.09375
105,0.03125
106,0.0
107,0.0
108,0.125
109,0.0
110,0.125
111,0.0625
112,0.0625
113,0.1875
114,0.1875
115,0.03125
116,0.125
117,0.3125
118,0.09375
119,0.28125
120,0.28125
121,0.125
122,0.09375
123,0.25
124,0.0625
125,0.1875
126,0.375
127,0.125
128,0.03125
129,0.28125
130,0.34375
131,0.03125
132,0.15625
133,0.125
134,0.375
135,0.125
136,0.21875
137,0.09375
138,0.03125
139,0.25
140,0.1875
141,0.125
142,0.15625
143,0.4375
144,0.4375
145,0.40625
146,0.34375
147,0.125
148,0.0625
149,0.125
150,0.4375
151,0.15625
152,0.21875
153,0.125
154,0.03125
155,0.25
156,0.21875
157,0.3125
158,0.15625
159,0.125
160,0.125
161,0.15625
162,0.03125
163,0.1875
164,0.21875
165,0.53125
166,0.375
167,0.125
168,0.0625
169,0.03125
170,0.03125
171,0.0
172,0.28125
173,0.34375
174,0.46875
175,0.4375
176,0.3125
177,0.46875
178,0.5
179,0.59375
180,0.71875
181,0.59375
182,0.625
183,0.75
184,0.6875
185,0.90625
186,0.90625
187,0.78125
188,0.84375
189,0.59375
190,0.875
191,0.8125
192,0.65625
193,0.84375
194,0.625
195,0.625
196,0.40625
197,0.53125
198,0.65625
199,0.75
200,0.65625
201,0.375
202,0.46875
203,0.40625
204,0.53125
205,0.65625
206,0.3125
207,0.25
208,0.1875
209,0.125
210,0.09375
211,0.03125
212,0.28125
213,0.03125
214,0.0
215,0.1875
216,0.3125
217,0.1875
218,0.03125
219,0.09375
220,0.09375
221,0.40625
222,0.25
223,0.53125
224,0.34375
225,0.125
226,0.25
227,0.375
228,0.375
229,0.3125
230,0.4375
231,0.625
232,0.71875
233,0.8125
234,0.84375
235,0.90625
236,0.78125
237,0.71875
238,0.53125
239,0.5
240,0.5
241,0.40625
242,0.375
243,0.5
244,0.65625
245,0.65625
246,0.65625
247,0.46875
248,0.1875
249,0.375
250,0.3125
251,0.09375
252,0.15625
253,0.0
254,0.03125
255,0.25
256,0.21875
257,0.0625
258,0.03125
259,0.09375
260,0.15625
261,0.09375
262,0.03125
263,0.1875
264,0.28125
265,0.15625
266,0.25
267,0.28125
268,0.21875
269,0.25
270,0.0625
271,0.4375
272,0.46875
273,0.6875
274,0.71875
275,0.9375
276,0.8125
277,0.59375
278,0.34375
279,0.15625
280,0.375
281,0.625
282,0.625
283,0.78125
284,0.75
285,0.75
286,0.625
287,0.5625
288,0.5
289,0.46875
290,0.5
291,0.5625
292,0.5625
293,0.625
294,0.53125
295,0.6875
296,0.4375
297,0.6875
298,0.65625
299,0.59375
300,0.59375
301,0.8125
302,0.65625
303,0.4375
304,0.59375
305,0.6875
306,0.53125
307,0.28125
308,0.125
309,0.0625
310,0.0625
311,0.15625
312,0.28125
313,0.3125
314,0.21875
315,0.0625
316,0.03125
317,0.09375
318,0.1875
319,0.09375
320,0.09375
321,0.09375
322,0.15625
323,0.0625
324,0.0625
325,0.03125
326,0.25
327,0.0625
328,0.21875
329,0.15625
330,0.09375
331,0.09375
332,0.0625
333,0.34375
334,0.375
335,0.4375
336,0.5625
337,0.3125
338,0.59375
339,0.1875
340,0.4375
341,0.53125
342,0.59375
343,0.4375
344,0.46875
345,0.34375
346,0.34375
347,0.375
348,0.28125
349,0.53125
350,0.4375
351,0.28125
352,0.15625
353,0.0625
354,0.09375
355,0.0625
356,0.1875
357,0.28125
358,0.34375
359,0.15625
360,0.09375
361,0.0625
362,0.125
363,0.375
364,0.4375
365,0.28125
366,0.5
367,0.53125
368,0.71875
369,0.59375
370,0.65625
371,0.59375
372,0.25
373,0.09375
374,0.09375
375,0.0
376,0.1875
377,0.28125
378,0.15625
379,0.125
380,0.15625
381,0.03125
382,0.3125
383,0.5
384,0.25
385,0.09375
386,0.15625
387,0.0
388,0.21875
389,0.15625
390,0.1875
391,0.15625
392,0.09375
393,0.0
394,0.0625
395,0.09375
396,0.21875
397,0.1875
398,0.1875
399,0.09375
400,0.0625
401,0.0625
402,0.21875
403,0.3125
404,0.21875
405,0.28125
406,0.4375
407,0.40625
408,0.53125
409,0.40625
410,0.5
411,0.59375
412,0.53125
413,0.5625
414,0.46875
415,0.5
416,0.5
417,0.34375
418,0.59375
419,0.5625
420,0.375
421,0.34375
422,0.125
423,0.25
424,0.1875
425,0.34375
426,0.40625
427,0.375
428,0.125
429,0.21875
430,0.28125
431,0.375
432,0.4375
433,0.5
434,0.40625
435,0.65625
436,0.375
437,0.0625
438,0.09375
439,0.0625
440,0.125
441,0.125
442,0.125
443,0.125
444,0.3125
445,0.25
446,0.0625
447,0.3125
448,0.53125
449,0.4375
450,0.59375
451,0.4375
452,0.40625
453,0.28125
454,0.09375
455,0.1875
456,0.09375
457,0.125
458,0.15625
459,0.0
460,0.28125
461,0.3125
462,0.09375
463,0.03125
464,0.03125
465,0.25
466,0.03125
467,0.0625
468,0.28125
469,0.25
470,0.125
471,0.34375
472,0.53125
473,0.71875
474,0.75
475,0.84375
476,0.9375
477,0.875
478,0.9375
479,0.78125
480,0.90625
481,0.78125
482,0.71875
483,0.78125
484,0.71875
485,0.53125
486,0.21875
487,0.3125
488,0.125
489,0.25
490,0.09375
491,0.25
492,0.0625
493,0.21875
494,0.125
495,0.15625
496,0.21875
497,0.21875
498,0.25
499,0.09375
500,0.0625
501,0.03125
502,0.09375
503,0.21875
504,0.25
505,0.03125
506,0.40625
507,0.5
508,0.5
509,0.25
510,0.4375
511,0.4375
512,0.4375
513,0.4375
514,0.0625
515,0.21875
516,0.3125
517,0.53125
518,0.3125
519,0.375
520,0.40625
521,0.34375
522,0.3125
523,0.25
524,0.1875
525,0.25
526,0.03125
527,0.09375
528,0.15625
529,0.15625
530,0.4375
531,0.75
532,0.75
533,0.40625
534,0.40625
535,0.28125
536,0.25
537,0.03125
538,0.09375
539,0.09375
540,0.03125
541,0.21875
542,0.03125
543,0.28125
544,0.03125
545,0.125
546,0.3125
547,0.28125
548,0.5
549,0.625
550,0.65625
551,0.625
552,0.46875
553,0.375
554,0.34375
555,0.5625
556,0.5625
557,0.46875
558,0.34375
559,0.40625
560,0.3125
561,0.125
562,0.09375
563,0.15625
564,0.15625
565,0.03125
566,0.3125
567,0.28125
568,0.53125
569,0.21875
570,0.25
571,0.21875
572,0.25
573,0.53125
574,0.5
575,0.3125
576,0.40625
577,0.46875
578,0.25
579,0.125
580,0.0625
581,0.125
582,0.46875
583,0.375
584,0.09375
585,0.03125
586,0.09375
587,0.09375
588,0.125
589,0.125
590,0.375
591,0.28125
592,0.21875
593,0.5
594,0.09375
595,0.3125
596,0.09375
597,0.09375
598,0.09375
599,0.40625
600,0.21875
601,0.1875
602,0.3125
603,0.125
604,0.0625
605,0.1875
606,0.34375
607,0.09375
608,0.3125
609,0.09375
610,0.03125
611,0.1875
612,0.0625
613,0.125
614,0.125
615,0.09375
616,0.0625
617,0.1875
618,0.0625
619,0.09375
620,0.25
621,0.09375
622,0.1875
623,0.09375
624,0.21875
625,0.21875
626,0.125
627,0.03125
628,0.0625
629,0.125
630,0.1875
631,0.1875
632,0.40625
633,0.53125
634,0.375
635,0.375
636,0.09375
637,0.09375
638,0.03125
639,0.28125
640,0.0625
641,0.21875
642,0.125
643,0.125
644,0.375
645,0.28125
646,0.28125
647,0.4375
648,0.5625
649,0.46875
650,0.375
651,0.3125
652,0.34375
653,0.03125
654,0.21875
655,0.25
656,0.40625
657,0.5
658,0.625
659,0.5
660,0.59375
661,0.53125
662,0.6875
663,0.625
664,0.75
665,0.84375
666,0.75
667,0.5625
668,0.40625
669,0.3125
670,0.46875
671,0.46875
672,0.40625
673,0.125
674,0.15625
675,0.03125
676,0.21875
677,0.25
678,0.40625
679,0.53125
680,0.53125
681,0.53125
682,0.625
683,0.34375
684,0.40625
685,0.78125
686,0.5
687,0.40625
688,0.03125
689,0.15625
690,0.25
691,0.125
692,0.0625
693,0.25
694,0.21875
695,0.25
696,0.4375
697,0.375
698,0.5
699,0.65625
700,0.65625
701,0.59375
702,0.21875
703,0.1875
704,0.34375
705,0.46875
706,0.71875
707,0.5625
708,0.375
709,0.46875
710,0.40625
711,0.34375
712,0.09375
713,0.03125
714,0.3125
715,0.1875
716,0.03125
717,0.3125
718,0.53125
719,0.375
720,0.25
721,0.375
722,0.28125
723,0.125
724,0.125
725,0.1875
726,0.1875
727,0.125
728,0.53125
729,0.28125
730,0.40625
731,0.3125
732,0.46875
733,0.4375
734,0.28125
735,0.3125
736,0.28125
737,0.53125
738,0.59375
739,0.65625
740,0.59375
741,0.65625
742,0.4375
743,0.65625
744,0.53125
745,0.625
746,0.46875
747,0.625
748,0.6875
749,0.46875
750,0.46875
751,0.21875
752,0.09375
753,0.03125
754,0.0625
755,0.1875
756,0.09375
757,0.1875
758,0.40625
759,0.4375
760,0.21875
761,0.21875
762,0.09375
763,0.0625
764,0.15625
765,0.3125
766,0.0625
767,0.0625
768,0.03125
769,0.21875
770,0.15625
771,0.0
772,0.28125
773,0.1875
774,0.1875
775,0.15625
776,0.4375
777,0.5625
778,0.375
779,0.34375
780,0.3125
781,0.40625
782,0.5
783,0.28125
784,0.125
785,0.5
786,0.53125
787,0.65625
788,0.75
789,0.6875
790,0.8125
791,0.84375
792,0.6875
793,0.78125
794,0.78125
795,0.90625
796,0.8125
797,0.75
798,0.46875
799,0.46875
800,0.53125
801,0.03125
802,0.0625
803,0.1875
804,0.21875
805,0.4375
806,0.375
807,0.375
808,0.375
809,0.40625
810,0.34375
811,0.40625
812,0.40625
813,0.46875
814,0.3125
815,0.09375
816,0.03125
817,0.03125
818,0.0
819,0.0625
820,0.0625
821,0.21875
822,0.375
823,0.15625
824,0.0625
825,0.21875
826,0.21875
827,0.53125
828,0.4375
829,0.53125
830,0.5625
831,0.25
832,0.375
833,0.28125
834,0.34375
835,0.25
836,0.1875
837,0.21875
838,0.21875
839,0.28125
840,0.3125
841,0.375
842,0.375
843,0.21875
844,0.34375
845,0.25
846,0.15625
847,0.03125
848,0.28125
849,0.21875
850,0.28125
851,0.09375
852,0.0625
853,0.1875
854,0.15625
855,0.125
856,0.1875
857,0.25
858,0.1875
859,0.40625
860,0.25
861,0.34375
862,0.09375
863,0.46875
864,0.46875
865,0.28125
866,0.125
867,0.21875
868,0.375
869,0.40625
870,0.4375
871,0.5
872,0.09375
873,0.28125
874,0.1875
875,0.09375
876,0.125
877,0.0
878,0.0625
879,0.125
880,0.0625
881,0.25
882,0.28125
883,0.3125
884,0.25
885,0.09375
886,0.1875
887,0.15625
888,0.1875
889,0.03125
890,0.1875
891,0.28125
892,0.1875
893,0.09375
894,0.1875
895,0.1875
896,0.15625
897,0.3125
898,0.25
899,0.25
900,0.34375
901,0.375
902,0.40625
903,0.5625
904,0.6875
905,0.0625
906,0.125
907,0.125
908,0.1875
909,0.34375
910,0.5
911,0.40625
912,0.34375
913,0.40625
914,0.53125
915,0.34375
916,0.5625
917,0.375
918,0.1875
919,0.1875
920,0.5
921,0.28125
922,0.4375
923,0.375
924,0.34375
925,0.3125
926,0.125
927,0.09375
928,0.03125
929,0.09375
930,0.1875
931,0.0625
932,0.0625
933,0.0
934,0.15625
935,0.15625
936,0.1875
937,0.40625
938,0.3125
939,0.375
940,0.3125
941,0.375
942,0.46875
943,0.28125
944,0.1875
945,0.3125
946,0.3125
947,0.28125
948,0.40625
949,0.34375
950,0.40625
951,0.625
952,0.625
953,0.78125
954,0.71875
955,0.78125
956,0.625
957,0.8125
958,0.8125
959,0.65625
960,0.3125
961,0.40625
962,0.3125
963,0.34375
964,0.34375
965,0.46875
966,0.15625
967,0.0
968,0.0
969,0.25
970,0.375
971,0.4375
972,0.3125
973,0.21875
974,0.53125
975,0.375
976,0.4375
977,0.34375
978,0.15625
979,0.09375
980,0.0625
981,0.0
982,0.125
983,0.03125
984,0.09375
985,0.0
986,0.0
987,0.15625
988,0.34375
989,0.5625
990,0.5625
991,0.5625
992,0.46875
993,0.46875
994,0.53125
995,0.21875
996,0.21875
997,0.15625
998,0.03125
999,0.15625
