,Absolute Magnetisations Per Spin
0,0.71875
1,0.8125
2,0.71875
3,0.8125
4,0.75
5,0.78125
6,0.59375
7,0.34375
8,0.5625
9,0.625
10,0.75
11,0.625
12,0.65625
13,0.75
14,0.78125
15,0.6875
16,0.8125
17,0.6875
18,0.75
19,0.34375
20,0.59375
21,0.21875
22,0.1875
23,0.25
24,0.375
25,0.65625
26,0.59375
27,0.8125
28,0.75
29,0.78125
30,0.71875
31,0.71875
32,0.84375
33,0.875
34,0.65625
35,0.5
36,0.0625
37,0.25
38,0.1875
39,0.3125
40,0.5625
41,0.65625
42,0.78125
43,0.8125
44,0.9375
45,0.96875
46,0.8125
47,0.84375
48,0.65625
49,0.53125
50,0.46875
51,0.5625
52,0.59375
53,0.75
54,0.59375
55,0.71875
56,0.71875
57,0.65625
58,0.78125
59,0.84375
60,0.53125
61,0.5
62,0.34375
63,0.40625
64,0.625
65,0.25
66,0.09375
67,0.15625
68,0.15625
69,0.21875
70,0.3125
71,0.1875
72,0.03125
73,0.1875
74,0.46875
75,0.59375
76,0.5625
77,0.65625
78,0.65625
79,0.6875
80,0.65625
81,0.59375
82,0.5
83,0.6875
84,0.4375
85,0.375
86,0.5625
87,0.53125
88,0.1875
89,0.1875
90,0.1875
91,0.4375
92,0.75
93,0.46875
94,0.375
95,0.25
96,0.4375
97,0.5
98,0.84375
99,0.71875
100,0.78125
101,0.90625
102,0.90625
103,0.90625
104,0.875
105,0.8125
106,0.75
107,0.78125
108,0.9375
109,0.8125
110,0.75
111,0.71875
112,0.6875
113,0.71875
114,0.71875
115,0.5625
116,0.34375
117,0.375
118,0.28125
119,0.21875
120,0.375
121,0.21875
122,0.375
123,0.15625
124,0.0625
125,0.03125
126,0.0625
127,0.0
128,0.0625
129,0.0625
130,0.25
131,0.1875
132,0.34375
133,0.46875
134,0.40625
135,0.5625
136,0.84375
137,0.875
138,0.8125
139,0.75
140,0.625
141,0.65625
142,0.8125
143,0.875
144,0.6875
145,0.53125
146,0.6875
147,0.65625
148,0.65625
149,0.40625
150,0.40625
151,0.34375
152,0.5
153,0.0625
154,0.0625
155,0.09375
156,0.125
157,0.1875
158,0.28125
159,0.78125
160,0.53125
161,0.28125
162,0.1875
163,0.0625
164,0.125
165,0.34375
166,0.34375
167,0.3125
168,0.375
169,0.5
170,0.4375
171,0.53125
172,0.53125
173,0.5
174,0.75
175,0.875
176,0.65625
177,0.5
178,0.40625
179,0.34375
180,0.46875
181,0.375
182,0.84375
183,0.8125
184,0.59375
185,0.71875
186,0.40625
187,0.375
188,0.28125
189,0.28125
190,0.15625
191,0.15625
192,0.3125
193,0.21875
194,0.3125
195,0.125
196,0.09375
197,0.0625
198,0.125
199,0.0
200,0.0625
201,0.03125
202,0.125
203,0.21875
204,0.03125
205,0.3125
206,0.53125
207,0.125
208,0.09375
209,0.03125
210,0.0
211,0.15625
212,0.0625
213,0.15625
214,0.21875
215,0.03125
216,0.1875
217,0.21875
218,0.28125
219,0.28125
220,0.34375
221,0.28125
222,0.0
223,0.125
224,0.09375
225,0.3125
226,0.1875
227,0.28125
228,0.125
229,0.15625
230,0.09375
231,0.1875
232,0.25
233,0.125
234,0.25
235,0.375
236,0.53125
237,0.5
238,0.65625
239,0.71875
240,0.71875
241,0.71875
242,0.84375
243,0.84375
244,0.84375
245,0.90625
246,0.75
247,0.6875
248,0.5
249,0.5625
250,0.6875
251,0.71875
252,0.6875
253,0.46875
254,0.34375
255,0.40625
256,0.3125
257,0.25
258,0.1875
259,0.3125
260,0.40625
261,0.1875
262,0.1875
263,0.34375
264,0.28125
265,0.28125
266,0.4375
267,0.53125
268,0.5
269,0.59375
270,0.65625
271,0.8125
272,0.53125
273,0.4375
274,0.53125
275,0.59375
276,0.28125
277,0.3125
278,0.53125
279,0.625
280,0.625
281,0.46875
282,0.46875
283,0.375
284,0.65625
285,0.75
286,0.78125
287,0.78125
288,0.34375
289,0.4375
290,0.15625
291,0.15625
292,0.0
293,0.21875
294,0.0625
295,0.1875
296,0.3125
297,0.40625
298,0.21875
299,0.59375
300,0.8125
301,0.875
302,0.8125
303,0.84375
304,0.6875
305,0.78125
306,0.8125
307,0.78125
308,0.90625
309,0.78125
310,0.625
311,0.625
312,0.375
313,0.34375
314,0.0625
315,0.28125
316,0.4375
317,0.5
318,0.21875
319,0.0
320,0.0625
321,0.28125
322,0.375
323,0.40625
324,0.59375
325,0.40625
326,0.59375
327,0.59375
328,0.59375
329,0.75
330,0.8125
331,0.78125
332,0.59375
333,0.40625
334,0.625
335,0.4375
336,0.71875
337,0.8125
338,0.8125
339,0.6875
340,0.71875
341,0.71875
342,0.875
343,0.6875
344,0.75
345,0.75
346,0.65625
347,0.65625
348,0.75
349,0.96875
350,0.875
351,0.90625
352,0.96875
353,0.875
354,0.8125
355,0.625
356,0.71875
357,0.6875
358,0.46875
359,0.375
360,0.21875
361,0.0
362,0.125
363,0.0625
364,0.375
365,0.40625
366,0.6875
367,0.53125
368,0.5625
369,0.46875
370,0.71875
371,0.625
372,0.6875
373,0.5625
374,0.71875
375,0.6875
376,0.5625
377,0.53125
378,0.65625
379,0.65625
380,0.8125
381,0.65625
382,0.625
383,0.65625
384,0.84375
385,0.875
386,0.8125
387,0.75
388,0.65625
389,0.625
390,0.46875
391,0.625
392,0.65625
393,0.5625
394,0.5625
395,0.59375
396,0.21875
397,0.0625
398,0.09375
399,0.3125
400,0.28125
401,0.09375
402,0.125
403,0.5625
404,0.46875
405,0.5
406,0.34375
407,0.34375
408,0.4375
409,0.03125
410,0.03125
411,0.15625
412,0.21875
413,0.34375
414,0.4375
415,0.5
416,0.5
417,0.6875
418,0.59375
419,0.6875
420,0.8125
421,0.71875
422,0.59375
423,0.65625
424,0.8125
425,0.875
426,0.96875
427,0.8125
428,0.8125
429,0.8125
430,0.84375
431,0.84375
432,0.71875
433,0.875
434,0.53125
435,0.5
436,0.4375
437,0.34375
438,0.5
439,0.6875
440,0.625
441,0.59375
442,0.6875
443,0.78125
444,0.78125
445,0.84375
446,0.625
447,0.5625
448,0.46875
449,0.6875
450,0.75
451,0.6875
452,0.6875
453,0.5625
454,0.40625
455,0.65625
456,0.71875
457,0.625
458,0.4375
459,0.40625
460,0.5
461,0.4375
462,0.59375
463,0.5
464,0.5
465,0.15625
466,0.1875
467,0.09375
468,0.03125
469,0.15625
470,0.03125
471,0.25
472,0.1875
473,0.15625
474,0.21875
475,0.3125
476,0.375
477,0.3125
478,0.5625
479,0.5
480,0.53125
481,0.5625
482,0.625
483,0.34375
484,0.21875
485,0.4375
486,0.40625
487,0.40625
488,0.40625
489,0.25
490,0.5
491,0.75
492,0.78125
493,0.40625
494,0.40625
495,0.125
496,0.125
497,0.125
498,0.3125
499,0.375
500,0.25
501,0.5
502,0.5625
503,0.5625
504,0.4375
505,0.46875
506,0.3125
507,0.09375
508,0.09375
509,0.0
510,0.0
511,0.0625
512,0.09375
513,0.0625
514,0.0625
515,0.09375
516,0.1875
517,0.21875
518,0.125
519,0.21875
520,0.4375
521,0.46875
522,0.3125
523,0.21875
524,0.28125
525,0.46875
526,0.5
527,0.5
528,0.4375
529,0.5
530,0.34375
531,0.40625
532,0.75
533,0.78125
534,0.75
535,0.75
536,0.3125
537,0.21875
538,0.1875
539,0.3125
540,0.4375
541,0.375
542,0.3125
543,0.15625
544,0.21875
545,0.40625
546,0.4375
547,0.1875
548,0.53125
549,0.59375
550,0.75
551,0.84375
552,0.75
553,0.59375
554,0.4375
555,0.125
556,0.15625
557,0.1875
558,0.1875
559,0.1875
560,0.25
561,0.28125
562,0.4375
563,0.5625
564,0.3125
565,0.125
566,0.21875
567,0.15625
568,0.28125
569,0.46875
570,0.21875
571,0.125
572,0.1875
573,0.0625
574,0.125
575,0.0625
576,0.25
577,0.5
578,0.46875
579,0.03125
580,0.0625
581,0.21875
582,0.28125
583,0.21875
584,0.28125
585,0.5
586,0.625
587,0.5
588,0.3125
589,0.15625
590,0.3125
591,0.4375
592,0.46875
593,0.59375
594,0.71875
595,0.71875
596,0.59375
597,0.71875
598,0.78125
599,0.78125
600,0.71875
601,0.5625
602,0.40625
603,0.34375
604,0.6875
605,0.375
606,0.5
607,0.3125
608,0.40625
609,0.40625
610,0.1875
611,0.28125
612,0.4375
613,0.40625
614,0.34375
615,0.375
616,0.375
617,0.375
618,0.25
619,0.1875
620,0.09375
621,0.15625
622,0.21875
623,0.15625
624,0.25
625,0.3125
626,0.25
627,0.375
628,0.46875
629,0.4375
630,0.28125
631,0.3125
632,0.3125
633,0.15625
634,0.125
635,0.28125
636,0.09375
637,0.0625
638,0.21875
639,0.21875
640,0.25
641,0.03125
642,0.0625
643,0.09375
644,0.0625
645,0.15625
646,0.28125
647,0.21875
648,0.0625
649,0.03125
650,0.0625
651,0.0625
652,0.1875
653,0.1875
654,0.28125
655,0.34375
656,0.59375
657,0.5
658,0.3125
659,0.4375
660,0.4375
661,0.4375
662,0.28125
663,0.25
664,0.09375
665,0.1875
666,0.0625
667,0.125
668,0.1875
669,0.1875
670,0.0625
671,0.0
672,0.0
673,0.09375
674,0.0625
675,0.0
676,0.21875
677,0.46875
678,0.46875
679,0.375
680,0.375
681,0.25
682,0.0
683,0.03125
684,0.34375
685,0.21875
686,0.46875
687,0.4375
688,0.5
689,0.5625
690,0.40625
691,0.5625
692,0.625
693,0.5625
694,0.53125
695,0.5
696,0.625
697,0.5625
698,0.5625
699,0.53125
700,0.46875
701,0.46875
702,0.34375
703,0.0625
704,0.0625
705,0.25
706,0.25
707,0.0625
708,0.34375
709,0.25
710,0.21875
711,0.40625
712,0.46875
713,0.5625
714,0.46875
715,0.46875
716,0.53125
717,0.5
718,0.34375
719,0.375
720,0.34375
721,0.625
722,0.71875
723,0.65625
724,0.53125
725,0.59375
726,0.625
727,0.59375
728,0.75
729,0.59375
730,0.75
731,0.78125
732,0.78125
733,0.71875
734,0.71875
735,0.5625
736,0.5
737,0.53125
738,0.71875
739,0.65625
740,0.8125
741,0.78125
742,0.6875
743,0.5
744,0.375
745,0.21875
746,0.03125
747,0.03125
748,0.0
749,0.1875
750,0.28125
751,0.125
752,0.21875
753,0.21875
754,0.40625
755,0.5625
756,0.65625
757,0.625
758,0.75
759,0.6875
760,0.59375
761,0.4375
762,0.59375
763,0.5
764,0.4375
765,0.40625
766,0.46875
767,0.5625
768,0.34375
769,0.34375
770,0.34375
771,0.375
772,0.34375
773,0.21875
774,0.15625
775,0.28125
776,0.03125
777,0.21875
778,0.125
779,0.21875
780,0.03125
781,0.09375
782,0.03125
783,0.09375
784,0.09375
785,0.15625
786,0.1875
787,0.5625
788,0.46875
789,0.5
790,0.53125
791,0.65625
792,0.375
793,0.1875
794,0.25
795,0.3125
796,0.53125
797,0.25
798,0.03125
799,0.03125
800,0.09375
801,0.09375
802,0.21875
803,0.46875
804,0.375
805,0.28125
806,0.28125
807,0.25
808,0.21875
809,0.40625
810,0.65625
811,0.4375
812,0.4375
813,0.25
814,0.25
815,0.5
816,0.8125
817,0.84375
818,0.71875
819,0.6875
820,0.5
821,0.75
822,0.875
823,0.65625
824,0.5
825,0.375
826,0.34375
827,0.375
828,0.34375
829,0.65625
830,0.625
831,0.59375
832,0.65625
833,0.5625
834,0.59375
835,0.6875
836,0.875
837,0.875
838,0.8125
839,0.71875
840,0.9375
841,0.96875
842,0.6875
843,0.5
844,0.40625
845,0.5625
846,0.46875
847,0.28125
848,0.21875
849,0.25
850,0.46875
851,0.46875
852,0.65625
853,0.59375
854,0.71875
855,0.625
856,0.53125
857,0.625
858,0.5625
859,0.65625
860,0.59375
861,0.59375
862,0.46875
863,0.09375
864,0.03125
865,0.0
866,0.0625
867,0.1875
868,0.53125
869,0.1875
870,0.375
871,0.28125
872,0.375
873,0.375
874,0.46875
875,0.28125
876,0.3125
877,0.3125
878,0.25
879,0.21875
880,0.0625
881,0.15625
882,0.0
883,0.15625
884,0.25
885,0.34375
886,0.125
887,0.0
888,0.0
889,0.03125
890,0.21875
891,0.46875
892,0.5625
893,0.5
894,0.4375
895,0.625
896,0.5625
897,0.5
898,0.5625
899,0.1875
900,0.3125
901,0.3125
902,0.21875
903,0.15625
904,0.03125
905,0.0625
906,0.09375
907,0.5
908,0.4375
909,0.375
910,0.40625
911,0.375
912,0.5625
913,0.71875
914,0.84375
915,0.6875
916,0.625
917,0.53125
918,0.4375
919,0.5625
920,0.40625
921,0.4375
922,0.25
923,0.46875
924,0.3125
925,0.25
926,0.3125
927,0.28125
928,0.21875
929,0.40625
930,0.15625
931,0.28125
932,0.25
933,0.28125
934,0.3125
935,0.28125
936,0.3125
937,0.375
938,0.3125
939,0.0625
940,0.1875
941,0.34375
942,0.5625
943,0.625
944,0.625
945,0.5625
946,0.5
947,0.5
948,0.15625
949,0.1875
950,0.1875
951,0.21875
952,0.1875
953,0.15625
954,0.21875
955,0.125
956,0.28125
957,0.375
958,0.53125
959,0.625
960,0.5625
961,0.5
962,0.125
963,0.09375
964,0.25
965,0.0
966,0.15625
967,0.0625
968,0.375
969,0.1875
970,0.1875
971,0.25
972,0.40625
973,0.4375
974,0.5
975,0.46875
976,0.34375
977,0.46875
978,0.34375
979,0.5
980,0.4375
981,0.46875
982,0.375
983,0.375
984,0.59375
985,0.65625
986,0.75
987,0.65625
988,0.59375
989,0.59375
990,0.46875
991,0.375
992,0.59375
993,0.625
994,0.28125
995,0.09375
996,0.09375
997,0.09375
998,0.1875
999,0.375
