,Absolute Magnetisations Per Spin
0,0.96875
1,0.8125
2,0.96875
3,0.90625
4,0.84375
5,0.28125
6,0.375
7,0.6875
8,0.96875
9,0.96875
10,0.875
11,0.84375
12,0.9375
13,1.0
14,1.0
15,0.9375
16,1.0
17,0.96875
18,0.9375
19,1.0
20,1.0
21,0.875
22,1.0
23,0.6875
24,0.71875
25,1.0
26,0.96875
27,0.96875
28,0.96875
29,0.96875
30,0.90625
31,0.96875
32,0.78125
33,1.0
34,1.0
35,0.78125
36,0.84375
37,0.96875
38,0.78125
39,0.96875
40,1.0
41,0.75
42,1.0
43,0.90625
44,0.96875
45,0.9375
46,0.9375
47,0.9375
48,0.9375
49,0.71875
50,0.90625
51,0.9375
52,0.96875
53,0.71875
54,0.8125
55,1.0
56,0.9375
57,0.9375
58,0.96875
59,0.96875
60,0.875
61,0.96875
62,0.96875
63,0.84375
64,1.0
65,0.96875
66,0.8125
67,0.96875
68,1.0
69,0.9375
70,0.96875
71,0.96875
72,1.0
73,0.9375
74,0.90625
75,0.6875
76,0.96875
77,0.9375
78,0.9375
79,0.75
80,1.0
81,0.8125
82,0.96875
83,1.0
84,0.9375
85,0.96875
86,0.9375
87,0.9375
88,1.0
89,0.90625
90,1.0
91,0.90625
92,0.90625
93,1.0
94,0.90625
95,0.875
96,1.0
97,0.96875
98,0.9375
99,1.0
100,1.0
101,0.875
102,0.9375
103,0.8125
104,0.625
105,0.875
106,0.84375
107,0.90625
108,0.90625
109,1.0
110,0.9375
111,1.0
112,0.9375
113,1.0
114,0.8125
115,0.9375
116,0.96875
117,0.84375
118,0.75
119,0.9375
120,0.96875
121,0.96875
122,1.0
123,0.8125
124,0.90625
125,0.84375
126,1.0
127,1.0
128,0.9375
129,1.0
130,0.96875
131,0.9375
132,0.84375
133,0.25
134,0.90625
135,0.8125
136,0.90625
137,0.84375
138,1.0
139,0.875
140,0.875
141,0.96875
142,0.96875
143,0.9375
144,0.8125
145,0.96875
146,0.96875
147,0.96875
148,0.9375
149,1.0
150,0.40625
151,1.0
152,1.0
153,0.84375
154,1.0
155,0.65625
156,0.75
157,0.90625
158,0.65625
159,0.90625
160,0.8125
161,0.9375
162,0.84375
163,0.875
164,1.0
165,0.8125
166,0.90625
167,0.9375
168,0.875
169,0.9375
170,0.96875
171,0.96875
172,0.90625
173,0.71875
174,0.84375
175,0.96875
176,1.0
177,0.90625
178,0.90625
179,0.96875
180,0.8125
181,0.9375
182,0.875
183,0.9375
184,0.875
185,1.0
186,0.78125
187,1.0
188,1.0
189,0.6875
190,0.96875
191,0.9375
192,0.96875
193,1.0
194,0.9375
195,0.84375
196,0.5625
197,0.625
198,0.96875
199,0.875
200,0.96875
201,0.90625
202,1.0
203,0.96875
204,0.90625
205,0.9375
206,0.9375
207,0.78125
208,0.875
209,0.9375
210,0.875
211,0.9375
212,0.9375
213,1.0
214,0.90625
215,0.53125
216,0.90625
217,0.65625
218,0.96875
219,0.96875
220,0.84375
221,0.875
222,0.96875
223,0.9375
224,1.0
225,0.8125
226,1.0
227,1.0
228,0.9375
229,0.96875
230,0.96875
231,0.90625
232,0.96875
233,0.9375
234,0.75
235,0.96875
236,0.9375
237,0.9375
238,0.5
239,0.90625
240,0.90625
241,0.875
242,1.0
243,0.9375
244,1.0
245,0.96875
246,0.71875
247,0.96875
248,0.9375
249,0.875
250,0.96875
251,0.96875
252,1.0
253,1.0
254,0.90625
255,0.875
256,0.9375
257,0.6875
258,0.96875
259,0.9375
260,0.96875
261,0.875
262,0.875
263,0.9375
264,0.75
265,1.0
266,1.0
267,0.84375
268,1.0
269,0.96875
270,0.90625
271,0.96875
272,0.9375
273,0.9375
274,0.625
275,0.96875
276,1.0
277,0.96875
278,0.96875
279,0.84375
280,0.9375
281,0.96875
282,0.9375
283,0.875
284,1.0
285,0.90625
286,0.96875
287,0.875
288,0.96875
289,1.0
290,0.90625
291,0.9375
292,0.96875
293,0.96875
294,1.0
295,0.59375
296,0.9375
297,0.96875
298,0.53125
299,0.90625
300,0.40625
301,1.0
302,0.96875
303,0.96875
304,0.96875
305,0.84375
306,0.96875
307,0.90625
308,1.0
309,0.96875
310,0.9375
311,1.0
312,0.8125
313,0.875
314,0.875
315,0.875
316,0.96875
317,1.0
318,0.90625
319,0.96875
320,0.96875
321,0.96875
322,0.75
323,1.0
324,0.96875
325,1.0
326,0.9375
327,0.9375
328,0.9375
329,1.0
330,0.9375
331,0.9375
332,0.75
333,0.71875
334,0.71875
335,0.96875
336,0.96875
337,0.78125
338,0.96875
339,1.0
340,0.90625
341,0.65625
342,0.96875
343,0.875
344,1.0
345,1.0
346,0.9375
347,0.96875
348,1.0
349,0.96875
350,0.90625
351,0.9375
352,0.96875
353,0.9375
354,0.96875
355,0.9375
356,0.9375
357,0.96875
358,0.8125
359,0.4375
360,0.75
361,0.84375
362,0.84375
363,0.84375
364,0.9375
365,0.90625
366,1.0
367,0.8125
368,0.9375
369,0.9375
370,0.9375
371,0.9375
372,0.96875
373,0.96875
374,0.6875
375,0.875
376,0.90625
377,0.90625
378,1.0
379,0.875
380,0.84375
381,0.96875
382,0.90625
383,0.78125
384,0.84375
385,0.84375
386,0.96875
387,0.8125
388,0.96875
389,0.875
390,1.0
391,0.875
392,0.96875
393,0.90625
394,1.0
395,0.96875
396,0.875
397,0.8125
398,0.8125
399,0.96875
400,0.90625
401,1.0
402,0.96875
403,0.96875
404,0.9375
405,1.0
406,0.96875
407,0.84375
408,0.90625
409,0.875
410,0.96875
411,0.90625
412,0.75
413,0.9375
414,0.96875
415,0.96875
416,0.84375
417,0.90625
418,0.9375
419,0.96875
420,0.875
421,1.0
422,0.96875
423,0.9375
424,0.90625
425,0.96875
426,1.0
427,0.9375
428,0.96875
429,1.0
430,0.75
431,0.9375
432,1.0
433,0.9375
434,0.96875
435,0.625
436,1.0
437,0.9375
438,0.96875
439,1.0
440,0.9375
441,0.90625
442,1.0
443,0.8125
444,0.90625
445,0.9375
446,0.90625
447,0.96875
448,0.96875
449,0.84375
450,0.90625
451,0.875
452,0.25
453,1.0
454,0.96875
455,0.3125
456,0.5625
457,0.3125
458,0.9375
459,0.96875
460,1.0
461,0.84375
462,0.84375
463,0.875
464,1.0
465,0.90625
466,1.0
467,0.96875
468,0.96875
469,0.9375
470,0.84375
471,0.625
472,0.84375
473,0.90625
474,0.9375
475,0.9375
476,0.9375
477,0.96875
478,0.90625
479,1.0
480,1.0
481,0.6875
482,0.96875
483,0.875
484,0.90625
485,0.71875
486,0.96875
487,1.0
488,0.78125
489,0.96875
490,0.75
491,0.9375
492,0.84375
493,0.96875
494,0.90625
495,0.84375
496,0.625
497,1.0
498,0.90625
499,0.96875
500,0.875
501,0.90625
502,0.78125
503,0.96875
504,0.8125
505,0.96875
506,0.9375
507,0.8125
508,0.90625
509,0.96875
510,0.9375
511,0.9375
512,0.875
513,0.8125
514,0.75
515,1.0
516,0.84375
517,0.9375
518,0.9375
519,0.96875
520,0.96875
521,0.9375
522,0.9375
523,0.90625
524,0.96875
525,0.9375
526,0.96875
527,0.9375
528,0.96875
529,0.96875
530,1.0
531,0.96875
532,0.8125
533,0.9375
534,0.96875
535,0.9375
536,1.0
537,0.96875
538,0.96875
539,0.84375
540,1.0
541,0.9375
542,0.96875
543,0.96875
544,0.96875
545,0.9375
546,1.0
547,0.84375
548,1.0
549,0.84375
550,0.96875
551,0.0625
552,0.125
553,0.6875
554,0.9375
555,0.96875
556,0.96875
557,0.9375
558,0.59375
559,1.0
560,1.0
561,0.71875
562,0.625
563,0.53125
564,0.90625
565,0.8125
566,0.5
567,0.90625
568,0.8125
569,1.0
570,0.96875
571,1.0
572,1.0
573,1.0
574,0.9375
575,0.6875
576,0.96875
577,0.96875
578,1.0
579,1.0
580,0.90625
581,0.96875
582,0.8125
583,0.90625
584,0.9375
585,0.90625
586,1.0
587,0.9375
588,0.8125
589,0.90625
590,0.875
591,0.9375
592,0.96875
593,0.875
594,0.15625
595,0.25
596,0.9375
597,1.0
598,0.96875
599,0.84375
600,0.59375
601,0.75
602,1.0
603,0.9375
604,0.96875
605,0.90625
606,0.96875
607,0.15625
608,0.5625
609,0.90625
610,0.84375
611,1.0
612,0.84375
613,0.8125
614,0.78125
615,0.3125
616,0.96875
617,0.84375
618,1.0
619,0.9375
620,0.90625
621,0.9375
622,0.9375
623,0.71875
624,0.71875
625,0.90625
626,0.9375
627,1.0
628,0.8125
629,0.875
630,0.90625
631,1.0
632,0.90625
633,0.90625
634,0.84375
635,0.84375
636,0.84375
637,0.90625
638,0.90625
639,0.96875
640,0.9375
641,0.8125
642,1.0
643,0.78125
644,1.0
645,1.0
646,0.8125
647,0.90625
648,0.9375
649,0.875
650,0.96875
651,0.875
652,0.90625
653,0.90625
654,0.96875
655,0.9375
656,0.90625
657,0.96875
658,0.96875
659,0.9375
660,0.90625
661,0.9375
662,0.96875
663,0.625
664,0.875
665,0.8125
666,0.875
667,0.90625
668,1.0
669,0.96875
670,0.90625
671,1.0
672,0.5
673,0.8125
674,0.8125
675,0.9375
676,0.90625
677,0.90625
678,0.9375
679,0.9375
680,0.96875
681,0.875
682,0.96875
683,0.90625
684,0.75
685,1.0
686,0.71875
687,0.96875
688,0.90625
689,1.0
690,0.96875
691,0.6875
692,0.5625
693,0.8125
694,0.96875
695,0.75
696,1.0
697,0.9375
698,0.8125
699,0.8125
700,0.90625
701,1.0
702,0.96875
703,0.875
704,1.0
705,1.0
706,1.0
707,0.96875
708,1.0
709,0.9375
710,0.96875
711,0.90625
712,0.90625
713,0.96875
714,0.90625
715,0.90625
716,0.84375
717,0.96875
718,1.0
719,0.90625
720,0.90625
721,1.0
722,0.96875
723,0.84375
724,0.9375
725,0.96875
726,0.90625
727,0.96875
728,0.90625
729,1.0
730,0.90625
731,1.0
732,0.9375
733,0.9375
734,0.96875
735,1.0
736,1.0
737,1.0
738,0.96875
739,0.9375
740,0.90625
741,1.0
742,1.0
743,0.90625
744,1.0
745,0.96875
746,0.96875
747,1.0
748,0.875
749,1.0
750,0.90625
751,0.96875
752,1.0
753,0.96875
754,1.0
755,1.0
756,0.75
757,0.75
758,1.0
759,0.9375
760,0.9375
761,0.96875
762,0.9375
763,1.0
764,0.9375
765,0.46875
766,0.625
767,0.9375
768,0.96875
769,0.875
770,0.9375
771,1.0
772,0.90625
773,0.875
774,0.9375
775,0.9375
776,1.0
777,0.75
778,0.875
779,0.875
780,0.96875
781,0.84375
782,0.0625
783,0.90625
784,0.59375
785,0.9375
786,0.71875
787,0.90625
788,0.9375
789,0.40625
790,0.96875
791,1.0
792,0.90625
793,0.9375
794,1.0
795,0.9375
796,0.8125
797,0.9375
798,1.0
799,0.84375
800,0.96875
801,0.6875
802,0.96875
803,1.0
804,0.9375
805,0.875
806,1.0
807,1.0
808,0.90625
809,0.875
810,0.875
811,0.90625
812,1.0
813,0.84375
814,0.9375
815,0.46875
816,0.90625
817,0.9375
818,0.96875
819,0.875
820,0.96875
821,0.9375
822,0.9375
823,0.90625
824,0.65625
825,0.9375
826,1.0
827,0.96875
828,0.9375
829,0.78125
830,0.875
831,1.0
832,0.875
833,0.96875
834,0.9375
835,0.9375
836,0.90625
837,0.96875
838,0.9375
839,0.96875
840,0.96875
841,0.9375
842,0.90625
843,0.71875
844,0.875
845,0.90625
846,0.875
847,0.6875
848,0.65625
849,0.59375
850,0.875
851,0.4375
852,0.9375
853,1.0
854,0.9375
855,0.5625
856,0.90625
857,0.875
858,1.0
859,0.9375
860,0.9375
861,0.96875
862,0.9375
863,0.9375
864,0.8125
865,1.0
866,0.25
867,1.0
868,0.8125
869,0.96875
870,1.0
871,0.9375
872,1.0
873,0.90625
874,0.9375
875,0.96875
876,1.0
877,0.96875
878,1.0
879,0.9375
880,0.875
881,0.90625
882,0.96875
883,1.0
884,0.9375
885,0.96875
886,0.84375
887,0.96875
888,0.75
889,0.875
890,0.96875
891,0.90625
892,0.9375
893,1.0
894,0.875
895,0.9375
896,0.90625
897,0.9375
898,0.9375
899,0.9375
900,0.8125
901,0.96875
902,0.90625
903,1.0
904,1.0
905,0.78125
906,0.9375
907,0.84375
908,0.96875
909,0.9375
910,0.96875
911,0.78125
912,0.96875
913,0.84375
914,0.875
915,0.96875
916,0.78125
917,0.875
918,0.96875
919,0.90625
920,0.96875
921,0.8125
922,0.9375
923,1.0
924,0.875
925,0.9375
926,0.96875
927,0.6875
928,0.28125
929,0.9375
930,0.90625
931,0.96875
932,0.96875
933,0.90625
934,1.0
935,1.0
936,0.9375
937,0.96875
938,0.875
939,0.96875
940,0.9375
941,0.5625
942,1.0
943,0.9375
944,0.6875
945,0.96875
946,1.0
947,0.90625
948,0.1875
949,0.65625
950,0.8125
951,0.875
952,0.96875
953,0.96875
954,0.75
955,0.90625
956,0.96875
957,0.9375
958,1.0
959,0.96875
960,0.96875
961,0.96875
962,0.9375
963,1.0
964,0.875
965,1.0
966,0.90625
967,0.46875
968,0.8125
969,0.875
970,0.9375
971,0.84375
972,0.8125
973,0.96875
974,0.875
975,0.96875
976,0.96875
977,0.90625
978,0.9375
979,0.90625
980,1.0
981,1.0
982,1.0
983,0.96875
984,0.96875
985,0.9375
986,0.96875
987,0.9375
988,0.84375
989,0.96875
990,0.90625
991,0.90625
992,1.0
993,0.84375
994,0.875
995,0.96875
996,0.90625
997,0.96875
998,0.84375
999,0.9375
1000,0.84375
1001,0.90625
1002,0.90625
1003,0.90625
1004,0.875
1005,0.90625
1006,0.9375
1007,0.90625
1008,0.9375
1009,1.0
1010,1.0
1011,1.0
1012,1.0
1013,0.9375
1014,0.90625
1015,0.84375
1016,0.96875
1017,0.875
1018,0.78125
1019,0.84375
1020,0.90625
1021,1.0
1022,0.84375
1023,1.0
1024,0.9375
1025,0.96875
1026,0.875
1027,0.96875
1028,0.96875
1029,0.78125
1030,0.96875
1031,0.90625
1032,1.0
1033,0.90625
1034,1.0
1035,0.9375
1036,1.0
1037,0.96875
1038,0.78125
1039,0.9375
1040,0.875
1041,0.9375
1042,1.0
1043,0.90625
1044,0.9375
1045,0.84375
1046,0.96875
1047,0.8125
1048,0.8125
1049,0.84375
1050,0.96875
1051,0.96875
1052,1.0
1053,0.96875
1054,1.0
1055,0.8125
1056,0.90625
1057,0.875
1058,0.96875
1059,1.0
1060,0.875
1061,0.875
1062,1.0
1063,0.9375
1064,0.9375
1065,0.96875
1066,0.96875
1067,1.0
1068,0.9375
1069,0.90625
1070,0.875
1071,0.9375
1072,0.875
1073,0.9375
1074,0.90625
1075,0.78125
1076,0.96875
1077,0.96875
1078,0.90625
1079,0.78125
1080,0.8125
1081,1.0
1082,0.9375
1083,0.9375
1084,0.84375
1085,0.90625
1086,1.0
1087,0.96875
1088,0.90625
1089,0.84375
1090,0.96875
1091,0.90625
1092,0.96875
1093,1.0
1094,1.0
1095,0.96875
1096,0.96875
1097,0.78125
1098,0.9375
1099,0.90625
1100,1.0
1101,0.8125
1102,0.9375
1103,0.90625
1104,0.84375
1105,0.96875
1106,0.96875
1107,0.96875
1108,0.84375
1109,1.0
1110,0.875
1111,0.96875
1112,0.8125
1113,0.96875
1114,0.90625
1115,1.0
1116,1.0
1117,1.0
1118,0.96875
1119,0.9375
1120,1.0
1121,0.71875
1122,0.9375
1123,1.0
1124,0.875
1125,0.96875
1126,0.90625
1127,1.0
1128,0.96875
1129,0.96875
1130,0.875
1131,0.9375
1132,0.875
1133,0.8125
1134,0.9375
1135,1.0
1136,0.96875
1137,0.84375
1138,0.90625
1139,1.0
1140,0.9375
1141,0.78125
1142,1.0
1143,0.9375
1144,0.9375
1145,0.9375
1146,1.0
1147,0.84375
1148,0.90625
1149,0.9375
1150,0.9375
1151,0.9375
1152,0.875
1153,0.875
1154,1.0
1155,0.9375
1156,0.9375
1157,0.90625
1158,0.9375
1159,1.0
1160,0.96875
1161,0.9375
1162,0.9375
1163,0.75
1164,0.9375
1165,0.96875
1166,1.0
1167,0.96875
1168,0.9375
1169,1.0
1170,1.0
1171,0.875
1172,0.9375
1173,0.96875
1174,0.90625
1175,0.90625
1176,0.96875
1177,0.96875
1178,0.96875
1179,0.90625
1180,1.0
1181,1.0
1182,0.9375
1183,0.75
1184,0.96875
1185,0.9375
1186,0.875
1187,0.875
1188,0.9375
1189,0.5625
1190,0.78125
1191,0.96875
1192,0.96875
1193,0.9375
1194,0.9375
1195,0.96875
1196,0.90625
1197,0.90625
1198,0.84375
1199,1.0
1200,0.90625
1201,0.9375
1202,1.0
1203,1.0
1204,0.9375
1205,0.96875
1206,0.96875
1207,1.0
1208,0.84375
1209,1.0
1210,0.9375
1211,0.9375
1212,1.0
1213,0.96875
1214,0.84375
1215,0.90625
1216,0.9375
1217,0.84375
1218,0.96875
1219,0.96875
1220,0.90625
1221,1.0
1222,0.84375
1223,0.9375
1224,0.96875
1225,0.9375
1226,0.84375
1227,0.96875
1228,0.84375
1229,0.90625
1230,0.5625
1231,0.78125
1232,1.0
1233,1.0
1234,0.9375
1235,1.0
1236,0.875
1237,0.90625
1238,0.90625
1239,1.0
1240,0.96875
1241,0.90625
1242,0.9375
1243,0.9375
1244,1.0
1245,0.96875
1246,0.6875
1247,0.96875
1248,0.875
1249,0.9375
1250,0.9375
1251,0.96875
1252,0.9375
1253,0.96875
1254,0.875
1255,0.9375
1256,0.90625
1257,0.96875
1258,1.0
1259,0.75
1260,1.0
1261,0.90625
1262,0.53125
1263,0.875
1264,0.96875
1265,0.9375
1266,0.9375
1267,0.78125
1268,0.78125
1269,0.90625
1270,0.90625
1271,0.875
1272,0.90625
1273,0.90625
1274,0.9375
1275,0.84375
1276,0.9375
1277,0.96875
1278,0.9375
1279,0.875
1280,1.0
1281,0.59375
1282,0.9375
1283,0.875
1284,0.6875
1285,0.96875
1286,0.90625
1287,0.96875
1288,0.96875
1289,0.75
1290,0.9375
1291,1.0
1292,0.875
1293,0.96875
1294,0.875
1295,0.9375
1296,0.9375
1297,0.9375
1298,1.0
1299,0.90625
1300,0.78125
1301,0.90625
1302,0.96875
1303,0.96875
1304,0.8125
1305,0.9375
1306,0.90625
1307,0.96875
1308,0.84375
1309,1.0
1310,0.96875
1311,0.84375
1312,1.0
1313,0.84375
1314,0.84375
1315,0.96875
1316,0.96875
1317,0.96875
1318,0.71875
1319,0.96875
1320,0.9375
1321,0.9375
1322,0.9375
1323,1.0
1324,0.96875
1325,1.0
1326,0.96875
1327,0.625
1328,0.9375
1329,0.9375
1330,1.0
1331,0.96875
1332,0.96875
1333,0.90625
1334,1.0
1335,0.875
1336,1.0
1337,0.375
1338,0.96875
1339,1.0
1340,0.96875
1341,0.9375
1342,1.0
1343,0.96875
1344,0.96875
1345,0.78125
1346,1.0
1347,0.9375
1348,0.96875
1349,0.90625
1350,0.8125
1351,0.9375
1352,0.8125
1353,0.875
1354,0.5625
1355,0.8125
1356,0.875
1357,0.84375
1358,0.9375
1359,0.875
1360,0.9375
1361,0.90625
1362,0.6875
1363,0.96875
1364,0.90625
1365,0.96875
1366,1.0
1367,0.96875
1368,1.0
1369,0.9375
1370,0.84375
1371,0.90625
1372,0.96875
1373,0.75
1374,1.0
1375,0.84375
1376,0.84375
1377,0.9375
1378,0.96875
1379,1.0
1380,0.96875
1381,1.0
1382,0.9375
1383,0.90625
1384,0.96875
1385,0.875
1386,0.84375
1387,0.875
1388,0.90625
1389,0.875
1390,0.9375
1391,0.96875
1392,0.8125
1393,0.875
1394,0.9375
1395,0.90625
1396,0.875
1397,0.71875
1398,0.96875
1399,0.9375
1400,0.9375
1401,0.875
1402,0.84375
1403,0.96875
1404,0.96875
1405,0.96875
1406,0.90625
1407,0.96875
1408,0.84375
1409,0.59375
1410,0.90625
1411,0.90625
1412,0.96875
1413,0.9375
1414,0.90625
1415,0.96875
1416,0.9375
1417,0.84375
1418,0.96875
1419,0.9375
1420,0.40625
1421,1.0
1422,1.0
1423,0.9375
1424,0.96875
1425,0.78125
1426,0.8125
1427,0.875
1428,0.84375
1429,0.84375
1430,0.875
1431,0.96875
1432,1.0
1433,0.96875
1434,0.875
1435,0.9375
1436,0.75
1437,0.90625
1438,0.96875
1439,0.9375
1440,0.75
1441,0.78125
1442,0.90625
1443,0.8125
1444,0.96875
1445,0.96875
1446,0.9375
1447,0.875
1448,0.96875
1449,0.875
1450,0.8125
1451,0.9375
1452,1.0
1453,0.78125
1454,0.96875
1455,0.96875
1456,0.90625
1457,1.0
1458,0.96875
1459,0.96875
1460,0.90625
1461,0.96875
1462,0.875
1463,0.78125
1464,1.0
1465,0.875
1466,0.75
1467,0.84375
1468,0.9375
1469,0.9375
1470,1.0
1471,0.9375
1472,0.90625
1473,0.96875
1474,0.9375
1475,0.96875
1476,0.90625
1477,1.0
1478,0.96875
1479,1.0
1480,0.9375
1481,0.9375
1482,0.78125
1483,0.9375
1484,1.0
1485,0.96875
1486,0.8125
1487,1.0
1488,1.0
1489,0.96875
1490,1.0
1491,0.96875
1492,0.96875
1493,0.78125
1494,0.90625
1495,0.9375
1496,0.9375
1497,0.90625
1498,1.0
1499,0.9375
1500,0.75
1501,0.90625
1502,0.875
1503,0.9375
1504,0.96875
1505,0.875
1506,0.84375
1507,0.1875
1508,0.5
1509,0.9375
1510,0.78125
1511,0.84375
1512,0.90625
1513,0.96875
1514,0.875
1515,0.96875
1516,0.8125
1517,0.90625
1518,0.9375
1519,0.90625
1520,0.90625
1521,1.0
1522,0.84375
1523,0.8125
1524,0.9375
1525,0.9375
1526,1.0
1527,0.8125
1528,1.0
1529,1.0
1530,0.875
1531,0.90625
1532,1.0
1533,0.9375
1534,0.9375
1535,0.78125
1536,0.96875
1537,0.96875
1538,1.0
1539,0.96875
1540,0.71875
1541,0.90625
1542,1.0
1543,0.90625
1544,0.96875
1545,0.96875
1546,1.0
1547,0.84375
1548,0.875
1549,1.0
1550,0.90625
1551,0.9375
1552,0.9375
1553,0.875
1554,1.0
1555,0.84375
1556,0.9375
1557,0.90625
1558,0.84375
1559,0.9375
1560,1.0
1561,0.875
1562,1.0
1563,0.84375
1564,0.9375
1565,1.0
1566,0.96875
1567,1.0
1568,0.8125
1569,0.96875
1570,0.84375
1571,1.0
1572,0.96875
1573,0.78125
1574,0.96875
1575,0.96875
1576,0.90625
1577,0.9375
1578,1.0
1579,0.9375
1580,1.0
1581,0.96875
1582,1.0
1583,1.0
1584,1.0
1585,0.84375
1586,0.875
1587,1.0
1588,0.9375
1589,0.90625
1590,0.75
1591,0.96875
1592,0.9375
1593,1.0
1594,0.8125
1595,0.9375
1596,0.6875
1597,1.0
1598,0.65625
1599,1.0
1600,0.90625
1601,0.84375
1602,0.84375
1603,0.875
1604,1.0
1605,0.96875
1606,0.9375
1607,0.9375
1608,1.0
1609,0.90625
1610,0.96875
1611,1.0
1612,1.0
1613,1.0
1614,1.0
1615,1.0
1616,1.0
1617,0.875
1618,0.8125
1619,0.9375
1620,0.84375
1621,0.59375
1622,0.78125
1623,0.78125
1624,0.8125
1625,0.9375
1626,0.9375
1627,0.8125
1628,0.96875
1629,0.75
1630,0.8125
1631,0.78125
1632,0.90625
1633,0.90625
1634,0.96875
1635,0.9375
1636,0.78125
1637,0.875
1638,0.9375
1639,1.0
1640,0.96875
1641,1.0
1642,0.875
1643,0.9375
1644,0.9375
1645,0.84375
1646,0.96875
1647,0.9375
1648,0.96875
1649,0.875
1650,1.0
1651,0.9375
1652,0.96875
1653,0.90625
1654,1.0
1655,1.0
1656,0.96875
1657,0.90625
1658,0.9375
1659,0.8125
1660,0.96875
1661,0.84375
1662,0.78125
1663,0.96875
1664,0.71875
1665,0.5
1666,1.0
1667,0.9375
1668,0.71875
1669,0.6875
1670,1.0
1671,0.9375
1672,0.9375
1673,0.96875
1674,0.90625
1675,0.78125
1676,0.90625
1677,0.9375
1678,0.8125
1679,0.875
1680,0.9375
1681,1.0
1682,0.65625
1683,0.9375
1684,0.9375
1685,0.9375
1686,0.90625
1687,1.0
1688,1.0
1689,0.875
1690,1.0
1691,0.875
1692,0.96875
1693,0.9375
1694,0.90625
1695,0.875
1696,0.46875
1697,1.0
1698,0.8125
1699,1.0
1700,1.0
1701,0.9375
1702,0.9375
1703,0.71875
1704,0.90625
1705,0.90625
1706,0.96875
1707,0.75
1708,0.875
1709,0.90625
1710,0.96875
1711,1.0
1712,0.9375
1713,0.90625
1714,0.90625
1715,0.96875
1716,0.8125
1717,0.96875
1718,1.0
1719,0.96875
1720,1.0
1721,0.84375
1722,0.8125
1723,0.90625
1724,0.90625
1725,0.875
1726,0.96875
1727,0.78125
1728,0.6875
1729,1.0
1730,0.9375
1731,0.84375
1732,0.9375
1733,0.96875
1734,0.96875
1735,0.90625
1736,0.65625
1737,0.9375
1738,0.8125
1739,0.84375
1740,0.96875
1741,0.9375
1742,0.96875
1743,0.875
1744,1.0
1745,0.8125
1746,0.875
1747,1.0
1748,0.96875
1749,0.90625
1750,1.0
1751,0.96875
1752,0.84375
1753,0.84375
1754,0.875
1755,1.0
1756,0.96875
1757,1.0
1758,1.0
1759,0.875
1760,1.0
1761,0.96875
1762,0.9375
1763,0.96875
1764,0.78125
1765,0.96875
1766,0.875
1767,0.96875
1768,0.875
1769,0.78125
1770,0.9375
1771,0.96875
1772,0.75
1773,1.0
1774,1.0
1775,0.75
1776,0.875
1777,0.9375
1778,0.8125
1779,0.96875
1780,0.9375
1781,0.96875
1782,0.96875
1783,0.9375
1784,0.9375
1785,0.96875
1786,0.8125
1787,1.0
1788,0.84375
1789,0.96875
1790,0.875
1791,0.96875
1792,0.875
1793,1.0
1794,0.90625
1795,0.96875
1796,0.78125
1797,0.96875
1798,1.0
1799,0.875
1800,0.9375
1801,0.9375
1802,1.0
1803,0.84375
1804,1.0
1805,0.8125
1806,0.59375
1807,0.9375
1808,0.9375
1809,0.78125
1810,0.78125
1811,0.9375
1812,0.71875
1813,0.96875
1814,0.9375
1815,0.96875
1816,0.9375
1817,0.84375
1818,1.0
1819,1.0
1820,0.9375
1821,0.96875
1822,0.84375
1823,0.96875
1824,0.96875
1825,0.96875
1826,0.96875
1827,0.875
1828,0.96875
1829,0.96875
1830,0.875
1831,0.96875
1832,0.96875
1833,0.96875
1834,0.9375
1835,0.90625
1836,0.9375
1837,0.875
1838,0.96875
1839,0.96875
1840,1.0
1841,0.84375
1842,0.875
1843,0.875
1844,0.78125
1845,0.96875
1846,0.9375
1847,1.0
1848,0.84375
1849,0.84375
1850,0.96875
1851,1.0
1852,1.0
1853,0.9375
1854,0.9375
1855,0.9375
1856,1.0
1857,0.84375
1858,0.96875
1859,0.96875
1860,0.71875
1861,1.0
1862,0.875
1863,0.875
1864,0.96875
1865,0.90625
1866,1.0
1867,0.96875
1868,0.75
1869,1.0
1870,0.96875
1871,0.75
1872,0.96875
1873,0.875
1874,0.90625
1875,0.96875
1876,0.96875
1877,1.0
1878,1.0
1879,0.96875
1880,1.0
1881,0.15625
1882,0.34375
1883,1.0
1884,1.0
1885,0.8125
1886,0.9375
1887,0.90625
1888,0.875
1889,0.9375
1890,0.9375
1891,0.8125
1892,0.9375
1893,1.0
1894,0.9375
1895,0.90625
1896,0.90625
1897,1.0
1898,0.96875
1899,0.96875
1900,0.96875
1901,0.9375
1902,0.78125
1903,0.90625
1904,0.28125
1905,0.78125
1906,1.0
1907,0.9375
1908,0.9375
1909,0.96875
1910,0.71875
1911,0.96875
1912,0.8125
1913,1.0
1914,0.9375
1915,0.9375
1916,0.96875
1917,0.8125
1918,0.96875
1919,0.78125
1920,0.96875
1921,0.84375
1922,0.9375
1923,0.96875
1924,1.0
1925,0.84375
1926,0.90625
1927,0.875
1928,0.90625
1929,0.71875
1930,0.9375
1931,0.875
1932,1.0
1933,1.0
1934,1.0
1935,0.84375
1936,0.96875
1937,0.6875
1938,0.96875
1939,0.875
1940,0.90625
1941,0.875
1942,0.96875
1943,0.9375
1944,0.96875
1945,0.875
1946,1.0
1947,0.96875
1948,0.96875
1949,0.8125
1950,0.96875
1951,0.78125
1952,1.0
1953,0.96875
1954,0.875
1955,0.9375
1956,0.96875
1957,0.90625
1958,0.9375
1959,0.96875
1960,0.90625
1961,0.96875
1962,0.96875
1963,1.0
1964,1.0
1965,1.0
1966,0.75
1967,0.8125
1968,0.9375
1969,0.90625
1970,0.71875
1971,0.96875
1972,0.84375
1973,1.0
1974,0.96875
1975,0.8125
1976,0.84375
1977,0.96875
1978,0.96875
1979,0.8125
1980,0.96875
1981,0.9375
1982,0.96875
1983,0.625
1984,0.8125
1985,1.0
1986,0.90625
1987,0.96875
1988,0.96875
1989,0.9375
1990,0.90625
1991,1.0
1992,0.875
1993,1.0
1994,0.84375
1995,1.0
1996,0.84375
1997,0.96875
1998,0.90625
1999,0.90625
2000,0.84375
2001,0.8125
2002,0.96875
2003,1.0
2004,0.78125
2005,0.3125
2006,0.90625
2007,0.3125
2008,0.5625
2009,0.875
2010,0.875
2011,0.9375
2012,0.9375
2013,0.96875
2014,0.90625
2015,0.96875
2016,0.96875
2017,0.96875
2018,0.84375
2019,1.0
2020,0.96875
2021,0.96875
2022,1.0
2023,0.875
2024,0.9375
2025,0.9375
2026,0.9375
2027,0.90625
2028,1.0
2029,0.96875
2030,0.90625
2031,0.9375
2032,0.9375
2033,1.0
2034,0.9375
2035,1.0
2036,0.9375
2037,0.90625
2038,0.90625
2039,0.96875
2040,0.6875
2041,0.96875
2042,0.8125
2043,0.96875
2044,0.78125
2045,0.875
2046,0.9375
2047,0.875
2048,0.6875
2049,0.90625
2050,0.96875
2051,0.90625
2052,0.875
2053,0.65625
2054,0.875
2055,0.90625
2056,0.96875
2057,0.84375
2058,0.9375
2059,0.9375
2060,0.9375
2061,0.96875
2062,0.96875
2063,0.59375
2064,0.90625
2065,0.71875
2066,0.84375
2067,0.75
2068,1.0
2069,0.84375
2070,0.9375
2071,0.96875
2072,0.90625
2073,0.84375
2074,0.40625
2075,0.8125
2076,1.0
2077,0.84375
2078,0.875
2079,0.78125
2080,1.0
2081,0.90625
2082,0.90625
2083,0.875
2084,0.96875
2085,0.96875
2086,0.875
2087,1.0
2088,1.0
2089,1.0
2090,0.8125
2091,0.96875
2092,0.96875
2093,0.90625
2094,1.0
2095,0.9375
2096,0.1875
2097,0.71875
2098,0.90625
2099,0.875
2100,0.875
2101,1.0
2102,1.0
2103,0.9375
2104,0.6875
2105,0.9375
2106,1.0
2107,0.875
2108,0.875
2109,0.96875
2110,0.71875
2111,1.0
2112,0.8125
2113,0.6875
2114,1.0
2115,0.9375
2116,0.90625
2117,0.84375
2118,0.96875
2119,0.96875
2120,1.0
2121,0.90625
2122,0.71875
2123,0.78125
2124,0.96875
2125,1.0
2126,0.90625
2127,1.0
2128,0.96875
2129,0.9375
2130,0.53125
2131,0.90625
2132,1.0
2133,0.9375
2134,0.90625
2135,0.96875
2136,1.0
2137,0.90625
2138,0.96875
2139,0.90625
2140,0.90625
2141,0.875
2142,0.9375
2143,0.84375
2144,0.875
2145,0.53125
2146,0.78125
2147,1.0
2148,0.78125
2149,0.65625
2150,1.0
2151,0.96875
2152,0.96875
2153,0.90625
2154,0.90625
2155,0.90625
2156,0.90625
2157,1.0
2158,0.90625
2159,0.96875
2160,0.9375
2161,0.9375
2162,0.96875
2163,0.96875
2164,0.9375
2165,0.96875
2166,0.90625
2167,0.96875
2168,0.71875
2169,0.96875
2170,0.90625
2171,1.0
2172,0.9375
2173,0.75
2174,0.875
2175,0.84375
2176,1.0
2177,0.8125
2178,0.9375
2179,0.9375
2180,1.0
2181,0.96875
2182,0.90625
2183,0.5
2184,0.78125
2185,1.0
2186,0.875
2187,0.9375
2188,0.125
2189,0.6875
2190,0.875
2191,0.96875
2192,0.9375
2193,0.96875
2194,0.9375
2195,0.96875
2196,0.96875
2197,0.71875
2198,0.96875
2199,1.0
2200,0.96875
2201,1.0
2202,0.875
2203,0.96875
2204,0.78125
2205,1.0
2206,0.84375
2207,0.8125
2208,0.90625
2209,1.0
2210,0.96875
2211,0.96875
2212,0.90625
2213,0.78125
2214,0.9375
2215,0.71875
2216,0.96875
2217,0.78125
2218,0.9375
2219,0.9375
2220,0.96875
2221,0.96875
2222,0.96875
2223,0.78125
2224,1.0
2225,0.96875
2226,0.9375
2227,0.84375
2228,0.9375
2229,0.96875
2230,0.96875
2231,0.90625
2232,0.96875
2233,0.8125
2234,0.96875
2235,0.96875
2236,0.875
2237,0.96875
2238,0.9375
2239,0.9375
2240,0.96875
2241,0.9375
2242,0.9375
2243,0.84375
2244,0.9375
2245,0.875
2246,0.78125
2247,0.875
2248,0.84375
2249,0.96875
2250,0.9375
2251,0.90625
2252,1.0
2253,0.875
2254,0.84375
2255,0.90625
2256,0.90625
2257,0.875
2258,0.71875
2259,0.96875
2260,0.875
2261,0.375
2262,1.0
2263,1.0
2264,0.9375
2265,0.875
2266,0.75
2267,0.96875
2268,0.96875
2269,0.96875
2270,0.96875
2271,0.96875
2272,0.875
2273,0.59375
2274,0.8125
2275,0.875
2276,0.96875
2277,1.0
2278,0.90625
2279,0.9375
2280,0.96875
2281,1.0
2282,0.875
2283,1.0
2284,0.75
2285,1.0
2286,0.90625
2287,0.90625
2288,0.84375
2289,0.90625
2290,1.0
2291,0.875
2292,0.875
2293,0.875
2294,0.90625
2295,0.9375
2296,0.84375
2297,0.84375
2298,0.4375
2299,0.9375
2300,0.78125
2301,0.71875
2302,0.90625
2303,0.875
2304,0.96875
2305,0.59375
2306,0.90625
2307,0.90625
2308,0.9375
2309,0.75
2310,0.9375
2311,0.96875
2312,0.96875
2313,0.78125
2314,0.875
2315,1.0
2316,0.96875
2317,0.9375
2318,0.875
2319,0.78125
2320,1.0
2321,0.8125
2322,0.96875
2323,1.0
2324,0.90625
2325,0.9375
2326,0.84375
2327,1.0
2328,1.0
2329,0.96875
2330,0.96875
2331,0.84375
2332,0.875
2333,1.0
2334,0.96875
2335,0.9375
2336,0.9375
2337,0.9375
2338,0.9375
2339,0.75
2340,0.96875
2341,0.96875
2342,0.96875
2343,0.9375
2344,1.0
2345,0.875
2346,0.90625
2347,0.84375
2348,0.75
2349,0.90625
2350,0.84375
2351,0.96875
2352,0.9375
2353,1.0
2354,1.0
2355,0.96875
2356,0.84375
2357,0.90625
2358,0.875
2359,0.65625
2360,0.875
2361,0.96875
2362,0.96875
2363,0.84375
2364,0.9375
2365,0.90625
2366,1.0
2367,0.90625
2368,0.875
2369,0.96875
2370,1.0
2371,0.875
2372,0.90625
2373,0.9375
2374,0.9375
2375,0.75
2376,0.8125
2377,0.65625
2378,0.96875
2379,0.84375
2380,0.5
2381,0.875
2382,0.9375
2383,1.0
2384,0.9375
2385,1.0
2386,0.90625
2387,0.96875
2388,1.0
2389,0.96875
2390,1.0
2391,0.9375
2392,0.96875
2393,0.9375
2394,0.96875
2395,1.0
2396,0.84375
2397,0.78125
2398,0.9375
2399,0.9375
2400,0.96875
2401,0.96875
2402,0.90625
2403,0.96875
2404,1.0
2405,0.875
2406,0.84375
2407,1.0
2408,1.0
2409,0.875
2410,0.96875
2411,0.90625
2412,1.0
2413,0.96875
2414,0.9375
2415,0.84375
2416,0.875
2417,0.96875
2418,1.0
2419,0.84375
2420,0.9375
2421,1.0
2422,0.96875
2423,0.875
2424,0.96875
2425,0.90625
2426,0.96875
2427,0.84375
2428,0.875
2429,0.96875
2430,0.96875
2431,0.90625
2432,1.0
2433,0.75
2434,0.84375
2435,0.96875
2436,0.96875
2437,0.90625
2438,0.9375
2439,0.9375
2440,0.96875
2441,0.96875
2442,0.9375
2443,0.90625
2444,0.90625
2445,1.0
2446,0.96875
2447,0.9375
2448,0.9375
2449,1.0
2450,0.84375
2451,1.0
2452,0.96875
2453,0.96875
2454,0.90625
2455,0.90625
2456,0.9375
2457,0.96875
2458,0.9375
2459,0.8125
2460,0.9375
2461,0.78125
2462,1.0
2463,0.875
2464,0.90625
2465,0.65625
2466,0.96875
2467,0.9375
2468,0.875
2469,0.96875
2470,0.9375
2471,0.78125
2472,0.9375
2473,0.9375
2474,0.9375
2475,0.9375
2476,0.9375
2477,0.9375
2478,1.0
2479,0.8125
2480,0.9375
2481,0.96875
2482,0.9375
2483,0.9375
2484,0.90625
2485,0.96875
2486,0.9375
2487,0.875
2488,0.8125
2489,0.9375
2490,1.0
2491,0.75
2492,0.90625
2493,0.96875
2494,1.0
2495,0.90625
2496,0.78125
2497,0.875
2498,0.96875
2499,0.90625
2500,0.90625
2501,1.0
2502,1.0
2503,1.0
2504,0.96875
2505,1.0
2506,0.6875
2507,0.59375
2508,0.59375
2509,1.0
2510,0.96875
2511,0.9375
2512,0.875
2513,0.84375
2514,0.8125
2515,0.96875
2516,0.75
2517,0.90625
2518,0.90625
2519,0.8125
2520,1.0
2521,0.9375
2522,0.96875
2523,0.9375
2524,0.875
2525,0.9375
2526,0.90625
2527,0.96875
2528,0.90625
2529,0.78125
2530,0.96875
2531,0.96875
2532,0.96875
2533,0.9375
2534,0.96875
2535,0.96875
2536,0.9375
2537,0.96875
2538,1.0
2539,1.0
2540,0.96875
2541,0.9375
2542,0.96875
2543,0.9375
2544,1.0
2545,0.9375
2546,0.96875
2547,1.0
2548,0.4375
2549,0.78125
2550,0.875
2551,0.96875
2552,0.875
2553,0.90625
2554,1.0
2555,0.96875
2556,0.84375
2557,0.96875
2558,0.84375
2559,0.875
2560,0.9375
2561,0.96875
2562,0.90625
2563,0.9375
2564,0.96875
2565,0.90625
2566,1.0
2567,0.90625
2568,0.75
2569,0.90625
2570,1.0
2571,0.9375
2572,0.96875
2573,0.96875
2574,1.0
2575,0.96875
2576,1.0
2577,0.96875
2578,0.90625
2579,0.625
2580,0.96875
2581,0.78125
2582,1.0
2583,0.90625
2584,1.0
2585,1.0
2586,0.90625
2587,0.9375
2588,0.96875
2589,0.9375
2590,1.0
2591,0.875
2592,0.9375
2593,0.96875
2594,0.9375
2595,0.84375
2596,0.90625
2597,1.0
2598,1.0
2599,0.96875
2600,0.96875
2601,0.96875
2602,0.875
2603,1.0
2604,0.8125
2605,0.875
2606,1.0
2607,0.96875
2608,0.96875
2609,1.0
2610,0.875
2611,1.0
2612,0.90625
2613,0.875
2614,0.9375
2615,0.96875
2616,0.78125
2617,0.90625
2618,0.625
2619,0.96875
2620,0.65625
2621,0.96875
2622,0.96875
2623,0.9375
2624,0.96875
2625,0.90625
2626,0.96875
2627,0.34375
2628,0.875
2629,0.90625
2630,0.9375
2631,1.0
2632,0.96875
2633,0.9375
2634,0.96875
2635,0.96875
2636,0.96875
2637,0.9375
2638,0.96875
2639,0.9375
2640,0.75
2641,0.9375
2642,0.59375
2643,0.96875
2644,0.96875
2645,0.96875
2646,0.90625
2647,0.96875
2648,0.96875
2649,0.90625
2650,1.0
2651,0.875
2652,0.96875
2653,0.96875
2654,0.875
2655,0.96875
2656,1.0
2657,0.9375
2658,1.0
2659,0.46875
2660,0.375
2661,0.9375
2662,1.0
2663,1.0
2664,1.0
2665,0.75
2666,0.96875
2667,1.0
2668,1.0
2669,0.96875
2670,0.90625
2671,0.96875
2672,1.0
2673,0.96875
2674,0.96875
2675,1.0
2676,0.9375
2677,1.0
2678,0.9375
2679,1.0
2680,0.90625
2681,0.84375
2682,0.875
2683,0.90625
2684,0.96875
2685,0.9375
2686,0.96875
2687,0.96875
2688,1.0
2689,0.8125
2690,0.9375
2691,0.8125
2692,0.96875
2693,0.90625
2694,0.65625
2695,0.9375
2696,0.9375
2697,1.0
2698,0.96875
2699,0.90625
2700,0.96875
2701,0.9375
2702,0.84375
2703,0.875
2704,0.96875
2705,0.96875
2706,0.90625
2707,1.0
2708,0.90625
2709,0.75
2710,0.9375
2711,0.90625
2712,1.0
2713,0.90625
2714,0.8125
2715,0.96875
2716,1.0
2717,0.96875
2718,1.0
2719,0.8125
2720,0.96875
2721,0.875
2722,0.9375
2723,0.96875
2724,0.8125
2725,1.0
2726,0.9375
2727,1.0
2728,0.9375
2729,0.90625
2730,0.8125
2731,0.84375
2732,0.9375
2733,0.8125
2734,0.9375
2735,0.96875
2736,0.9375
2737,0.625
2738,0.9375
2739,0.96875
2740,0.96875
2741,0.90625
2742,0.90625
2743,1.0
2744,1.0
2745,0.75
2746,0.96875
2747,0.84375
2748,0.90625
2749,0.96875
2750,0.96875
2751,1.0
2752,0.875
2753,0.96875
2754,0.90625
2755,0.71875
2756,0.96875
2757,0.96875
2758,0.875
2759,0.90625
2760,0.875
2761,0.84375
2762,0.96875
2763,0.9375
2764,0.875
2765,0.78125
2766,0.9375
2767,0.8125
2768,0.96875
2769,1.0
2770,0.71875
2771,0.90625
2772,0.96875
2773,0.90625
2774,0.84375
2775,0.9375
2776,0.84375
2777,1.0
2778,0.96875
2779,1.0
2780,1.0
2781,0.96875
2782,0.9375
2783,0.8125
2784,0.96875
2785,1.0
2786,0.90625
2787,1.0
2788,0.96875
2789,0.84375
2790,0.9375
2791,0.90625
2792,0.84375
2793,0.96875
2794,0.90625
2795,0.96875
2796,0.78125
2797,0.90625
2798,1.0
2799,0.75
2800,0.96875
2801,1.0
2802,0.84375
2803,0.75
2804,0.96875
2805,0.96875
2806,0.96875
2807,0.875
2808,0.90625
2809,1.0
2810,1.0
2811,0.96875
2812,0.96875
2813,0.90625
2814,0.90625
2815,0.84375
2816,0.75
2817,0.96875
2818,0.90625
2819,1.0
2820,0.96875
2821,0.9375
2822,0.96875
2823,0.96875
2824,1.0
2825,1.0
2826,0.96875
2827,0.96875
2828,0.96875
2829,1.0
2830,0.96875
2831,0.96875
2832,0.96875
2833,1.0
2834,0.9375
2835,0.96875
2836,0.875
2837,0.96875
2838,0.90625
2839,1.0
2840,0.96875
2841,1.0
2842,0.9375
2843,1.0
2844,1.0
2845,0.90625
2846,0.9375
2847,0.9375
2848,1.0
2849,0.90625
2850,0.96875
2851,0.75
2852,0.90625
2853,0.9375
2854,0.6875
2855,0.40625
2856,0.96875
2857,0.9375
2858,0.96875
2859,0.34375
2860,0.96875
2861,0.875
2862,0.9375
2863,0.90625
2864,1.0
2865,0.9375
2866,0.9375
2867,0.71875
2868,0.875
2869,1.0
2870,0.9375
2871,0.90625
2872,0.71875
2873,0.9375
2874,0.96875
2875,0.875
2876,0.65625
2877,0.75
2878,0.96875
2879,0.96875
2880,0.84375
2881,0.96875
2882,0.9375
2883,0.9375
2884,0.9375
2885,0.96875
2886,1.0
2887,0.90625
2888,0.90625
2889,1.0
2890,0.9375
2891,0.9375
2892,1.0
2893,0.875
2894,0.6875
2895,0.84375
2896,0.625
2897,0.84375
2898,0.9375
2899,0.90625
2900,0.96875
2901,0.625
2902,0.9375
2903,1.0
2904,0.96875
2905,0.90625
2906,0.625
2907,0.96875
2908,0.96875
2909,1.0
2910,0.875
2911,0.96875
2912,0.875
2913,0.90625
2914,0.9375
2915,0.96875
2916,1.0
2917,0.90625
2918,0.78125
2919,0.96875
2920,0.9375
2921,0.21875
2922,0.375
2923,0.96875
2924,0.875
2925,0.96875
2926,0.84375
2927,0.9375
2928,0.9375
2929,0.71875
2930,1.0
2931,0.9375
2932,0.9375
2933,0.90625
2934,0.9375
2935,0.90625
2936,1.0
2937,1.0
2938,0.96875
2939,0.9375
2940,0.90625
2941,1.0
2942,1.0
2943,0.9375
2944,1.0
2945,0.90625
2946,0.875
2947,1.0
2948,0.875
2949,0.90625
2950,0.96875
2951,0.90625
2952,0.9375
2953,0.96875
2954,1.0
2955,1.0
2956,0.96875
2957,0.9375
2958,0.90625
2959,0.9375
2960,0.9375
2961,0.78125
2962,1.0
2963,0.90625
2964,1.0
2965,1.0
2966,0.875
2967,0.875
2968,0.96875
2969,1.0
2970,0.875
2971,0.96875
2972,1.0
2973,0.875
2974,1.0
2975,0.9375
2976,0.90625
2977,0.96875
2978,0.96875
2979,0.75
2980,1.0
2981,0.96875
2982,0.9375
2983,1.0
2984,0.96875
2985,1.0
2986,0.90625
2987,1.0
2988,0.9375
2989,0.9375
2990,1.0
2991,0.8125
2992,1.0
2993,0.96875
2994,0.96875
2995,0.875
2996,0.96875
2997,0.875
2998,0.96875
2999,1.0
3000,0.65625
3001,0.625
3002,1.0
3003,1.0
3004,0.90625
3005,0.90625
3006,0.96875
3007,0.9375
3008,0.53125
3009,0.84375
3010,0.625
3011,0.9375
3012,0.84375
3013,0.9375
3014,0.96875
3015,1.0
3016,0.96875
3017,1.0
3018,1.0
3019,1.0
3020,0.96875
3021,0.96875
3022,0.90625
3023,0.84375
3024,0.9375
3025,0.9375
3026,0.9375
3027,0.96875
3028,0.90625
3029,0.90625
3030,1.0
3031,0.90625
3032,0.96875
3033,0.75
3034,1.0
3035,0.96875
3036,0.8125
3037,1.0
3038,0.96875
3039,0.9375
3040,0.8125
3041,0.9375
3042,0.90625
3043,0.84375
3044,0.96875
3045,0.875
3046,1.0
3047,0.875
3048,0.90625
3049,0.90625
3050,0.90625
3051,0.90625
3052,0.9375
3053,0.8125
3054,0.8125
3055,0.90625
3056,0.46875
3057,1.0
3058,0.96875
3059,0.9375
3060,1.0
3061,0.8125
3062,0.84375
3063,0.96875
3064,0.875
3065,1.0
3066,0.84375
3067,1.0
3068,0.96875
3069,0.96875
3070,0.96875
3071,0.9375
3072,0.875
3073,0.53125
3074,1.0
3075,0.9375
3076,0.96875
3077,0.90625
3078,0.9375
3079,0.78125
3080,0.4375
3081,1.0
3082,1.0
3083,0.90625
3084,0.84375
3085,0.875
3086,0.78125
3087,0.9375
3088,0.875
3089,0.9375
3090,0.96875
3091,0.90625
3092,0.96875
3093,0.46875
3094,0.875
3095,0.9375
3096,1.0
3097,0.9375
3098,0.875
3099,0.78125
3100,0.9375
3101,0.96875
3102,0.9375
3103,0.875
3104,0.84375
3105,0.90625
3106,0.90625
3107,0.75
3108,1.0
3109,1.0
3110,0.96875
3111,0.9375
3112,0.96875
3113,0.96875
3114,0.9375
3115,0.96875
3116,0.84375
3117,1.0
3118,0.875
3119,1.0
3120,0.96875
3121,1.0
3122,1.0
3123,0.96875
3124,0.9375
3125,0.96875
3126,0.84375
3127,1.0
3128,0.90625
3129,1.0
3130,0.96875
3131,1.0
3132,0.75
3133,1.0
3134,0.9375
3135,0.75
3136,0.8125
3137,0.96875
3138,1.0
3139,0.78125
3140,0.9375
3141,1.0
3142,0.90625
3143,0.875
3144,0.8125
3145,0.9375
3146,1.0
3147,0.9375
3148,0.96875
3149,0.96875
3150,0.9375
3151,0.875
3152,1.0
3153,0.96875
3154,0.96875
3155,0.84375
3156,0.75
3157,0.9375
3158,0.9375
3159,0.875
3160,0.90625
3161,0.9375
3162,0.9375
3163,0.90625
3164,0.96875
3165,1.0
3166,0.78125
3167,0.90625
3168,1.0
3169,0.8125
3170,0.96875
3171,0.9375
3172,0.8125
3173,0.90625
3174,0.9375
3175,0.84375
3176,0.9375
3177,0.84375
3178,0.96875
3179,0.96875
3180,0.9375
3181,1.0
3182,1.0
3183,0.90625
3184,0.90625
3185,0.9375
3186,0.96875
3187,0.96875
3188,0.84375
3189,0.96875
3190,0.90625
3191,0.9375
3192,0.90625
3193,0.90625
3194,0.875
3195,1.0
3196,0.875
3197,0.9375
3198,1.0
3199,0.90625
3200,0.90625
3201,0.96875
3202,0.96875
3203,0.9375
3204,0.9375
3205,0.78125
3206,0.9375
3207,0.90625
3208,0.65625
3209,1.0
3210,0.9375
3211,0.9375
3212,0.90625
3213,0.90625
3214,0.9375
3215,0.875
3216,0.96875
3217,1.0
3218,0.875
3219,0.9375
3220,0.96875
3221,1.0
3222,0.9375
3223,0.78125
3224,0.75
3225,0.96875
3226,0.9375
3227,0.75
3228,1.0
3229,0.90625
3230,0.90625
3231,0.96875
3232,0.96875
3233,1.0
3234,0.96875
3235,0.9375
3236,0.75
3237,0.5
3238,0.96875
3239,1.0
3240,0.9375
3241,0.875
3242,1.0
3243,0.90625
3244,0.78125
3245,0.96875
3246,1.0
3247,1.0
3248,0.875
3249,0.96875
3250,0.9375
3251,1.0
3252,0.9375
3253,0.96875
3254,0.84375
3255,1.0
3256,0.96875
3257,0.96875
3258,0.78125
3259,0.96875
3260,1.0
3261,1.0
3262,1.0
3263,0.96875
3264,0.84375
3265,0.96875
3266,0.6875
3267,0.6875
3268,0.90625
3269,0.6875
3270,0.90625
3271,0.875
3272,0.96875
3273,0.875
3274,1.0
3275,0.96875
3276,0.90625
3277,0.9375
3278,0.84375
3279,0.90625
3280,0.78125
3281,0.875
3282,0.96875
3283,1.0
3284,0.90625
3285,0.96875
3286,0.90625
3287,0.90625
3288,0.90625
3289,0.9375
3290,0.96875
3291,1.0
3292,1.0
3293,0.90625
3294,0.9375
3295,1.0
3296,1.0
3297,0.71875
3298,0.875
3299,0.90625
3300,0.9375
3301,0.84375
3302,0.65625
3303,0.84375
3304,1.0
3305,0.96875
3306,0.84375
3307,0.9375
3308,1.0
3309,0.8125
3310,1.0
3311,1.0
3312,0.9375
3313,0.9375
3314,1.0
3315,0.8125
3316,0.96875
3317,0.8125
3318,0.9375
3319,1.0
3320,1.0
3321,0.9375
3322,1.0
3323,0.90625
3324,0.875
3325,0.90625
3326,0.84375
3327,0.96875
3328,0.90625
3329,0.9375
3330,0.71875
3331,0.96875
3332,0.96875
3333,0.84375
3334,0.84375
3335,0.9375
3336,0.96875
3337,0.875
3338,0.90625
3339,0.78125
3340,1.0
3341,0.9375
3342,0.96875
3343,0.9375
3344,0.9375
3345,0.875
3346,0.90625
3347,0.9375
3348,0.8125
3349,0.78125
3350,0.96875
3351,1.0
3352,0.8125
3353,0.90625
3354,0.9375
3355,0.75
3356,0.78125
3357,0.9375
3358,1.0
3359,0.96875
3360,0.90625
3361,1.0
3362,0.59375
3363,1.0
3364,0.96875
3365,0.9375
3366,1.0
3367,0.375
3368,0.6875
3369,0.9375
3370,0.6875
3371,0.9375
3372,0.6875
3373,0.875
3374,0.96875
3375,0.90625
3376,1.0
3377,0.90625
3378,0.96875
3379,0.8125
3380,0.96875
3381,0.96875
3382,0.96875
3383,0.96875
3384,0.875
3385,1.0
3386,1.0
3387,0.90625
3388,0.96875
3389,0.96875
3390,1.0
3391,0.84375
3392,0.65625
3393,0.8125
3394,0.59375
3395,0.15625
3396,0.4375
3397,0.90625
3398,0.96875
3399,0.90625
3400,1.0
3401,0.90625
3402,0.96875
3403,1.0
3404,0.96875
3405,0.96875
3406,0.90625
3407,0.96875
3408,0.90625
3409,0.9375
3410,1.0
3411,0.9375
3412,0.9375
3413,0.90625
3414,0.9375
3415,0.90625
3416,0.90625
3417,0.875
3418,0.75
3419,0.9375
3420,1.0
3421,0.5
3422,1.0
3423,0.9375
3424,0.90625
3425,0.96875
3426,0.96875
3427,0.96875
3428,0.9375
3429,0.75
3430,0.84375
3431,0.96875
3432,0.875
3433,0.875
3434,0.96875
3435,0.96875
3436,0.5625
3437,0.75
3438,1.0
3439,0.96875
3440,0.875
3441,0.96875
3442,0.90625
3443,0.46875
3444,0.5
3445,0.71875
3446,0.875
3447,0.96875
3448,0.75
3449,0.96875
3450,1.0
3451,0.90625
3452,1.0
3453,1.0
3454,1.0
3455,1.0
3456,0.875
3457,1.0
3458,0.9375
3459,0.96875
3460,0.9375
3461,0.96875
3462,0.9375
3463,1.0
3464,0.96875
3465,0.90625
3466,0.9375
3467,0.9375
3468,0.8125
3469,0.75
3470,0.96875
3471,0.78125
3472,0.96875
3473,0.90625
3474,0.96875
3475,1.0
3476,0.96875
3477,0.96875
3478,0.9375
3479,0.9375
3480,0.96875
3481,0.84375
3482,0.96875
3483,0.875
3484,0.96875
3485,0.90625
3486,0.875
3487,0.9375
3488,0.96875
3489,1.0
3490,0.875
3491,1.0
3492,0.9375
3493,0.96875
3494,0.9375
3495,0.96875
3496,0.90625
3497,0.9375
3498,0.96875
3499,0.90625
3500,0.9375
3501,1.0
3502,0.96875
3503,0.90625
3504,0.59375
3505,0.84375
3506,0.96875
3507,0.90625
3508,0.96875
3509,0.75
3510,0.96875
3511,1.0
3512,0.96875
3513,0.875
3514,0.96875
3515,1.0
3516,0.96875
3517,0.9375
3518,0.9375
3519,0.9375
3520,0.90625
3521,0.90625
3522,0.96875
3523,0.9375
3524,0.875
3525,0.78125
3526,0.84375
3527,1.0
3528,0.96875
3529,1.0
3530,0.96875
3531,1.0
3532,1.0
3533,0.96875
3534,0.90625
3535,1.0
3536,0.90625
3537,0.90625
3538,1.0
3539,1.0
3540,1.0
3541,1.0
3542,0.9375
3543,0.96875
3544,0.9375
3545,0.96875
3546,0.875
3547,0.9375
3548,0.9375
3549,0.90625
3550,0.84375
3551,0.96875
3552,0.96875
3553,0.9375
3554,0.90625
3555,0.9375
3556,0.96875
3557,0.9375
3558,0.9375
3559,1.0
3560,1.0
3561,0.9375
3562,0.71875
3563,1.0
3564,0.9375
3565,0.8125
3566,0.9375
3567,0.96875
3568,0.875
3569,1.0
3570,0.84375
3571,0.96875
3572,0.96875
3573,0.9375
3574,0.90625
3575,0.875
3576,0.84375
3577,0.75
3578,0.96875
3579,0.90625
3580,0.96875
3581,0.9375
3582,1.0
3583,0.84375
3584,0.96875
3585,0.96875
3586,0.9375
3587,0.9375
3588,0.96875
3589,0.96875
3590,0.9375
3591,0.875
3592,0.96875
3593,0.9375
3594,0.9375
3595,0.90625
3596,0.96875
3597,0.90625
3598,0.875
3599,1.0
3600,0.90625
3601,0.9375
3602,0.9375
3603,0.90625
3604,0.75
3605,0.96875
3606,1.0
3607,1.0
3608,1.0
3609,1.0
3610,0.875
3611,0.875
3612,0.9375
3613,0.9375
3614,1.0
3615,0.9375
3616,0.9375
3617,0.9375
3618,0.9375
3619,0.65625
3620,0.84375
3621,0.96875
3622,0.96875
3623,0.78125
3624,1.0
3625,1.0
3626,0.90625
3627,0.96875
3628,0.875
3629,0.90625
3630,0.84375
3631,1.0
3632,0.9375
3633,0.96875
3634,0.875
3635,0.84375
3636,0.90625
3637,0.96875
3638,0.5
3639,0.84375
3640,0.78125
3641,0.96875
3642,0.875
3643,0.90625
3644,0.75
3645,0.875
3646,0.90625
3647,0.96875
3648,0.875
3649,0.96875
3650,0.96875
3651,0.90625
3652,0.875
3653,0.90625
3654,0.96875
3655,0.90625
3656,1.0
3657,0.875
3658,1.0
3659,0.625
3660,1.0
3661,0.84375
3662,0.9375
3663,0.875
3664,0.65625
3665,0.9375
3666,0.71875
3667,0.90625
3668,0.875
3669,1.0
3670,0.9375
3671,0.9375
3672,0.90625
3673,0.90625
3674,1.0
3675,0.9375
3676,0.90625
3677,0.9375
3678,0.96875
3679,0.84375
3680,1.0
3681,0.96875
3682,0.9375
3683,0.71875
3684,0.96875
3685,0.875
3686,0.9375
3687,0.9375
3688,0.96875
3689,0.59375
3690,0.90625
3691,0.9375
3692,0.9375
3693,0.96875
3694,0.96875
3695,0.96875
3696,1.0
3697,1.0
3698,0.8125
3699,0.875
3700,0.59375
3701,0.84375
3702,1.0
3703,1.0
3704,0.84375
3705,0.84375
3706,0.84375
3707,0.96875
3708,0.875
3709,0.96875
3710,0.90625
3711,0.5
3712,0.90625
3713,0.90625
3714,0.875
3715,0.9375
3716,0.8125
3717,0.9375
3718,0.90625
3719,0.875
3720,0.9375
3721,0.9375
3722,0.9375
3723,0.9375
3724,0.90625
3725,0.96875
3726,1.0
3727,0.9375
3728,0.875
3729,0.9375
3730,0.875
3731,0.96875
3732,0.875
3733,0.9375
3734,0.90625
3735,0.875
3736,0.96875
3737,1.0
3738,0.96875
3739,0.8125
3740,0.9375
3741,0.90625
3742,0.90625
3743,0.96875
3744,1.0
3745,0.71875
3746,0.90625
3747,0.875
3748,0.875
3749,0.75
3750,0.90625
3751,0.96875
3752,0.9375
3753,0.875
3754,0.96875
3755,0.84375
3756,0.90625
3757,0.96875
3758,0.625
3759,0.90625
3760,0.96875
3761,0.96875
3762,0.9375
3763,0.78125
3764,0.9375
3765,0.84375
3766,0.84375
3767,0.9375
3768,0.8125
3769,0.875
3770,1.0
3771,0.90625
3772,0.9375
3773,0.84375
3774,0.96875
3775,0.84375
3776,0.9375
3777,1.0
3778,0.96875
3779,0.96875
3780,0.53125
3781,0.9375
3782,0.96875
3783,0.96875
3784,1.0
3785,0.875
3786,0.84375
3787,0.90625
3788,0.9375
3789,1.0
3790,0.96875
3791,1.0
3792,1.0
3793,0.96875
3794,0.90625
3795,0.9375
3796,0.96875
3797,1.0
3798,0.8125
3799,1.0
3800,0.96875
3801,0.90625
3802,1.0
3803,1.0
3804,0.96875
3805,0.90625
3806,0.96875
3807,0.875
3808,0.9375
3809,0.96875
3810,0.90625
3811,0.625
3812,1.0
3813,0.96875
3814,0.84375
3815,0.3125
3816,0.65625
3817,0.96875
3818,1.0
3819,0.96875
3820,0.90625
3821,0.96875
3822,0.9375
3823,0.90625
3824,0.9375
3825,0.90625
3826,1.0
3827,0.96875
3828,0.9375
3829,0.84375
3830,0.90625
3831,1.0
3832,0.9375
3833,0.90625
3834,0.78125
3835,0.96875
3836,0.875
3837,0.96875
3838,0.9375
3839,1.0
3840,0.96875
3841,0.96875
3842,0.9375
3843,0.875
3844,0.8125
3845,0.90625
3846,0.875
3847,0.96875
3848,1.0
3849,0.96875
3850,0.6875
3851,0.875
3852,1.0
3853,0.9375
3854,0.84375
3855,0.875
3856,0.71875
3857,0.8125
3858,0.59375
3859,0.90625
3860,0.875
3861,0.9375
3862,0.96875
3863,0.84375
3864,0.84375
3865,0.9375
3866,0.9375
3867,1.0
3868,1.0
3869,0.71875
3870,0.9375
3871,0.71875
3872,0.90625
3873,0.875
3874,1.0
3875,0.875
3876,0.9375
3877,0.9375
3878,0.96875
3879,0.90625
3880,0.90625
3881,1.0
3882,0.9375
3883,0.9375
3884,1.0
3885,0.875
3886,1.0
3887,0.9375
3888,0.96875
3889,0.90625
3890,1.0
3891,1.0
3892,0.96875
3893,0.875
3894,0.84375
3895,0.90625
3896,0.71875
3897,1.0
3898,0.9375
3899,0.84375
3900,0.9375
3901,0.90625
3902,0.96875
3903,0.875
3904,0.9375
3905,0.9375
3906,0.5
3907,1.0
3908,1.0
3909,0.96875
3910,0.9375
3911,1.0
3912,1.0
3913,0.875
3914,0.90625
3915,1.0
3916,1.0
3917,1.0
3918,0.96875
3919,0.9375
3920,0.75
3921,0.90625
3922,0.96875
3923,1.0
3924,0.96875
3925,1.0
3926,0.96875
3927,0.84375
3928,0.96875
3929,0.9375
3930,1.0
3931,0.9375
3932,0.90625
3933,1.0
3934,1.0
3935,1.0
3936,0.96875
3937,0.875
3938,0.8125
3939,0.9375
3940,0.875
3941,0.90625
3942,1.0
3943,0.6875
3944,0.96875
3945,0.96875
3946,0.96875
3947,0.96875
3948,1.0
3949,0.34375
3950,0.65625
3951,0.84375
3952,0.8125
3953,1.0
3954,0.5625
3955,0.90625
3956,1.0
3957,0.875
3958,0.90625
3959,1.0
3960,0.90625
3961,0.90625
3962,0.96875
3963,0.9375
3964,0.8125
3965,1.0
3966,0.9375
3967,0.9375
3968,1.0
3969,0.96875
3970,1.0
3971,0.9375
3972,0.875
3973,0.8125
3974,0.90625
3975,0.9375
3976,0.875
3977,0.625
3978,0.59375
3979,0.65625
3980,0.96875
3981,0.875
3982,0.90625
3983,0.96875
3984,0.8125
3985,1.0
3986,0.9375
3987,0.90625
3988,1.0
3989,0.78125
3990,0.84375
3991,0.90625
3992,0.84375
3993,0.96875
3994,0.9375
3995,0.84375
3996,0.96875
3997,0.65625
3998,1.0
3999,1.0
4000,0.96875
4001,0.875
4002,1.0
4003,0.5
4004,1.0
4005,0.96875
4006,0.9375
4007,0.6875
4008,0.9375
4009,0.90625
4010,1.0
4011,0.9375
4012,0.96875
4013,1.0
4014,1.0
4015,0.78125
4016,1.0
4017,0.90625
4018,1.0
4019,0.96875
4020,0.9375
4021,0.84375
4022,0.90625
4023,0.96875
4024,0.8125
4025,0.9375
4026,0.90625
4027,0.9375
4028,0.96875
4029,1.0
4030,0.90625
4031,0.84375
4032,0.90625
4033,0.96875
4034,0.96875
4035,0.96875
4036,0.9375
4037,0.875
4038,0.4375
4039,0.78125
4040,0.875
4041,1.0
4042,0.9375
4043,1.0
4044,0.8125
4045,1.0
4046,0.8125
4047,0.96875
4048,0.625
4049,0.875
4050,1.0
4051,1.0
4052,0.9375
4053,0.9375
4054,0.8125
4055,0.8125
4056,0.96875
4057,0.78125
4058,0.9375
4059,0.9375
4060,0.78125
4061,0.96875
4062,0.84375
4063,0.8125
4064,0.96875
4065,0.96875
4066,0.9375
4067,0.84375
4068,0.90625
4069,0.875
4070,0.96875
4071,0.9375
4072,0.71875
4073,1.0
4074,0.96875
4075,0.96875
4076,1.0
4077,0.96875
4078,0.8125
4079,0.875
4080,0.84375
4081,0.84375
4082,0.90625
4083,0.96875
4084,0.9375
4085,0.90625
4086,0.90625
4087,0.96875
4088,0.875
4089,0.875
4090,0.96875
4091,0.9375
4092,0.875
4093,1.0
4094,0.8125
4095,0.9375
4096,1.0
4097,1.0
4098,0.9375
4099,1.0
4100,0.9375
4101,0.15625
4102,0.28125
4103,0.25
4104,0.5
4105,1.0
4106,1.0
4107,0.84375
4108,0.96875
4109,0.6875
4110,0.84375
4111,1.0
4112,0.875
4113,0.78125
4114,0.9375
4115,0.9375
4116,0.96875
4117,0.90625
4118,0.96875
4119,1.0
4120,0.90625
4121,0.96875
4122,0.84375
4123,0.84375
4124,0.9375
4125,0.875
4126,1.0
4127,0.5625
4128,1.0
4129,0.9375
4130,0.90625
4131,0.9375
4132,0.8125
4133,0.96875
4134,0.9375
4135,1.0
4136,0.875
4137,0.78125
4138,0.8125
4139,0.90625
4140,0.875
4141,1.0
4142,0.84375
4143,0.84375
4144,1.0
4145,0.84375
4146,0.96875
4147,0.84375
4148,0.90625
4149,0.875
4150,0.8125
4151,0.96875
4152,0.9375
4153,0.96875
4154,0.96875
4155,0.96875
4156,0.9375
4157,0.96875
4158,0.875
4159,0.90625
4160,0.9375
4161,0.96875
4162,0.875
4163,0.875
4164,1.0
4165,0.9375
4166,0.65625
4167,0.9375
4168,0.25
4169,0.5
4170,0.375
4171,1.0
4172,0.8125
4173,0.9375
4174,0.90625
4175,0.84375
4176,1.0
4177,1.0
4178,0.9375
4179,0.96875
4180,0.90625
4181,1.0
4182,0.875
4183,1.0
4184,0.96875
4185,0.96875
4186,0.9375
4187,0.84375
4188,1.0
4189,0.96875
4190,0.75
4191,0.84375
4192,1.0
4193,1.0
4194,0.96875
4195,0.90625
4196,0.96875
4197,0.6875
4198,0.96875
4199,0.96875
4200,1.0
4201,0.96875
4202,0.9375
4203,0.875
4204,1.0
4205,1.0
4206,0.875
4207,0.96875
4208,0.84375
4209,0.875
4210,0.9375
4211,0.9375
4212,0.90625
4213,0.875
4214,0.875
4215,1.0
4216,0.84375
4217,0.90625
4218,0.8125
4219,0.96875
4220,0.9375
4221,0.9375
4222,0.9375
4223,0.84375
4224,0.6875
4225,0.96875
4226,1.0
4227,0.875
4228,0.96875
4229,0.9375
4230,0.9375
4231,1.0
4232,0.96875
4233,1.0
4234,1.0
4235,0.78125
4236,0.875
4237,0.96875
4238,0.9375
4239,1.0
4240,0.96875
4241,0.84375
4242,0.90625
4243,0.75
4244,1.0
4245,0.875
4246,0.96875
4247,0.9375
4248,0.8125
4249,0.96875
4250,0.84375
4251,1.0
4252,0.71875
4253,1.0
4254,0.90625
4255,0.9375
4256,0.96875
4257,0.90625
4258,0.90625
4259,0.96875
4260,0.96875
4261,0.84375
4262,0.90625
4263,0.90625
4264,0.9375
4265,0.875
4266,0.78125
4267,0.9375
4268,0.84375
4269,1.0
4270,0.9375
4271,0.84375
4272,0.9375
4273,1.0
4274,0.9375
4275,0.9375
4276,1.0
4277,0.96875
4278,0.9375
4279,0.9375
4280,0.90625
4281,0.96875
4282,1.0
4283,0.96875
4284,0.90625
4285,0.71875
4286,0.9375
4287,0.90625
4288,0.96875
4289,0.96875
4290,0.9375
4291,0.9375
4292,0.90625
4293,1.0
4294,1.0
4295,0.90625
4296,0.71875
4297,1.0
4298,0.75
4299,1.0
4300,0.9375
4301,0.96875
4302,0.9375
4303,0.96875
4304,0.875
4305,0.90625
4306,0.9375
4307,0.90625
4308,0.96875
4309,1.0
4310,1.0
4311,1.0
4312,0.96875
4313,0.90625
4314,0.9375
4315,0.875
4316,1.0
4317,1.0
4318,0.625
4319,1.0
4320,0.9375
4321,0.90625
4322,0.4375
4323,0.90625
4324,0.84375
4325,0.84375
4326,1.0
4327,0.75
4328,1.0
4329,0.8125
4330,0.90625
4331,0.75
4332,0.96875
4333,0.875
4334,0.78125
4335,0.90625
4336,0.78125
4337,0.96875
4338,0.96875
4339,0.84375
4340,0.8125
4341,0.875
4342,1.0
4343,0.90625
4344,0.875
4345,0.875
4346,0.90625
4347,0.875
4348,0.71875
4349,1.0
4350,1.0
4351,0.96875
4352,0.875
4353,0.9375
4354,0.8125
4355,0.9375
4356,0.96875
4357,0.96875
4358,0.8125
4359,1.0
4360,0.875
4361,1.0
4362,0.9375
4363,1.0
4364,0.90625
4365,0.96875
4366,0.8125
4367,0.96875
4368,0.8125
4369,1.0
4370,0.84375
4371,0.9375
4372,0.90625
4373,0.96875
4374,0.9375
4375,0.875
4376,0.96875
4377,0.875
4378,0.84375
4379,0.75
4380,0.875
4381,0.9375
4382,0.8125
4383,0.96875
4384,0.96875
4385,0.8125
4386,1.0
4387,0.875
4388,0.96875
4389,1.0
4390,0.78125
4391,0.625
4392,1.0
4393,0.875
4394,1.0
4395,0.90625
4396,0.96875
4397,0.65625
4398,0.96875
4399,0.90625
4400,0.90625
4401,0.9375
4402,0.9375
4403,0.9375
4404,0.96875
4405,0.8125
4406,1.0
4407,1.0
4408,0.875
4409,0.90625
4410,1.0
4411,1.0
4412,0.875
4413,0.9375
4414,0.78125
4415,0.875
4416,0.8125
4417,1.0
4418,0.96875
4419,1.0
4420,0.84375
4421,0.46875
4422,0.46875
4423,1.0
4424,0.96875
4425,0.9375
4426,0.875
4427,0.875
4428,1.0
4429,0.9375
4430,0.96875
4431,0.875
4432,1.0
4433,1.0
4434,0.8125
4435,0.96875
4436,0.96875
4437,0.71875
4438,0.9375
4439,0.9375
4440,0.9375
4441,0.9375
4442,0.9375
4443,0.96875
4444,0.9375
4445,1.0
4446,0.96875
4447,0.96875
4448,0.875
4449,0.90625
4450,0.90625
4451,0.96875
4452,0.9375
4453,0.71875
4454,0.9375
4455,1.0
4456,0.84375
4457,1.0
4458,0.9375
4459,0.9375
4460,0.9375
4461,0.84375
4462,0.875
4463,1.0
4464,1.0
4465,0.96875
4466,0.90625
4467,0.9375
4468,0.75
4469,0.96875
4470,1.0
4471,0.875
4472,1.0
4473,1.0
4474,0.96875
4475,1.0
4476,0.71875
4477,0.9375
4478,0.90625
4479,0.9375
4480,0.78125
4481,0.90625
4482,0.96875
4483,0.875
4484,1.0
4485,0.84375
4486,0.90625
4487,0.75
4488,0.875
4489,0.875
4490,0.96875
4491,0.6875
4492,0.96875
4493,0.90625
4494,0.875
4495,0.96875
4496,1.0
4497,0.78125
4498,0.96875
4499,0.84375
4500,0.84375
4501,0.9375
4502,0.9375
4503,0.875
4504,0.96875
4505,1.0
4506,0.875
4507,0.90625
4508,0.9375
4509,0.90625
4510,0.5
4511,0.96875
4512,1.0
4513,0.9375
4514,0.96875
4515,0.90625
4516,0.78125
4517,0.875
4518,0.96875
4519,0.84375
4520,0.90625
4521,0.96875
4522,0.96875
4523,1.0
4524,0.84375
4525,0.75
4526,0.8125
4527,0.96875
4528,0.78125
4529,0.9375
4530,0.9375
4531,0.96875
4532,1.0
4533,0.84375
4534,0.71875
4535,0.9375
4536,0.90625
4537,0.875
4538,0.78125
4539,0.9375
4540,0.90625
4541,0.96875
4542,0.96875
4543,0.84375
4544,0.9375
4545,0.84375
4546,1.0
4547,0.75
4548,1.0
4549,0.84375
4550,0.78125
4551,0.90625
4552,0.9375
4553,0.875
4554,0.875
4555,0.90625
4556,0.96875
4557,0.875
4558,0.9375
4559,1.0
4560,0.875
4561,0.9375
4562,0.84375
4563,0.875
4564,0.9375
4565,0.96875
4566,0.75
4567,0.9375
4568,0.96875
4569,1.0
4570,0.96875
4571,0.96875
4572,0.96875
4573,0.90625
4574,0.84375
4575,0.96875
4576,0.9375
4577,0.9375
4578,0.78125
4579,0.8125
4580,0.96875
4581,0.90625
4582,0.59375
4583,0.96875
4584,0.84375
4585,0.78125
4586,1.0
4587,0.8125
4588,0.8125
4589,0.9375
4590,0.96875
4591,0.96875
4592,0.75
4593,0.9375
4594,0.96875
4595,0.9375
4596,0.9375
4597,0.875
4598,0.75
4599,0.875
4600,0.96875
4601,0.9375
4602,0.90625
4603,0.96875
4604,0.96875
4605,0.9375
4606,0.875
4607,0.8125
4608,1.0
4609,0.96875
4610,1.0
4611,0.875
4612,0.96875
4613,0.75
4614,1.0
4615,0.875
4616,1.0
4617,0.875
4618,1.0
4619,0.90625
4620,0.96875
4621,0.9375
4622,0.875
4623,0.96875
4624,0.59375
4625,0.8125
4626,0.9375
4627,0.875
4628,0.90625
4629,0.9375
4630,0.71875
4631,0.90625
4632,0.96875
4633,1.0
4634,0.90625
4635,0.96875
4636,0.90625
4637,0.9375
4638,1.0
4639,0.90625
4640,0.9375
4641,0.9375
4642,0.96875
4643,1.0
4644,0.9375
4645,0.875
4646,0.90625
4647,0.5
4648,0.90625
4649,1.0
4650,0.96875
4651,0.9375
4652,0.9375
4653,0.34375
4654,0.96875
4655,0.9375
4656,0.8125
4657,0.75
4658,0.875
4659,0.84375
4660,0.96875
4661,0.84375
4662,0.96875
4663,1.0
4664,0.8125
4665,0.8125
4666,1.0
4667,0.90625
4668,0.96875
4669,0.75
4670,1.0
4671,0.96875
4672,1.0
4673,0.96875
4674,0.84375
4675,0.90625
4676,0.65625
4677,0.875
4678,0.9375
4679,0.90625
4680,0.9375
4681,0.96875
4682,0.8125
4683,0.9375
4684,0.84375
4685,0.8125
4686,1.0
4687,0.96875
4688,1.0
4689,0.9375
4690,0.65625
4691,0.96875
4692,0.96875
4693,0.96875
4694,1.0
4695,0.9375
4696,1.0
4697,0.875
4698,0.96875
4699,0.8125
4700,0.8125
4701,0.96875
4702,0.96875
4703,0.9375
4704,0.875
4705,0.90625
4706,0.9375
4707,0.9375
4708,0.8125
4709,0.9375
4710,0.96875
4711,1.0
4712,0.84375
4713,0.96875
4714,0.9375
4715,0.84375
4716,0.90625
4717,0.96875
4718,0.9375
4719,0.875
4720,0.90625
4721,0.84375
4722,1.0
4723,0.9375
4724,0.9375
4725,0.96875
4726,0.875
4727,0.8125
4728,0.9375
4729,0.90625
4730,0.71875
4731,0.65625
4732,0.84375
4733,0.90625
4734,0.90625
4735,0.96875
4736,0.6875
4737,0.9375
4738,0.90625
4739,0.9375
4740,0.875
4741,1.0
4742,0.96875
4743,0.90625
4744,0.96875
4745,0.875
4746,1.0
4747,0.34375
4748,0.75
4749,0.9375
4750,0.84375
4751,1.0
4752,0.75
4753,0.875
4754,0.96875
4755,1.0
4756,0.9375
4757,0.9375
4758,0.65625
4759,0.75
4760,0.96875
4761,0.9375
4762,0.96875
4763,0.9375
4764,0.84375
4765,1.0
4766,0.90625
4767,0.875
4768,0.875
4769,0.9375
4770,1.0
4771,0.9375
4772,0.90625
4773,0.875
4774,1.0
4775,0.90625
4776,0.96875
4777,0.90625
4778,0.875
4779,0.96875
4780,0.90625
4781,1.0
4782,0.84375
4783,1.0
4784,0.9375
4785,1.0
4786,1.0
4787,1.0
4788,0.96875
4789,0.71875
4790,0.9375
4791,0.96875
4792,0.90625
4793,0.9375
4794,0.875
4795,0.75
4796,0.9375
4797,0.96875
4798,0.90625
4799,0.9375
4800,0.9375
4801,0.96875
4802,1.0
4803,0.90625
4804,0.75
4805,0.90625
4806,0.875
4807,0.9375
4808,1.0
4809,0.84375
4810,0.9375
4811,0.84375
4812,0.75
4813,0.9375
4814,0.78125
4815,0.90625
4816,0.9375
4817,0.9375
4818,1.0
4819,0.96875
4820,0.9375
4821,0.84375
4822,0.875
4823,1.0
4824,0.9375
4825,0.8125
4826,0.90625
4827,0.84375
4828,0.9375
4829,0.9375
4830,0.84375
4831,0.96875
4832,0.96875
4833,0.9375
4834,1.0
4835,1.0
4836,0.96875
4837,0.96875
4838,0.96875
4839,1.0
4840,0.96875
4841,0.96875
4842,0.9375
4843,1.0
4844,0.6875
4845,1.0
4846,0.96875
4847,1.0
4848,0.9375
4849,0.90625
4850,1.0
4851,0.96875
4852,0.6875
4853,1.0
4854,0.78125
4855,1.0
4856,0.6875
4857,0.90625
4858,1.0
4859,0.90625
4860,0.875
4861,0.8125
4862,0.96875
4863,1.0
4864,0.875
4865,1.0
4866,1.0
4867,0.875
4868,0.9375
4869,0.96875
4870,0.875
4871,0.90625
4872,0.84375
4873,0.9375
4874,0.875
4875,0.84375
4876,0.875
4877,1.0
4878,0.875
4879,0.90625
4880,0.96875
4881,0.90625
4882,1.0
4883,0.90625
4884,0.9375
4885,0.96875
4886,0.9375
4887,0.78125
4888,0.84375
4889,0.875
4890,0.9375
4891,0.96875
4892,0.96875
4893,0.9375
4894,0.8125
4895,1.0
4896,0.84375
4897,0.90625
4898,0.9375
4899,1.0
4900,0.96875
4901,0.6875
4902,0.9375
4903,0.96875
4904,1.0
4905,0.96875
4906,0.625
4907,0.90625
4908,0.96875
4909,0.8125
4910,0.90625
4911,0.84375
4912,0.875
4913,0.875
4914,0.5
4915,0.90625
4916,0.875
4917,0.75
4918,0.96875
4919,0.9375
4920,1.0
4921,0.9375
4922,0.90625
4923,1.0
4924,1.0
4925,1.0
4926,1.0
4927,0.9375
4928,0.9375
4929,1.0
4930,0.71875
4931,0.96875
4932,0.90625
4933,1.0
4934,0.9375
4935,0.875
4936,0.9375
4937,0.90625
4938,0.90625
4939,0.96875
4940,0.75
4941,1.0
4942,0.78125
4943,0.96875
4944,1.0
4945,0.90625
4946,0.90625
4947,0.8125
4948,0.9375
4949,0.875
4950,0.96875
4951,0.9375
4952,0.84375
4953,0.9375
4954,0.9375
4955,0.9375
4956,0.90625
4957,1.0
4958,1.0
4959,1.0
4960,0.6875
4961,0.9375
4962,0.875
4963,0.84375
4964,0.96875
4965,0.78125
4966,1.0
4967,1.0
4968,0.8125
4969,0.4375
4970,0.5
4971,0.25
4972,0.09375
4973,0.46875
4974,0.9375
4975,1.0
4976,1.0
4977,0.8125
4978,0.78125
4979,0.65625
4980,1.0
4981,0.96875
4982,0.96875
4983,0.9375
4984,0.9375
4985,1.0
4986,0.96875
4987,0.84375
4988,0.90625
4989,0.90625
4990,0.9375
4991,0.90625
4992,0.6875
4993,0.90625
4994,0.96875
4995,0.90625
4996,0.9375
4997,0.9375
4998,0.90625
4999,0.96875
5000,0.8125
5001,0.96875
5002,0.625
5003,0.84375
5004,0.65625
5005,0.40625
5006,0.65625
5007,0.78125
5008,0.96875
5009,0.75
5010,0.96875
5011,0.96875
5012,0.9375
5013,1.0
5014,0.96875
5015,1.0
5016,0.90625
5017,0.75
5018,0.90625
5019,0.90625
5020,0.875
5021,0.96875
5022,0.90625
5023,0.84375
5024,0.84375
5025,0.90625
5026,0.96875
5027,0.96875
5028,0.9375
5029,0.90625
5030,0.875
5031,0.96875
5032,0.9375
5033,0.875
5034,1.0
5035,0.96875
5036,0.90625
5037,0.96875
5038,0.90625
5039,1.0
5040,0.96875
5041,0.96875
5042,0.96875
5043,0.875
5044,0.875
5045,0.96875
5046,0.9375
5047,0.875
5048,0.84375
5049,0.9375
5050,0.96875
5051,0.875
5052,0.9375
5053,1.0
5054,1.0
5055,0.96875
5056,0.9375
5057,0.875
5058,0.9375
5059,0.96875
5060,0.875
5061,0.96875
5062,0.75
5063,0.90625
5064,1.0
5065,1.0
5066,0.96875
5067,1.0
5068,0.9375
5069,0.875
5070,0.78125
5071,1.0
5072,0.90625
5073,1.0
5074,0.9375
5075,1.0
5076,0.8125
5077,0.90625
5078,0.875
5079,0.9375
5080,0.9375
5081,0.96875
5082,1.0
5083,0.9375
5084,1.0
5085,0.875
5086,0.9375
5087,0.9375
5088,0.9375
5089,0.875
5090,0.8125
5091,0.96875
5092,1.0
5093,0.90625
5094,1.0
5095,1.0
5096,0.90625
5097,1.0
5098,0.8125
5099,0.6875
5100,0.9375
5101,0.96875
5102,0.875
5103,1.0
5104,1.0
5105,0.90625
5106,0.90625
5107,0.96875
5108,0.71875
5109,0.90625
5110,0.9375
5111,0.875
5112,0.78125
5113,1.0
5114,0.84375
5115,0.75
5116,0.96875
5117,0.75
5118,0.96875
5119,0.84375
5120,0.90625
5121,0.8125
5122,0.96875
5123,0.84375
5124,1.0
5125,0.96875
5126,0.9375
5127,0.9375
5128,0.78125
5129,0.84375
5130,0.96875
5131,0.9375
5132,1.0
5133,0.8125
5134,0.96875
5135,1.0
5136,1.0
5137,0.96875
5138,0.96875
5139,1.0
5140,0.84375
5141,1.0
5142,0.84375
5143,0.84375
5144,0.90625
5145,0.90625
5146,0.9375
5147,0.96875
5148,1.0
5149,1.0
5150,1.0
5151,1.0
5152,0.9375
5153,0.96875
5154,0.96875
5155,0.90625
5156,0.96875
5157,0.84375
5158,0.96875
5159,0.8125
5160,0.96875
5161,0.96875
5162,0.96875
5163,0.9375
5164,0.875
5165,0.9375
5166,0.9375
5167,0.90625
5168,0.96875
5169,1.0
5170,0.90625
5171,0.75
5172,0.5625
5173,0.78125
5174,0.90625
5175,0.9375
5176,0.9375
5177,0.8125
5178,0.875
5179,0.875
5180,0.96875
5181,0.9375
5182,0.96875
5183,0.96875
5184,0.75
5185,0.875
5186,0.96875
5187,0.90625
5188,0.9375
5189,0.96875
5190,0.9375
5191,0.84375
5192,0.90625
5193,0.84375
5194,0.9375
5195,0.96875
5196,1.0
5197,1.0
5198,0.96875
5199,1.0
5200,0.875
5201,0.96875
5202,0.90625
5203,1.0
5204,0.9375
5205,1.0
5206,0.90625
5207,0.84375
5208,1.0
5209,0.9375
5210,0.9375
5211,0.84375
5212,0.90625
5213,0.96875
5214,0.90625
5215,0.90625
5216,1.0
5217,0.65625
5218,0.9375
5219,0.875
5220,1.0
5221,0.96875
5222,0.84375
5223,0.6875
5224,0.9375
5225,0.71875
5226,1.0
5227,1.0
5228,0.96875
5229,1.0
5230,0.96875
5231,0.9375
5232,0.78125
5233,0.96875
5234,0.84375
5235,0.96875
5236,0.8125
5237,1.0
5238,1.0
5239,0.96875
5240,1.0
5241,1.0
5242,0.875
5243,0.9375
5244,0.96875
5245,0.96875
5246,0.8125
5247,0.875
5248,0.84375
5249,0.84375
5250,0.9375
5251,0.96875
5252,0.90625
5253,0.90625
5254,0.96875
5255,0.9375
5256,0.96875
5257,0.875
5258,1.0
5259,0.6875
5260,0.75
5261,0.59375
5262,0.90625
5263,0.90625
5264,1.0
5265,0.9375
5266,0.875
5267,1.0
5268,0.875
5269,0.78125
5270,0.875
5271,0.6875
5272,0.46875
5273,0.9375
5274,0.9375
5275,0.9375
5276,0.84375
5277,0.96875
5278,0.84375
5279,1.0
5280,0.65625
5281,0.9375
5282,0.75
5283,0.9375
5284,1.0
5285,0.9375
5286,1.0
5287,1.0
5288,0.9375
5289,0.9375
5290,0.8125
5291,1.0
5292,0.96875
5293,0.84375
5294,0.8125
5295,0.8125
5296,0.8125
5297,0.84375
5298,0.90625
5299,1.0
5300,1.0
5301,1.0
5302,0.9375
5303,1.0
5304,0.96875
5305,0.96875
5306,1.0
5307,1.0
5308,0.9375
5309,0.90625
5310,0.8125
5311,0.9375
5312,0.9375
5313,0.78125
5314,0.84375
5315,1.0
5316,0.90625
5317,0.96875
5318,0.96875
5319,0.90625
5320,0.875
5321,0.9375
5322,1.0
5323,0.96875
5324,1.0
5325,0.96875
5326,0.84375
5327,0.96875
5328,0.84375
5329,0.90625
5330,0.65625
5331,0.6875
5332,0.9375
5333,0.84375
5334,0.875
5335,1.0
5336,0.96875
5337,1.0
5338,1.0
5339,0.9375
5340,1.0
5341,0.84375
5342,0.65625
5343,0.8125
5344,0.90625
5345,0.9375
5346,0.8125
5347,1.0
5348,0.96875
5349,0.9375
5350,1.0
5351,0.84375
5352,0.84375
5353,0.96875
5354,0.9375
5355,0.9375
5356,0.96875
5357,0.9375
5358,1.0
5359,0.96875
5360,0.90625
5361,1.0
5362,1.0
5363,1.0
5364,0.9375
5365,0.9375
5366,0.90625
5367,0.90625
5368,0.9375
5369,1.0
5370,0.96875
5371,0.84375
5372,0.90625
5373,0.90625
5374,0.90625
5375,0.90625
5376,0.9375
5377,0.875
5378,0.875
5379,0.96875
5380,0.9375
5381,0.9375
5382,0.9375
5383,0.96875
5384,0.875
5385,1.0
5386,0.875
5387,0.875
5388,0.96875
5389,0.96875
5390,0.90625
5391,0.96875
5392,0.96875
5393,0.90625
5394,0.9375
5395,0.84375
5396,0.96875
5397,0.9375
5398,0.96875
5399,1.0
5400,0.96875
5401,0.96875
5402,0.9375
5403,0.84375
5404,0.8125
5405,0.8125
5406,0.9375
5407,1.0
5408,0.875
5409,0.96875
5410,0.6875
5411,0.96875
5412,0.90625
5413,0.96875
5414,0.75
5415,0.84375
5416,0.90625
5417,0.9375
5418,0.9375
5419,0.75
5420,0.84375
5421,1.0
5422,0.9375
5423,0.9375
5424,0.78125
5425,0.78125
5426,0.875
5427,0.9375
5428,0.90625
5429,0.90625
5430,0.875
5431,0.96875
5432,1.0
5433,1.0
5434,1.0
5435,1.0
5436,0.90625
5437,0.78125
5438,0.90625
5439,0.96875
5440,0.9375
5441,1.0
5442,1.0
5443,0.96875
5444,0.84375
5445,0.84375
5446,0.90625
5447,0.90625
5448,0.9375
5449,0.90625
5450,0.9375
5451,0.96875
5452,1.0
5453,0.96875
5454,0.9375
5455,0.71875
5456,1.0
5457,0.90625
5458,0.90625
5459,1.0
5460,0.9375
5461,0.9375
5462,0.9375
5463,0.9375
5464,0.96875
5465,0.84375
5466,0.96875
5467,0.90625
5468,0.875
5469,1.0
5470,0.96875
5471,0.9375
5472,1.0
5473,0.8125
5474,0.90625
5475,0.90625
5476,0.96875
5477,0.96875
5478,0.90625
5479,0.96875
5480,0.96875
5481,0.84375
5482,1.0
5483,0.90625
5484,0.90625
5485,0.96875
5486,0.96875
5487,1.0
5488,0.96875
5489,0.90625
5490,0.9375
5491,0.96875
5492,0.84375
5493,0.59375
5494,0.84375
5495,0.8125
5496,0.90625
5497,0.90625
5498,0.96875
5499,0.84375
5500,0.96875
5501,0.9375
5502,0.65625
5503,0.875
5504,0.8125
5505,0.78125
5506,0.09375
5507,0.59375
5508,0.71875
5509,0.875
5510,0.9375
5511,1.0
5512,0.9375
5513,0.90625
5514,1.0
5515,0.8125
5516,0.9375
5517,0.8125
5518,0.90625
5519,0.875
5520,0.84375
5521,0.9375
5522,0.9375
5523,0.9375
5524,0.90625
5525,0.875
5526,0.96875
5527,0.71875
5528,1.0
5529,1.0
5530,0.6875
5531,0.71875
5532,0.78125
5533,0.9375
5534,1.0
5535,1.0
5536,0.875
5537,0.875
5538,1.0
5539,0.75
5540,0.625
5541,0.9375
5542,0.90625
5543,0.875
5544,0.9375
5545,0.9375
5546,0.96875
5547,0.90625
5548,0.9375
5549,0.65625
5550,0.96875
5551,0.96875
5552,1.0
5553,0.96875
5554,0.75
5555,1.0
5556,0.84375
5557,1.0
5558,1.0
5559,1.0
5560,0.90625
5561,0.96875
5562,0.96875
5563,0.8125
5564,0.875
5565,0.9375
5566,0.96875
5567,0.9375
5568,0.96875
5569,0.875
5570,0.96875
5571,0.96875
5572,0.96875
5573,0.9375
5574,0.9375
5575,1.0
5576,1.0
5577,0.75
5578,0.9375
5579,0.84375
5580,0.71875
5581,0.96875
5582,0.9375
5583,0.875
5584,0.875
5585,0.8125
5586,1.0
5587,0.90625
5588,1.0
5589,0.75
5590,0.96875
5591,0.96875
5592,0.6875
5593,0.875
5594,0.90625
5595,1.0
5596,0.96875
5597,0.8125
5598,0.90625
5599,1.0
5600,0.96875
5601,0.96875
5602,0.96875
5603,0.875
5604,0.90625
5605,0.875
5606,0.96875
5607,0.96875
5608,1.0
5609,1.0
5610,0.9375
5611,1.0
5612,0.9375
5613,1.0
5614,0.96875
5615,0.78125
5616,0.96875
5617,1.0
5618,0.96875
5619,0.8125
5620,1.0
5621,0.9375
5622,0.96875
5623,0.78125
5624,1.0
5625,0.90625
5626,0.65625
5627,0.5
5628,0.90625
5629,0.9375
5630,0.90625
5631,1.0
5632,0.9375
5633,1.0
5634,0.90625
5635,0.96875
5636,1.0
5637,0.96875
5638,0.90625
5639,0.90625
5640,0.96875
5641,1.0
5642,1.0
5643,0.46875
5644,0.4375
5645,0.84375
5646,0.9375
5647,0.90625
5648,0.96875
5649,0.96875
5650,0.90625
5651,0.96875
5652,0.9375
5653,0.90625
5654,0.875
5655,1.0
5656,0.90625
5657,0.65625
5658,1.0
5659,1.0
5660,0.96875
5661,0.84375
5662,0.96875
5663,0.9375
5664,1.0
5665,0.90625
5666,0.96875
5667,0.9375
5668,0.90625
5669,0.9375
5670,0.90625
5671,0.84375
5672,1.0
5673,0.90625
5674,0.9375
5675,1.0
5676,0.90625
5677,0.9375
5678,0.90625
5679,0.96875
5680,0.96875
5681,0.96875
5682,0.90625
5683,0.875
5684,1.0
5685,0.875
5686,0.96875
5687,1.0
5688,0.96875
5689,0.9375
5690,0.9375
5691,1.0
5692,0.96875
5693,0.90625
5694,0.96875
5695,1.0
5696,0.96875
5697,0.84375
5698,0.875
5699,0.96875
5700,1.0
5701,0.9375
5702,1.0
5703,0.96875
5704,0.9375
5705,0.875
5706,0.9375
5707,1.0
5708,0.9375
5709,1.0
5710,0.9375
5711,1.0
5712,0.9375
5713,0.25
5714,0.65625
5715,0.9375
5716,0.78125
5717,0.96875
5718,0.84375
5719,0.75
5720,0.875
5721,0.90625
5722,0.90625
5723,0.9375
5724,1.0
5725,0.9375
5726,1.0
5727,0.96875
5728,0.90625
5729,1.0
5730,0.90625
5731,1.0
5732,1.0
5733,0.96875
5734,0.96875
5735,0.96875
5736,0.875
5737,0.90625
5738,0.9375
5739,0.9375
5740,0.84375
5741,0.6875
5742,1.0
5743,0.875
5744,0.8125
5745,0.9375
5746,1.0
5747,0.9375
5748,0.90625
5749,0.96875
5750,1.0
5751,0.9375
5752,1.0
5753,0.96875
5754,0.9375
5755,0.90625
5756,0.9375
5757,0.90625
5758,0.96875
5759,0.96875
5760,1.0
5761,0.96875
5762,0.75
5763,0.875
5764,0.96875
5765,1.0
5766,0.875
5767,0.9375
5768,0.90625
5769,0.875
5770,0.9375
5771,0.8125
5772,0.8125
5773,0.90625
5774,0.9375
5775,1.0
5776,1.0
5777,0.9375
5778,0.90625
5779,0.9375
5780,1.0
5781,0.8125
5782,1.0
5783,0.71875
5784,0.96875
5785,0.625
5786,1.0
5787,0.96875
5788,0.96875
5789,0.96875
5790,0.96875
5791,0.90625
5792,0.9375
5793,1.0
5794,0.875
5795,1.0
5796,0.78125
5797,0.78125
5798,0.71875
5799,1.0
5800,0.96875
5801,0.9375
5802,0.9375
5803,0.875
5804,1.0
5805,1.0
5806,0.84375
5807,0.96875
5808,0.96875
5809,0.875
5810,0.9375
5811,0.96875
5812,0.84375
5813,0.875
5814,0.90625
5815,0.9375
5816,0.96875
5817,0.75
5818,1.0
5819,0.90625
5820,1.0
5821,0.96875
5822,0.84375
5823,0.1875
5824,0.375
5825,0.0625
5826,1.0
5827,0.9375
5828,1.0
5829,0.9375
5830,0.78125
5831,0.96875
5832,1.0
5833,1.0
5834,0.9375
5835,0.875
5836,0.96875
5837,0.96875
5838,0.90625
5839,0.9375
5840,0.96875
5841,0.84375
5842,0.96875
5843,0.9375
5844,0.9375
5845,0.875
5846,0.6875
5847,1.0
5848,0.9375
5849,0.96875
5850,1.0
5851,0.8125
5852,0.90625
5853,1.0
5854,0.96875
5855,0.59375
5856,0.6875
5857,0.75
5858,0.96875
5859,0.9375
5860,0.78125
5861,0.96875
5862,0.96875
5863,1.0
5864,0.9375
5865,0.46875
5866,0.96875
5867,0.78125
5868,0.96875
5869,0.875
5870,0.96875
5871,0.96875
5872,0.96875
5873,1.0
5874,0.90625
5875,0.90625
5876,0.90625
5877,0.96875
5878,0.9375
5879,0.84375
5880,1.0
5881,0.96875
5882,0.90625
5883,1.0
5884,0.96875
5885,0.96875
5886,0.90625
5887,0.9375
5888,0.96875
5889,0.78125
5890,0.96875
5891,0.96875
5892,0.96875
5893,0.96875
5894,0.6875
5895,0.96875
5896,1.0
5897,0.84375
5898,0.875
5899,1.0
5900,0.25
5901,0.15625
5902,0.0
5903,0.125
5904,0.34375
5905,0.9375
5906,0.6875
5907,0.9375
5908,0.96875
5909,1.0
5910,0.875
5911,0.4375
5912,0.78125
5913,0.96875
5914,0.9375
5915,0.96875
5916,0.875
5917,0.96875
5918,0.9375
5919,0.96875
5920,1.0
5921,0.96875
5922,0.9375
5923,0.9375
5924,0.75
5925,0.96875
5926,0.96875
5927,0.90625
5928,0.875
5929,1.0
5930,0.90625
5931,1.0
5932,1.0
5933,0.96875
5934,0.875
5935,0.96875
5936,0.84375
5937,0.90625
5938,0.90625
5939,0.78125
5940,0.9375
5941,0.96875
5942,0.96875
5943,0.96875
5944,0.9375
5945,1.0
5946,0.96875
5947,0.78125
5948,0.96875
5949,0.90625
5950,0.9375
5951,0.9375
5952,0.65625
5953,0.78125
5954,0.71875
5955,0.9375
5956,0.90625
5957,0.9375
5958,0.9375
5959,1.0
5960,0.9375
5961,0.96875
5962,0.96875
5963,1.0
5964,0.84375
5965,0.96875
5966,1.0
5967,0.96875
5968,0.96875
5969,0.9375
5970,0.84375
5971,0.5625
5972,0.9375
5973,0.8125
5974,0.9375
5975,0.90625
5976,1.0
5977,0.9375
5978,0.59375
5979,0.84375
5980,0.6875
5981,0.96875
5982,0.90625
5983,0.96875
5984,0.96875
5985,1.0
5986,0.9375
5987,0.9375
5988,0.8125
5989,0.96875
5990,0.875
5991,0.96875
5992,0.875
5993,0.8125
5994,0.9375
5995,1.0
5996,1.0
5997,0.6875
5998,0.09375
5999,0.8125
6000,0.9375
6001,0.96875
6002,0.9375
6003,0.84375
6004,0.96875
6005,0.96875
6006,1.0
6007,0.875
6008,0.6875
6009,0.96875
6010,0.625
6011,1.0
6012,0.875
6013,1.0
6014,0.96875
6015,0.875
6016,0.875
6017,0.875
6018,0.9375
6019,0.75
6020,0.96875
6021,0.96875
6022,0.96875
6023,0.8125
6024,0.78125
6025,0.96875
6026,0.84375
6027,0.9375
6028,0.90625
6029,0.96875
6030,0.96875
6031,0.90625
6032,0.875
6033,0.96875
6034,0.90625
6035,0.96875
6036,0.9375
6037,1.0
6038,0.9375
6039,1.0
6040,1.0
6041,0.9375
6042,0.90625
6043,1.0
6044,0.75
6045,0.96875
6046,0.875
6047,0.90625
6048,0.96875
6049,0.96875
6050,0.9375
6051,0.90625
6052,0.875
6053,0.96875
6054,0.96875
6055,1.0
6056,0.96875
6057,0.9375
6058,1.0
6059,0.96875
6060,0.90625
6061,0.8125
6062,0.78125
6063,0.9375
6064,0.90625
6065,0.96875
6066,1.0
6067,0.96875
6068,0.9375
6069,1.0
6070,0.96875
6071,0.875
6072,0.875
6073,0.90625
6074,0.9375
6075,0.9375
6076,0.90625
6077,0.96875
6078,0.96875
6079,0.96875
6080,0.96875
6081,0.96875
6082,0.96875
6083,0.8125
6084,0.96875
6085,0.90625
6086,0.96875
6087,0.90625
6088,1.0
6089,0.65625
6090,0.84375
6091,0.875
6092,0.8125
6093,0.71875
6094,0.96875
6095,0.9375
6096,0.625
6097,0.96875
6098,0.625
6099,0.9375
6100,0.875
6101,0.90625
6102,0.9375
6103,0.9375
6104,0.9375
6105,0.75
6106,0.96875
6107,0.875
6108,0.96875
6109,1.0
6110,0.9375
6111,0.75
6112,0.875
6113,1.0
6114,1.0
6115,0.90625
6116,0.96875
6117,0.84375
6118,0.6875
6119,0.875
6120,1.0
6121,1.0
6122,0.875
6123,0.90625
6124,0.90625
6125,0.90625
6126,0.6875
6127,0.875
6128,0.90625
6129,0.96875
6130,0.8125
6131,0.90625
6132,0.9375
6133,0.84375
6134,1.0
6135,1.0
6136,0.78125
6137,0.9375
6138,0.9375
6139,1.0
6140,1.0
6141,1.0
6142,0.90625
6143,0.75
6144,1.0
6145,1.0
6146,0.9375
6147,0.96875
6148,0.78125
6149,0.8125
6150,0.84375
6151,0.84375
6152,0.875
6153,0.84375
6154,1.0
6155,0.8125
6156,1.0
6157,0.96875
6158,0.96875
6159,0.875
6160,0.65625
6161,0.875
6162,0.78125
6163,0.875
6164,0.9375
6165,0.875
6166,1.0
6167,1.0
6168,0.9375
6169,0.90625
6170,0.8125
6171,0.96875
6172,0.9375
6173,0.875
6174,0.96875
6175,0.90625
6176,1.0
6177,0.84375
6178,0.84375
6179,0.96875
6180,0.9375
6181,0.90625
6182,0.90625
6183,0.90625
6184,1.0
6185,0.90625
6186,0.84375
6187,0.8125
6188,0.96875
6189,1.0
6190,0.84375
6191,0.9375
6192,0.9375
6193,0.96875
6194,0.9375
6195,0.96875
6196,0.875
6197,0.875
6198,0.96875
6199,0.9375
6200,0.96875
6201,0.96875
6202,0.96875
6203,0.96875
6204,0.96875
6205,0.84375
6206,0.78125
6207,0.9375
6208,0.375
6209,0.875
6210,1.0
6211,1.0
6212,0.9375
6213,0.9375
6214,0.84375
6215,0.96875
6216,0.9375
6217,0.96875
6218,0.875
6219,0.84375
6220,1.0
6221,1.0
6222,0.875
6223,0.8125
6224,0.96875
6225,1.0
6226,0.9375
6227,1.0
6228,0.875
6229,0.90625
6230,0.9375
6231,0.8125
6232,0.8125
6233,0.90625
6234,1.0
6235,0.84375
6236,0.78125
6237,0.90625
6238,0.90625
6239,0.96875
6240,1.0
6241,0.9375
6242,0.875
6243,0.9375
6244,0.875
6245,0.90625
6246,0.90625
6247,0.9375
6248,0.9375
6249,0.84375
6250,0.96875
6251,0.96875
6252,0.96875
6253,1.0
6254,0.90625
6255,0.96875
6256,0.9375
6257,0.875
6258,0.8125
6259,0.96875
6260,0.96875
6261,0.90625
6262,1.0
6263,0.90625
6264,0.9375
6265,0.875
6266,0.90625
6267,1.0
6268,1.0
6269,0.90625
6270,0.9375
6271,0.90625
6272,0.96875
6273,0.96875
6274,0.9375
6275,0.96875
6276,0.75
6277,0.9375
6278,0.96875
6279,0.96875
6280,0.96875
6281,0.90625
6282,1.0
6283,0.90625
6284,1.0
6285,1.0
6286,0.75
6287,0.9375
6288,0.9375
6289,0.84375
6290,0.875
6291,0.84375
6292,1.0
6293,0.875
6294,0.90625
6295,0.9375
6296,0.6875
6297,1.0
6298,0.78125
6299,0.71875
6300,0.96875
6301,0.875
6302,0.875
6303,0.9375
6304,0.96875
6305,0.90625
6306,0.9375
6307,1.0
6308,0.96875
6309,0.875
6310,0.96875
6311,0.96875
6312,0.84375
6313,0.9375
6314,0.96875
6315,0.96875
6316,0.875
6317,1.0
6318,0.9375
6319,0.8125
6320,0.59375
6321,0.84375
6322,0.96875
6323,0.875
6324,0.875
6325,0.84375
6326,0.84375
6327,0.8125
6328,0.96875
6329,0.6875
6330,0.90625
6331,0.875
6332,0.90625
6333,0.9375
6334,0.96875
6335,0.9375
6336,0.6875
6337,0.96875
6338,0.84375
6339,0.875
6340,0.90625
6341,0.9375
6342,0.96875
6343,1.0
6344,0.9375
6345,0.84375
6346,1.0
6347,0.96875
6348,0.9375
6349,0.9375
6350,0.96875
6351,1.0
6352,1.0
6353,0.90625
6354,1.0
6355,0.96875
6356,0.78125
6357,0.9375
6358,0.9375
6359,0.96875
6360,0.875
6361,0.9375
6362,0.90625
6363,0.96875
6364,0.96875
6365,0.96875
6366,0.96875
6367,0.96875
6368,1.0
6369,0.9375
6370,0.96875
6371,1.0
6372,0.90625
6373,1.0
6374,0.78125
6375,1.0
6376,0.90625
6377,0.625
6378,0.375
6379,0.78125
6380,1.0
6381,0.84375
6382,0.90625
6383,1.0
6384,0.9375
6385,0.5625
6386,0.96875
6387,0.8125
6388,0.9375
6389,0.90625
6390,0.9375
6391,0.8125
6392,0.875
6393,0.9375
6394,1.0
6395,0.9375
6396,0.9375
6397,0.9375
6398,1.0
6399,0.8125
6400,1.0
6401,0.875
6402,0.8125
6403,0.96875
6404,0.84375
6405,0.96875
6406,0.90625
6407,0.9375
6408,0.84375
6409,0.9375
6410,0.96875
6411,0.90625
6412,0.8125
6413,0.9375
6414,1.0
6415,1.0
6416,0.96875
6417,0.96875
6418,0.96875
6419,1.0
6420,1.0
6421,0.9375
6422,0.96875
6423,0.84375
6424,0.84375
6425,0.96875
6426,0.96875
6427,0.90625
6428,1.0
6429,0.9375
6430,1.0
6431,0.96875
6432,1.0
6433,1.0
6434,0.96875
6435,0.9375
6436,0.96875
6437,0.75
6438,0.9375
6439,0.9375
6440,0.96875
6441,0.96875
6442,0.96875
6443,1.0
6444,1.0
6445,1.0
6446,0.9375
6447,0.8125
6448,0.875
6449,0.96875
6450,0.71875
6451,0.96875
6452,0.9375
6453,0.9375
6454,1.0
6455,0.96875
6456,0.90625
6457,0.96875
6458,0.96875
6459,0.75
6460,1.0
6461,0.9375
6462,0.875
6463,0.90625
6464,1.0
6465,0.9375
6466,0.75
6467,0.9375
6468,1.0
6469,0.96875
6470,0.90625
6471,0.9375
6472,0.96875
6473,0.96875
6474,0.75
6475,0.875
6476,0.90625
6477,1.0
6478,0.90625
6479,0.90625
6480,0.96875
6481,0.84375
6482,1.0
6483,0.84375
6484,0.96875
6485,0.75
6486,1.0
6487,0.875
6488,1.0
6489,1.0
6490,0.90625
6491,0.90625
6492,0.8125
6493,0.90625
6494,0.65625
6495,0.96875
6496,0.875
6497,0.9375
6498,0.90625
6499,1.0
6500,0.9375
6501,0.875
6502,1.0
6503,0.8125
6504,0.90625
6505,1.0
6506,0.65625
6507,0.96875
6508,0.9375
6509,0.90625
6510,1.0
6511,1.0
6512,0.96875
6513,0.875
6514,1.0
6515,0.96875
6516,0.90625
6517,0.96875
6518,1.0
6519,0.78125
6520,0.8125
6521,0.96875
6522,0.78125
6523,0.875
6524,0.96875
6525,1.0
6526,0.9375
6527,1.0
6528,1.0
6529,0.9375
6530,0.90625
6531,0.9375
6532,0.84375
6533,0.9375
6534,0.875
6535,1.0
6536,1.0
6537,0.90625
6538,1.0
6539,0.9375
6540,0.90625
6541,1.0
6542,0.96875
6543,0.96875
6544,0.8125
6545,0.90625
6546,1.0
6547,0.96875
6548,0.96875
6549,0.9375
6550,0.9375
6551,0.75
6552,0.96875
6553,0.96875
6554,1.0
6555,0.96875
6556,0.9375
6557,0.9375
6558,0.875
6559,0.90625
6560,0.65625
6561,0.875
6562,0.96875
6563,0.90625
6564,0.875
6565,0.90625
6566,0.9375
6567,0.96875
6568,0.9375
6569,0.90625
6570,0.6875
6571,0.84375
6572,0.96875
6573,0.96875
6574,0.875
6575,0.96875
6576,0.9375
6577,0.96875
6578,0.78125
6579,0.96875
6580,0.875
6581,0.96875
6582,0.875
6583,0.96875
6584,0.96875
6585,0.9375
6586,0.9375
6587,0.90625
6588,0.9375
6589,0.96875
6590,0.78125
6591,0.9375
6592,1.0
6593,0.84375
6594,1.0
6595,0.84375
6596,0.96875
6597,0.875
6598,0.78125
6599,0.96875
6600,0.9375
6601,0.90625
6602,0.9375
6603,0.96875
6604,0.9375
6605,0.96875
6606,0.96875
6607,0.8125
6608,1.0
6609,0.625
6610,0.90625
6611,0.90625
6612,0.96875
6613,0.96875
6614,0.96875
6615,0.875
6616,1.0
6617,0.9375
6618,0.90625
6619,0.9375
6620,0.84375
6621,0.90625
6622,0.90625
6623,0.96875
6624,0.96875
6625,0.96875
6626,0.9375
6627,0.96875
6628,0.875
6629,0.84375
6630,0.96875
6631,1.0
6632,0.90625
6633,0.84375
6634,0.84375
6635,0.84375
6636,0.9375
6637,0.90625
6638,0.875
6639,1.0
6640,0.90625
6641,0.90625
6642,0.90625
6643,0.875
6644,0.9375
6645,0.90625
6646,0.90625
6647,0.875
6648,0.90625
6649,0.96875
6650,0.8125
6651,0.65625
6652,0.90625
6653,0.9375
6654,1.0
6655,0.96875
6656,0.78125
6657,1.0
6658,0.9375
6659,1.0
6660,0.96875
6661,1.0
6662,1.0
6663,0.9375
6664,1.0
6665,0.84375
6666,0.90625
6667,0.9375
6668,0.96875
6669,0.9375
6670,0.9375
6671,0.5625
6672,0.96875
6673,1.0
6674,0.96875
6675,0.9375
6676,0.6875
6677,0.90625
6678,0.71875
6679,1.0
6680,0.96875
6681,0.96875
6682,1.0
6683,0.5
6684,1.0
6685,0.96875
6686,0.96875
6687,1.0
6688,0.8125
6689,1.0
6690,0.96875
6691,0.90625
6692,0.90625
6693,0.90625
6694,0.96875
6695,1.0
6696,1.0
6697,0.9375
6698,0.875
6699,0.96875
6700,0.90625
6701,1.0
6702,0.875
6703,0.875
6704,0.8125
6705,0.96875
6706,0.96875
6707,1.0
6708,0.78125
6709,0.84375
6710,1.0
6711,0.90625
6712,0.90625
6713,0.96875
6714,0.90625
6715,1.0
6716,1.0
6717,0.90625
6718,0.9375
6719,0.96875
6720,1.0
6721,0.84375
6722,1.0
6723,1.0
6724,0.8125
6725,0.875
6726,0.75
6727,0.96875
6728,0.96875
6729,0.9375
6730,0.9375
6731,0.96875
6732,0.90625
6733,0.9375
6734,0.96875
6735,0.9375
6736,0.875
6737,0.65625
6738,0.84375
6739,0.96875
6740,0.84375
6741,0.9375
6742,1.0
6743,0.96875
6744,0.875
6745,1.0
6746,0.90625
6747,0.9375
6748,0.96875
6749,0.75
6750,0.8125
6751,0.8125
6752,0.96875
6753,1.0
6754,0.71875
6755,0.96875
6756,0.96875
6757,0.90625
6758,0.9375
6759,0.90625
6760,0.96875
6761,1.0
6762,0.875
6763,0.8125
6764,1.0
6765,0.96875
6766,0.96875
6767,0.96875
6768,0.96875
6769,0.9375
6770,0.875
6771,0.84375
6772,0.96875
6773,0.96875
6774,0.875
6775,0.84375
6776,1.0
6777,0.78125
6778,0.90625
6779,0.9375
6780,0.96875
6781,0.875
6782,1.0
6783,1.0
6784,0.71875
6785,0.78125
6786,0.90625
6787,0.90625
6788,0.96875
6789,0.9375
6790,0.96875
6791,0.75
6792,0.96875
6793,0.90625
6794,0.96875
6795,0.96875
6796,0.96875
6797,0.84375
6798,0.96875
6799,1.0
6800,0.9375
6801,0.875
6802,0.84375
6803,0.875
6804,0.90625
6805,1.0
6806,0.75
6807,0.84375
6808,0.96875
6809,0.90625
6810,0.96875
6811,0.8125
6812,0.96875
6813,1.0
6814,0.84375
6815,0.9375
6816,0.9375
6817,0.9375
6818,0.84375
6819,0.90625
6820,0.96875
6821,0.9375
6822,0.84375
6823,0.84375
6824,0.9375
6825,0.96875
6826,0.90625
6827,0.9375
6828,0.96875
6829,0.9375
6830,0.9375
6831,0.96875
6832,0.96875
6833,1.0
6834,0.78125
6835,1.0
6836,0.9375
6837,0.90625
6838,0.84375
6839,0.90625
6840,1.0
6841,0.96875
6842,0.96875
6843,1.0
6844,0.65625
6845,1.0
6846,1.0
6847,0.8125
6848,0.90625
6849,1.0
6850,0.9375
6851,1.0
6852,0.84375
6853,0.90625
6854,0.8125
6855,0.9375
6856,0.8125
6857,0.96875
6858,0.875
6859,0.90625
6860,0.875
6861,0.875
6862,1.0
6863,0.875
6864,0.90625
6865,0.8125
6866,0.90625
6867,1.0
6868,0.96875
6869,0.875
6870,0.875
6871,1.0
6872,0.84375
6873,0.90625
6874,0.90625
6875,1.0
6876,0.9375
6877,0.84375
6878,0.78125
6879,0.9375
6880,0.96875
6881,0.96875
6882,0.96875
6883,0.9375
6884,0.9375
6885,0.90625
6886,0.9375
6887,0.84375
6888,0.90625
6889,0.96875
6890,0.9375
6891,0.96875
6892,1.0
6893,0.875
6894,0.96875
6895,1.0
6896,0.84375
6897,0.96875
6898,0.90625
6899,0.78125
6900,0.96875
6901,0.875
6902,1.0
6903,0.90625
6904,0.90625
6905,0.9375
6906,0.96875
6907,0.9375
6908,1.0
6909,0.96875
6910,0.9375
6911,0.96875
6912,0.90625
6913,0.9375
6914,0.9375
6915,1.0
6916,0.96875
6917,0.9375
6918,0.9375
6919,0.90625
6920,0.96875
6921,0.8125
6922,1.0
6923,1.0
6924,0.78125
6925,1.0
6926,0.78125
6927,0.875
6928,0.96875
6929,0.875
6930,0.84375
6931,1.0
6932,0.9375
6933,0.9375
6934,1.0
6935,0.875
6936,0.9375
6937,0.96875
6938,0.75
6939,0.9375
6940,0.90625
6941,0.625
6942,0.90625
6943,0.84375
6944,0.90625
6945,0.09375
6946,0.46875
6947,0.84375
6948,0.6875
6949,1.0
6950,0.9375
6951,1.0
6952,0.78125
6953,0.65625
6954,1.0
6955,0.90625
6956,0.96875
6957,0.8125
6958,0.625
6959,0.9375
6960,0.96875
6961,0.96875
6962,0.84375
6963,0.71875
6964,0.96875
6965,0.59375
6966,0.9375
6967,0.90625
6968,0.9375
6969,1.0
6970,0.90625
6971,0.90625
6972,0.875
6973,1.0
6974,1.0
6975,0.875
6976,1.0
6977,0.875
6978,0.96875
6979,1.0
6980,0.84375
6981,0.8125
6982,0.78125
6983,0.6875
6984,0.9375
6985,1.0
6986,0.96875
6987,1.0
6988,0.96875
6989,0.90625
6990,0.96875
6991,0.90625
6992,1.0
6993,0.96875
6994,0.96875
6995,0.96875
6996,0.96875
6997,0.75
6998,0.96875
6999,0.9375
7000,0.9375
7001,1.0
7002,0.9375
7003,0.9375
7004,0.9375
7005,1.0
7006,0.90625
7007,0.9375
7008,0.8125
7009,0.9375
7010,0.9375
7011,0.96875
7012,0.96875
7013,0.9375
7014,0.96875
7015,0.9375
7016,1.0
7017,0.96875
7018,0.96875
7019,0.90625
7020,0.96875
7021,0.875
7022,1.0
7023,1.0
7024,1.0
7025,0.90625
7026,0.90625
7027,0.9375
7028,0.9375
7029,0.9375
7030,1.0
7031,0.8125
7032,0.90625
7033,0.96875
7034,0.875
7035,0.78125
7036,0.875
7037,0.90625
7038,0.875
7039,0.875
7040,0.875
7041,0.84375
7042,0.8125
7043,1.0
7044,0.28125
7045,0.96875
7046,1.0
7047,0.96875
7048,0.9375
7049,0.78125
7050,1.0
7051,1.0
7052,0.90625
7053,0.90625
7054,0.875
7055,0.9375
7056,0.90625
7057,1.0
7058,1.0
7059,0.96875
7060,1.0
7061,1.0
7062,0.90625
7063,0.9375
7064,0.96875
7065,0.96875
7066,0.96875
7067,0.8125
7068,1.0
7069,1.0
7070,0.96875
7071,0.9375
7072,0.96875
7073,0.96875
7074,0.875
7075,0.90625
7076,0.90625
7077,0.9375
7078,0.5625
7079,0.8125
7080,0.96875
7081,0.90625
7082,1.0
7083,0.96875
7084,0.5625
7085,0.8125
7086,0.90625
7087,0.9375
7088,0.96875
7089,0.96875
7090,0.9375
7091,0.96875
7092,0.96875
7093,1.0
7094,0.96875
7095,1.0
7096,0.96875
7097,0.84375
7098,1.0
7099,0.96875
7100,0.90625
7101,0.96875
7102,0.90625
7103,0.71875
7104,0.8125
7105,1.0
7106,1.0
7107,0.96875
7108,1.0
7109,0.96875
7110,0.8125
7111,1.0
7112,0.78125
7113,0.84375
7114,0.96875
7115,0.96875
7116,0.84375
7117,0.9375
7118,0.71875
7119,0.6875
7120,0.90625
7121,0.8125
7122,0.8125
7123,0.9375
7124,0.9375
7125,0.96875
7126,0.75
7127,0.84375
7128,0.8125
7129,0.96875
7130,0.9375
7131,0.96875
7132,0.96875
7133,0.6875
7134,0.84375
7135,0.875
7136,0.84375
7137,0.875
7138,0.96875
7139,0.96875
7140,1.0
7141,0.96875
7142,0.84375
7143,0.96875
7144,0.84375
7145,0.9375
7146,1.0
7147,0.96875
7148,1.0
7149,0.9375
7150,0.96875
7151,1.0
7152,0.78125
7153,0.96875
7154,0.90625
7155,0.96875
7156,0.90625
7157,0.96875
7158,1.0
7159,0.90625
7160,1.0
7161,0.875
7162,1.0
7163,0.875
7164,1.0
7165,0.90625
7166,0.96875
7167,0.9375
7168,0.96875
7169,0.96875
7170,0.9375
7171,1.0
7172,0.96875
7173,0.96875
7174,0.9375
7175,0.84375
7176,0.71875
7177,0.75
7178,0.875
7179,0.9375
7180,0.8125
7181,0.9375
7182,0.78125
7183,0.96875
7184,0.9375
7185,0.96875
7186,1.0
7187,0.96875
7188,0.9375
7189,0.84375
7190,0.96875
7191,0.65625
7192,0.90625
7193,0.84375
7194,1.0
7195,0.9375
7196,1.0
7197,0.875
7198,0.875
7199,0.90625
7200,0.9375
7201,0.9375
7202,0.90625
7203,0.96875
7204,0.84375
7205,0.78125
7206,0.9375
7207,0.84375
7208,0.75
7209,0.71875
7210,0.78125
7211,0.875
7212,0.78125
7213,0.875
7214,0.6875
7215,0.8125
7216,0.625
7217,0.96875
7218,0.96875
7219,0.9375
7220,0.96875
7221,1.0
7222,0.96875
7223,0.78125
7224,0.90625
7225,1.0
7226,0.8125
7227,0.96875
7228,0.84375
7229,0.625
7230,0.9375
7231,0.8125
7232,1.0
7233,0.96875
7234,0.96875
7235,0.96875
7236,0.9375
7237,0.84375
7238,0.96875
7239,0.96875
7240,0.90625
7241,0.6875
7242,0.96875
7243,0.96875
7244,0.9375
7245,0.65625
7246,0.8125
7247,0.78125
7248,0.96875
7249,1.0
7250,0.90625
7251,0.96875
7252,1.0
7253,0.9375
7254,0.96875
7255,0.9375
7256,1.0
7257,0.9375
7258,0.96875
7259,1.0
7260,0.96875
7261,0.84375
7262,0.9375
7263,0.90625
7264,0.96875
7265,1.0
7266,1.0
7267,0.84375
7268,0.9375
7269,0.78125
7270,0.90625
7271,0.90625
7272,0.96875
7273,1.0
7274,0.9375
7275,1.0
7276,0.96875
7277,0.96875
7278,0.875
7279,0.9375
7280,0.90625
7281,1.0
7282,0.96875
7283,1.0
7284,0.96875
7285,0.96875
7286,0.8125
7287,1.0
7288,0.75
7289,0.96875
7290,0.90625
7291,0.90625
7292,0.96875
7293,0.96875
7294,0.78125
7295,0.9375
7296,0.90625
7297,0.75
7298,0.90625
7299,1.0
7300,0.84375
7301,0.875
7302,0.875
7303,0.90625
7304,0.875
7305,0.96875
7306,0.96875
7307,0.875
7308,0.90625
7309,0.96875
7310,0.9375
7311,0.71875
7312,0.9375
7313,0.96875
7314,0.9375
7315,0.875
7316,0.96875
7317,0.9375
7318,0.96875
7319,0.9375
7320,0.9375
7321,0.9375
7322,0.9375
7323,0.96875
7324,0.84375
7325,0.90625
7326,1.0
7327,1.0
7328,0.9375
7329,0.96875
7330,0.96875
7331,0.65625
7332,0.96875
7333,0.96875
7334,0.65625
7335,0.9375
7336,0.96875
7337,1.0
7338,1.0
7339,0.96875
7340,0.875
7341,0.875
7342,0.90625
7343,0.9375
7344,0.96875
7345,1.0
7346,1.0
7347,0.8125
7348,0.96875
7349,0.8125
7350,1.0
7351,0.96875
7352,0.90625
7353,0.875
7354,0.96875
7355,0.90625
7356,0.96875
7357,0.9375
7358,1.0
7359,0.96875
7360,0.78125
7361,0.84375
7362,0.8125
7363,0.78125
7364,0.96875
7365,0.84375
7366,0.9375
7367,0.875
7368,0.90625
7369,0.84375
7370,0.8125
7371,0.96875
7372,0.90625
7373,0.96875
7374,1.0
7375,0.9375
7376,0.84375
7377,0.96875
7378,0.96875
7379,0.8125
7380,0.8125
7381,0.96875
7382,0.96875
7383,0.96875
7384,0.8125
7385,1.0
7386,0.875
7387,0.9375
7388,1.0
7389,0.96875
7390,0.84375
7391,0.90625
7392,0.9375
7393,1.0
7394,0.96875
7395,0.8125
7396,0.84375
7397,0.875
7398,0.90625
7399,0.9375
7400,0.9375
7401,0.84375
7402,0.84375
7403,0.96875
7404,0.875
7405,0.90625
7406,0.9375
7407,0.84375
7408,1.0
7409,0.9375
7410,0.96875
7411,0.96875
7412,0.8125
7413,1.0
7414,0.90625
7415,0.78125
7416,0.96875
7417,0.84375
7418,1.0
7419,0.625
7420,0.875
7421,0.96875
7422,0.9375
7423,0.90625
7424,0.6875
7425,1.0
7426,0.9375
7427,0.9375
7428,0.75
7429,0.9375
7430,0.96875
7431,0.84375
7432,0.90625
7433,0.90625
7434,0.8125
7435,0.96875
7436,0.6875
7437,0.9375
7438,0.75
7439,0.9375
7440,0.84375
7441,0.90625
7442,1.0
7443,0.90625
7444,0.96875
7445,0.96875
7446,0.65625
7447,0.9375
7448,1.0
7449,1.0
7450,1.0
7451,0.8125
7452,0.65625
7453,1.0
7454,0.96875
7455,0.8125
7456,1.0
7457,0.90625
7458,0.84375
7459,0.9375
7460,1.0
7461,0.96875
7462,0.78125
7463,0.75
7464,1.0
7465,0.96875
7466,0.875
7467,1.0
7468,0.90625
7469,0.8125
7470,0.90625
7471,0.96875
7472,0.9375
7473,1.0
7474,0.75
7475,0.96875
7476,0.96875
7477,1.0
7478,0.59375
7479,0.875
7480,0.8125
7481,1.0
7482,0.9375
7483,0.9375
7484,0.84375
7485,1.0
7486,0.96875
7487,0.9375
7488,0.96875
7489,1.0
7490,1.0
7491,0.96875
7492,1.0
7493,0.9375
7494,1.0
7495,0.90625
7496,1.0
7497,0.875
7498,0.875
7499,0.59375
7500,0.90625
7501,0.96875
7502,0.84375
7503,1.0
7504,0.875
7505,1.0
7506,0.875
7507,0.625
7508,0.90625
7509,1.0
7510,0.9375
7511,0.96875
7512,0.9375
7513,1.0
7514,0.96875
7515,0.78125
7516,0.90625
7517,0.875
7518,1.0
7519,0.9375
7520,1.0
7521,0.9375
7522,0.84375
7523,0.9375
7524,0.9375
7525,0.90625
7526,0.90625
7527,1.0
7528,0.90625
7529,0.96875
7530,0.9375
7531,0.65625
7532,0.84375
7533,0.96875
7534,0.90625
7535,0.71875
7536,0.9375
7537,0.6875
7538,0.9375
7539,0.96875
7540,1.0
7541,0.875
7542,1.0
7543,1.0
7544,1.0
7545,0.90625
7546,0.9375
7547,0.9375
7548,0.9375
7549,0.96875
7550,0.96875
7551,1.0
7552,0.9375
7553,0.90625
7554,0.9375
7555,0.96875
7556,0.96875
7557,0.8125
7558,0.90625
7559,0.96875
7560,0.75
7561,0.96875
7562,0.75
7563,0.84375
7564,0.78125
7565,0.90625
7566,0.9375
7567,0.96875
7568,0.65625
7569,0.46875
7570,0.8125
7571,0.875
7572,0.96875
7573,1.0
7574,0.875
7575,0.625
7576,0.9375
7577,0.96875
7578,1.0
7579,0.9375
7580,0.96875
7581,0.4375
7582,0.78125
7583,0.875
7584,0.9375
7585,1.0
7586,0.96875
7587,0.90625
7588,1.0
7589,0.90625
7590,0.90625
7591,0.96875
7592,0.875
7593,0.96875
7594,0.71875
7595,0.875
7596,0.96875
7597,0.96875
7598,1.0
7599,0.875
7600,0.96875
7601,0.8125
7602,0.9375
7603,0.96875
7604,0.84375
7605,0.9375
7606,0.875
7607,0.8125
7608,0.78125
7609,0.78125
7610,0.9375
7611,0.78125
7612,0.9375
7613,0.84375
7614,0.875
7615,0.875
7616,0.875
7617,1.0
7618,0.96875
7619,0.9375
7620,0.96875
7621,0.90625
7622,0.96875
7623,0.9375
7624,0.96875
7625,0.9375
7626,0.96875
7627,0.9375
7628,0.875
7629,1.0
7630,0.84375
7631,0.78125
7632,0.78125
7633,0.96875
7634,0.8125
7635,0.84375
7636,0.9375
7637,0.625
7638,0.84375
7639,1.0
7640,0.71875
7641,0.90625
7642,1.0
7643,1.0
7644,1.0
7645,0.875
7646,0.96875
7647,0.8125
7648,0.90625
7649,0.875
7650,0.71875
7651,0.84375
7652,0.96875
7653,0.9375
7654,0.9375
7655,0.96875
7656,0.84375
7657,0.84375
7658,0.84375
7659,0.96875
7660,0.9375
7661,0.90625
7662,0.78125
7663,0.75
7664,1.0
7665,0.96875
7666,0.75
7667,0.90625
7668,0.90625
7669,0.875
7670,0.78125
7671,0.9375
7672,0.96875
7673,0.90625
7674,0.96875
7675,1.0
7676,0.78125
7677,1.0
7678,0.9375
7679,0.9375
7680,0.90625
7681,0.8125
7682,0.9375
7683,0.875
7684,0.8125
7685,0.84375
7686,0.28125
7687,0.5
7688,0.78125
7689,1.0
7690,0.96875
7691,0.96875
7692,0.96875
