,Absolute Magnetisations Per Spin
0,0.40625
1,0.28125
2,0.46875
3,0.5625
4,0.5625
5,0.4375
6,0.4375
7,0.34375
8,0.28125
9,0.5
10,0.4375
11,0.21875
12,0.46875
13,0.65625
14,0.78125
15,0.53125
16,0.4375
17,0.4375
18,0.6875
19,0.625
20,0.3125
21,0.1875
22,0.21875
23,0.4375
24,0.21875
25,0.34375
26,0.21875
27,0.5625
28,0.46875
29,0.25
30,0.15625
31,0.03125
32,0.0625
33,0.0625
34,0.15625
35,0.40625
36,0.21875
37,0.0625
38,0.0625
39,0.25
40,0.28125
41,0.3125
42,0.4375
43,0.0625
44,0.25
45,0.5
46,0.5625
47,0.40625
48,0.34375
49,0.28125
50,0.1875
51,0.15625
52,0.21875
53,0.125
54,0.28125
55,0.09375
56,0.25
57,0.4375
58,0.40625
59,0.0625
60,0.15625
61,0.125
62,0.40625
63,0.25
64,0.5625
65,0.71875
66,0.6875
67,0.59375
68,0.5625
69,0.59375
70,0.375
71,0.125
72,0.1875
73,0.15625
74,0.125
75,0.03125
76,0.28125
77,0.375
78,0.25
79,0.21875
80,0.09375
81,0.15625
82,0.34375
83,0.28125
84,0.25
85,0.21875
86,0.1875
87,0.09375
88,0.3125
89,0.5
90,0.34375
91,0.1875
92,0.25
93,0.09375
94,0.25
95,0.46875
96,0.375
97,0.09375
98,0.03125
99,0.0625
100,0.21875
101,0.40625
102,0.5625
103,0.34375
104,0.34375
105,0.15625
106,0.03125
107,0.21875
108,0.25
109,0.375
110,0.46875
111,0.25
112,0.09375
113,0.125
114,0.40625
115,0.5625
116,0.25
117,0.46875
118,0.25
119,0.3125
120,0.34375
121,0.03125
122,0.375
123,0.59375
124,0.5
125,0.5
126,0.125
127,0.53125
128,0.4375
129,0.375
130,0.40625
131,0.21875
132,0.28125
133,0.21875
134,0.0625
135,0.0625
136,0.0625
137,0.09375
138,0.0625
139,0.21875
140,0.15625
141,0.28125
142,0.21875
143,0.125
144,0.125
145,0.1875
146,0.0625
147,0.0625
148,0.09375
149,0.03125
150,0.03125
151,0.15625
152,0.15625
153,0.03125
154,0.0625
155,0.0
156,0.28125
157,0.46875
158,0.25
159,0.3125
160,0.375
161,0.40625
162,0.375
163,0.28125
164,0.3125
165,0.125
166,0.09375
167,0.125
168,0.1875
169,0.03125
170,0.09375
171,0.21875
172,0.40625
173,0.40625
174,0.5
175,0.375
176,0.34375
177,0.6875
178,0.71875
179,0.5625
180,0.375
181,0.40625
182,0.25
183,0.1875
184,0.125
185,0.25
186,0.6875
187,0.5625
188,0.625
189,0.34375
190,0.0
191,0.09375
192,0.03125
193,0.1875
194,0.25
195,0.09375
196,0.03125
197,0.03125
198,0.03125
199,0.09375
200,0.15625
201,0.21875
202,0.375
203,0.25
204,0.0
205,0.09375
206,0.65625
207,0.59375
208,0.375
209,0.53125
210,0.53125
211,0.4375
212,0.5
213,0.15625
214,0.15625
215,0.03125
216,0.1875
217,0.5625
218,0.59375
219,0.25
220,0.21875
221,0.03125
222,0.03125
223,0.09375
224,0.25
225,0.4375
226,0.5
227,0.53125
228,0.5
229,0.46875
230,0.59375
231,0.53125
232,0.625
233,0.71875
234,0.40625
235,0.125
236,0.25
237,0.1875
238,0.34375
239,0.1875
240,0.34375
241,0.3125
242,0.21875
243,0.125
244,0.28125
245,0.09375
246,0.34375
247,0.28125
248,0.1875
249,0.25
250,0.15625
251,0.0625
252,0.0625
253,0.03125
254,0.1875
255,0.40625
256,0.375
257,0.34375
258,0.40625
259,0.375
260,0.28125
261,0.28125
262,0.53125
263,0.65625
264,0.59375
265,0.5
266,0.375
267,0.0625
268,0.1875
269,0.28125
270,0.15625
271,0.28125
272,0.03125
273,0.3125
274,0.09375
275,0.125
276,0.3125
277,0.25
278,0.28125
279,0.0
280,0.09375
281,0.0
282,0.03125
283,0.3125
284,0.4375
285,0.5625
286,0.40625
287,0.5
288,0.59375
289,0.46875
290,0.53125
291,0.4375
292,0.46875
293,0.1875
294,0.03125
295,0.1875
296,0.25
297,0.25
298,0.375
299,0.625
300,0.40625
301,0.4375
302,0.34375
303,0.1875
304,0.1875
305,0.09375
306,0.0625
307,0.125
308,0.15625
309,0.15625
310,0.03125
311,0.25
312,0.4375
313,0.5
314,0.15625
315,0.375
316,0.21875
317,0.28125
318,0.09375
319,0.15625
320,0.0625
321,0.1875
322,0.1875
323,0.25
324,0.4375
325,0.09375
326,0.28125
327,0.25
328,0.21875
329,0.03125
330,0.125
331,0.0625
332,0.5
333,0.5625
334,0.3125
335,0.0625
336,0.21875
337,0.03125
338,0.3125
339,0.40625
340,0.375
341,0.15625
342,0.15625
343,0.125
344,0.1875
345,0.46875
346,0.40625
347,0.40625
348,0.375
349,0.34375
350,0.4375
351,0.34375
352,0.375
353,0.5
354,0.625
355,0.4375
356,0.40625
357,0.25
358,0.28125
359,0.3125
360,0.25
361,0.0
362,0.03125
363,0.15625
364,0.09375
365,0.03125
366,0.03125
367,0.09375
368,0.1875
369,0.25
370,0.34375
371,0.375
372,0.59375
373,0.40625
374,0.28125
375,0.28125
376,0.03125
377,0.03125
378,0.1875
379,0.375
380,0.4375
381,0.46875
382,0.375
383,0.375
384,0.3125
385,0.34375
386,0.34375
387,0.28125
388,0.375
389,0.4375
390,0.5625
391,0.40625
392,0.53125
393,0.71875
394,0.71875
395,0.625
396,0.40625
397,0.21875
398,0.125
399,0.125
400,0.03125
401,0.03125
402,0.21875
403,0.28125
404,0.34375
405,0.0
406,0.03125
407,0.15625
408,0.03125
409,0.125
410,0.09375
411,0.25
412,0.15625
413,0.28125
414,0.1875
415,0.28125
416,0.125
417,0.34375
418,0.4375
419,0.4375
420,0.34375
421,0.46875
422,0.4375
423,0.40625
424,0.28125
425,0.09375
426,0.0625
427,0.21875
428,0.28125
429,0.625
430,0.625
431,0.625
432,0.625
433,0.75
434,0.59375
435,0.25
436,0.46875
437,0.375
438,0.34375
439,0.25
440,0.03125
441,0.21875
442,0.0625
443,0.21875
444,0.40625
445,0.625
446,0.46875
447,0.40625
448,0.09375
449,0.09375
450,0.3125
451,0.625
452,0.5
453,0.34375
454,0.21875
455,0.15625
456,0.0625
457,0.1875
458,0.5
459,0.28125
460,0.3125
461,0.375
462,0.34375
463,0.5625
464,0.5
465,0.1875
466,0.34375
467,0.375
468,0.3125
469,0.28125
470,0.40625
471,0.5625
472,0.46875
473,0.34375
474,0.25
475,0.25
476,0.28125
477,0.25
478,0.09375
479,0.3125
480,0.25
481,0.375
482,0.28125
483,0.4375
484,0.4375
485,0.34375
486,0.4375
487,0.3125
488,0.5
489,0.28125
490,0.09375
491,0.03125
492,0.125
493,0.25
494,0.59375
495,0.5625
496,0.34375
497,0.28125
498,0.40625
499,0.65625
500,0.5
501,0.53125
502,0.625
503,0.59375
504,0.125
505,0.09375
506,0.25
507,0.125
508,0.09375
509,0.03125
510,0.1875
511,0.0
512,0.0625
513,0.09375
514,0.0
515,0.09375
516,0.34375
517,0.4375
518,0.625
519,0.46875
520,0.53125
521,0.53125
522,0.40625
523,0.3125
524,0.21875
525,0.21875
526,0.15625
527,0.0625
528,0.0625
529,0.03125
530,0.09375
531,0.125
532,0.03125
533,0.3125
534,0.21875
535,0.0625
536,0.1875
537,0.125
538,0.0625
539,0.21875
540,0.3125
541,0.375
542,0.25
543,0.40625
544,0.4375
545,0.21875
546,0.25
547,0.1875
548,0.375
549,0.5
550,0.46875
551,0.4375
552,0.09375
553,0.25
554,0.4375
555,0.4375
556,0.375
557,0.65625
558,0.625
559,0.53125
560,0.25
561,0.40625
562,0.53125
563,0.25
564,0.25
565,0.0625
566,0.1875
567,0.25
568,0.21875
569,0.03125
570,0.1875
571,0.09375
572,0.03125
573,0.0
574,0.0625
575,0.21875
576,0.03125
577,0.125
578,0.15625
579,0.25
580,0.09375
581,0.09375
582,0.03125
583,0.03125
584,0.09375
585,0.09375
586,0.03125
587,0.0625
588,0.09375
589,0.15625
590,0.25
591,0.09375
592,0.40625
593,0.34375
594,0.46875
595,0.125
596,0.15625
597,0.125
598,0.0625
599,0.1875
600,0.03125
601,0.28125
602,0.3125
603,0.46875
604,0.28125
605,0.3125
606,0.1875
607,0.28125
608,0.46875
609,0.375
610,0.40625
611,0.28125
612,0.1875
613,0.1875
614,0.40625
615,0.53125
616,0.5
617,0.34375
618,0.1875
619,0.15625
620,0.0625
621,0.25
622,0.03125
623,0.1875
624,0.03125
625,0.09375
626,0.125
627,0.0
628,0.0
629,0.09375
630,0.1875
631,0.25
632,0.25
633,0.3125
634,0.25
635,0.4375
636,0.375
637,0.4375
638,0.21875
639,0.40625
640,0.34375
641,0.40625
642,0.3125
643,0.25
644,0.375
645,0.4375
646,0.375
647,0.125
648,0.09375
649,0.0625
650,0.0625
651,0.21875
652,0.1875
653,0.15625
654,0.3125
655,0.125
656,0.03125
657,0.09375
658,0.0625
659,0.1875
660,0.46875
661,0.28125
662,0.46875
663,0.5
664,0.09375
665,0.15625
666,0.125
667,0.09375
668,0.09375
669,0.125
670,0.125
671,0.375
672,0.15625
673,0.03125
674,0.25
675,0.46875
676,0.34375
677,0.3125
678,0.65625
679,0.46875
680,0.5
681,0.5625
682,0.375
683,0.65625
684,0.5
685,0.59375
686,0.28125
687,0.15625
688,0.15625
689,0.03125
690,0.09375
691,0.40625
692,0.21875
693,0.25
694,0.03125
695,0.375
696,0.15625
697,0.25
698,0.03125
699,0.1875
700,0.09375
701,0.25
702,0.1875
703,0.4375
704,0.46875
705,0.625
706,0.6875
707,0.46875
708,0.25
709,0.5
710,0.4375
711,0.5
712,0.4375
713,0.5625
714,0.09375
715,0.34375
716,0.375
717,0.28125
718,0.0625
719,0.03125
720,0.0625
721,0.1875
722,0.125
723,0.40625
724,0.5
725,0.6875
726,0.46875
727,0.1875
728,0.53125
729,0.28125
730,0.53125
731,0.5625
732,0.75
733,0.71875
734,0.8125
735,0.65625
736,0.71875
737,0.5
738,0.375
739,0.15625
740,0.0625
741,0.0625
742,0.1875
743,0.28125
744,0.4375
745,0.53125
746,0.625
747,0.78125
748,0.65625
749,0.5
750,0.0625
751,0.28125
752,0.03125
753,0.03125
754,0.09375
755,0.25
756,0.0
757,0.125
758,0.125
759,0.15625
760,0.09375
761,0.125
762,0.21875
763,0.3125
764,0.25
765,0.0625
766,0.3125
767,0.34375
768,0.25
769,0.1875
770,0.0
771,0.21875
772,0.15625
773,0.25
774,0.0625
775,0.09375
776,0.28125
777,0.15625
778,0.0
779,0.3125
780,0.09375
781,0.3125
782,0.5
783,0.46875
784,0.375
785,0.40625
786,0.40625
787,0.65625
788,0.4375
789,0.4375
790,0.46875
791,0.34375
792,0.375
793,0.34375
794,0.28125
795,0.4375
796,0.21875
797,0.03125
798,0.09375
799,0.15625
800,0.1875
801,0.21875
802,0.21875
803,0.1875
804,0.25
805,0.46875
806,0.21875
807,0.28125
808,0.1875
809,0.03125
810,0.09375
811,0.21875
812,0.3125
813,0.21875
814,0.0
815,0.03125
816,0.15625
817,0.3125
818,0.28125
819,0.125
820,0.125
821,0.21875
822,0.15625
823,0.1875
824,0.4375
825,0.40625
826,0.21875
827,0.09375
828,0.0625
829,0.1875
830,0.25
831,0.21875
832,0.0
833,0.0625
834,0.25
835,0.0625
836,0.28125
837,0.09375
838,0.0625
839,0.1875
840,0.375
841,0.3125
842,0.0625
843,0.34375
844,0.21875
845,0.03125
846,0.0625
847,0.03125
848,0.15625
849,0.28125
850,0.4375
851,0.625
852,0.65625
853,0.375
854,0.0625
855,0.03125
856,0.09375
857,0.3125
858,0.4375
859,0.46875
860,0.40625
861,0.40625
862,0.21875
863,0.09375
864,0.125
865,0.09375
866,0.375
867,0.34375
868,0.4375
869,0.125
870,0.125
871,0.0625
872,0.1875
873,0.21875
874,0.125
875,0.09375
876,0.15625
877,0.40625
878,0.4375
879,0.25
880,0.28125
881,0.15625
882,0.1875
883,0.0625
884,0.125
885,0.34375
886,0.1875
887,0.09375
888,0.09375
889,0.15625
890,0.09375
891,0.0625
892,0.03125
893,0.0
894,0.09375
895,0.25
896,0.28125
897,0.21875
898,0.34375
899,0.15625
900,0.15625
901,0.21875
902,0.4375
903,0.5
904,0.4375
905,0.40625
906,0.40625
907,0.25
908,0.25
909,0.09375
910,0.34375
911,0.5
912,0.5625
913,0.34375
914,0.03125
915,0.03125
916,0.15625
917,0.09375
918,0.3125
919,0.25
920,0.125
921,0.09375
922,0.40625
923,0.40625
924,0.15625
925,0.15625
926,0.21875
927,0.21875
928,0.21875
929,0.34375
930,0.6875
931,0.53125
932,0.375
933,0.4375
934,0.25
935,0.03125
936,0.0
937,0.03125
938,0.125
939,0.0
940,0.1875
941,0.0625
942,0.5
943,0.3125
944,0.28125
945,0.40625
946,0.40625
947,0.25
948,0.125
949,0.0625
950,0.125
951,0.28125
952,0.53125
953,0.71875
954,0.71875
955,0.6875
956,0.59375
957,0.625
958,0.65625
959,0.5
960,0.5
961,0.46875
962,0.53125
963,0.59375
964,0.65625
965,0.46875
966,0.21875
967,0.125
968,0.28125
969,0.25
970,0.28125
971,0.1875
972,0.28125
973,0.34375
974,0.03125
975,0.1875
976,0.375
977,0.3125
978,0.28125
979,0.375
980,0.40625
981,0.59375
982,0.46875
983,0.53125
984,0.4375
985,0.375
986,0.5625
987,0.375
988,0.25
989,0.09375
990,0.125
991,0.5625
992,0.6875
993,0.65625
994,0.625
995,0.75
996,0.8125
997,0.5
998,0.59375
999,0.46875
