,Absolute Magnetisations Per Spin
0,0.875
1,0.9375
2,0.9375
3,1.0
4,0.90625
5,0.96875
6,0.84375
7,1.0
8,0.96875
9,0.84375
10,0.8125
11,0.96875
12,0.9375
13,0.9375
14,0.96875
15,0.84375
16,0.84375
17,0.84375
18,0.8125
19,0.53125
20,0.5625
21,0.25
22,0.15625
23,0.21875
24,0.0625
25,0.40625
26,0.4375
27,0.40625
28,0.25
29,0.1875
30,0.34375
31,0.40625
32,0.40625
33,0.125
34,0.15625
35,0.0625
36,0.21875
37,0.25
38,0.25
39,0.125
40,0.15625
41,0.0
42,0.0625
43,0.0
44,0.09375
45,0.125
46,0.125
47,0.09375
48,0.25
49,0.125
50,0.40625
51,0.21875
52,0.0625
53,0.0
54,0.0625
55,0.21875
56,0.0625
57,0.15625
58,0.0
59,0.125
60,0.21875
61,0.15625
62,0.21875
63,0.46875
64,0.59375
65,0.65625
66,0.6875
67,0.65625
68,0.6875
69,0.96875
70,0.875
71,0.84375
72,0.84375
73,0.8125
74,0.8125
75,0.8125
76,0.875
77,0.84375
78,0.9375
79,0.96875
80,0.9375
81,0.8125
82,0.96875
83,1.0
84,0.90625
85,0.78125
86,0.6875
87,0.71875
88,0.84375
89,0.75
90,0.9375
91,0.90625
92,0.875
93,0.875
94,0.84375
95,0.71875
96,0.78125
97,0.84375
98,0.96875
99,0.875
100,1.0
101,0.90625
102,0.90625
103,0.8125
104,0.84375
105,0.90625
106,0.96875
107,1.0
108,0.9375
109,0.96875
110,0.9375
111,0.9375
112,0.9375
113,0.875
114,1.0
115,0.90625
116,0.90625
117,0.875
118,0.875
119,0.8125
120,0.84375
121,0.875
122,0.78125
123,0.9375
124,0.90625
125,0.9375
126,0.9375
127,0.875
128,0.84375
129,0.78125
130,0.8125
131,0.90625
132,0.875
133,0.9375
134,0.9375
135,1.0
136,0.9375
137,0.96875
138,0.875
139,0.8125
140,0.90625
141,0.84375
142,0.9375
143,0.8125
144,0.84375
145,0.90625
146,0.8125
147,0.8125
148,0.8125
149,0.90625
150,0.96875
151,0.9375
152,0.8125
153,0.8125
154,0.8125
155,0.71875
156,0.75
157,0.75
158,0.75
159,0.5
160,0.625
161,0.65625
162,0.8125
163,0.90625
164,0.875
165,0.8125
166,0.90625
167,0.90625
168,0.90625
169,0.96875
170,0.96875
171,0.90625
172,0.84375
173,0.96875
174,0.96875
175,0.9375
176,0.8125
177,0.78125
178,0.53125
179,0.5625
180,0.4375
181,0.40625
182,0.53125
183,0.59375
184,0.53125
185,0.53125
186,0.71875
187,0.6875
188,0.71875
189,0.6875
190,0.6875
191,0.71875
192,0.625
193,0.40625
194,0.375
195,0.375
196,0.5625
197,0.5
198,0.5
199,0.5
200,0.6875
201,0.65625
202,0.625
203,0.59375
204,0.5625
205,0.9375
206,0.96875
207,0.96875
208,0.90625
209,0.90625
210,0.9375
211,0.9375
212,0.875
213,0.9375
214,0.875
215,0.6875
216,0.5625
217,0.71875
218,0.71875
219,0.8125
220,0.90625
221,0.90625
222,0.71875
223,0.75
224,0.75
225,0.84375
226,0.8125
227,0.75
228,0.65625
229,0.75
230,0.8125
231,0.53125
232,0.59375
233,0.46875
234,0.71875
235,0.78125
236,0.6875
237,0.8125
238,0.84375
239,0.9375
240,0.90625
241,0.90625
242,0.90625
243,0.84375
244,0.875
245,0.875
246,0.8125
247,0.8125
248,0.90625
249,0.6875
250,0.8125
251,0.78125
252,0.875
253,0.875
254,0.9375
255,0.90625
256,0.96875
257,1.0
258,0.9375
259,0.9375
260,0.9375
261,0.90625
262,0.78125
263,0.875
264,0.75
265,0.65625
266,0.59375
267,0.71875
268,0.78125
269,0.65625
270,0.5
271,0.6875
272,0.84375
273,0.8125
274,0.84375
275,0.84375
276,0.90625
277,0.875
278,0.8125
279,0.625
280,0.8125
281,1.0
282,0.90625
283,0.84375
284,0.875
285,0.875
286,0.90625
287,0.8125
288,0.84375
289,0.90625
290,1.0
291,0.96875
292,0.96875
293,0.90625
294,0.78125
295,0.75
296,0.9375
297,0.90625
298,0.8125
299,0.6875
300,0.46875
301,0.40625
302,0.46875
303,0.40625
304,0.5
305,0.65625
306,0.84375
307,0.84375
308,0.8125
309,0.8125
310,0.71875
311,0.8125
312,0.84375
313,0.96875
314,0.875
315,0.875
316,0.75
317,0.78125
318,0.78125
319,0.78125
320,0.71875
321,0.75
322,0.8125
323,0.84375
324,0.875
325,0.96875
326,0.9375
327,0.90625
328,0.9375
329,0.875
330,0.625
331,0.65625
332,0.59375
333,0.59375
334,0.90625
335,0.9375
336,0.9375
337,0.96875
338,0.9375
339,0.96875
340,0.90625
341,0.9375
342,0.75
343,0.78125
344,0.59375
345,0.40625
346,0.5
347,0.375
348,0.625
349,0.625
350,0.71875
351,0.75
352,0.625
353,0.75
354,0.5625
355,0.5625
356,0.53125
357,0.78125
358,0.59375
359,0.6875
360,0.84375
361,0.75
362,0.75
363,0.875
364,0.9375
365,0.84375
366,0.84375
367,0.96875
368,0.96875
369,0.875
370,0.90625
371,0.9375
372,0.8125
373,0.875
374,0.9375
375,0.84375
376,0.96875
377,0.9375
378,1.0
379,0.96875
380,0.9375
381,0.96875
382,0.9375
383,0.8125
384,0.8125
385,0.90625
386,0.96875
387,0.96875
388,0.9375
389,0.8125
390,0.84375
391,0.875
392,0.875
393,0.875
394,0.9375
395,0.84375
396,0.84375
397,0.9375
398,0.90625
399,0.96875
400,0.875
401,0.8125
402,0.875
403,0.96875
404,0.9375
405,0.84375
406,0.71875
407,0.75
408,0.75
409,0.84375
410,0.90625
411,0.84375
412,0.78125
413,0.75
414,0.71875
415,0.78125
416,0.84375
417,0.96875
418,0.875
419,0.8125
420,0.90625
421,0.8125
422,0.90625
423,0.78125
424,0.8125
425,0.65625
426,0.71875
427,0.6875
428,0.875
429,0.9375
430,0.90625
431,0.9375
432,0.875
433,0.84375
434,0.78125
435,0.84375
436,0.8125
437,0.71875
438,0.84375
439,0.71875
440,0.59375
441,0.6875
442,0.6875
443,0.6875
444,0.78125
445,0.78125
446,0.8125
447,0.625
448,0.4375
449,0.4375
450,0.5625
451,0.53125
452,0.375
453,0.3125
454,0.1875
455,0.28125
456,0.75
457,0.78125
458,0.84375
459,0.625
460,0.5625
461,0.53125
462,0.6875
463,0.71875
464,0.625
465,0.46875
466,0.53125
467,0.34375
468,0.5
469,0.6875
470,0.78125
471,0.75
472,0.90625
473,0.875
474,0.875
475,0.75
476,0.8125
477,0.71875
478,0.84375
479,0.71875
480,0.90625
481,0.84375
482,0.90625
483,0.875
484,0.8125
485,0.8125
486,0.875
487,0.84375
488,0.8125
489,0.875
490,0.84375
491,0.875
492,0.84375
493,0.84375
494,0.875
495,0.84375
496,0.8125
497,0.9375
498,1.0
499,1.0
500,0.9375
501,0.90625
502,0.9375
503,0.96875
504,0.96875
505,0.90625
506,0.90625
507,0.9375
508,0.875
509,0.875
510,0.90625
511,0.90625
512,0.9375
513,0.96875
514,0.9375
515,0.90625
516,0.84375
517,0.875
518,0.90625
519,0.8125
520,0.875
521,0.875
522,0.90625
523,0.90625
524,0.96875
525,0.9375
526,0.96875
527,0.90625
528,0.8125
529,0.84375
530,0.75
531,0.65625
532,0.75
533,0.875
534,0.78125
535,0.75
536,0.90625
537,0.75
538,0.90625
539,0.75
540,0.625
541,0.6875
542,0.75
543,0.78125
544,0.59375
545,0.78125
546,0.875
547,0.96875
548,0.9375
549,0.9375
550,0.84375
551,0.625
552,0.5
553,0.65625
554,0.78125
555,0.78125
556,0.6875
557,0.8125
558,0.875
559,0.65625
560,0.78125
561,0.84375
562,0.96875
563,0.90625
564,0.84375
565,0.90625
566,1.0
567,1.0
568,0.96875
569,0.90625
570,0.875
571,0.9375
572,0.875
573,0.84375
574,0.78125
575,0.9375
576,0.90625
577,0.96875
578,0.9375
579,0.90625
580,0.9375
581,0.9375
582,0.9375
583,1.0
584,0.875
585,0.96875
586,0.96875
587,0.90625
588,0.8125
589,0.6875
590,0.8125
591,1.0
592,0.96875
593,1.0
594,1.0
595,1.0
596,0.96875
597,0.96875
598,1.0
599,0.9375
600,0.9375
601,0.90625
602,0.8125
603,0.6875
604,0.5625
605,0.75
606,0.625
607,0.4375
608,0.5
609,0.625
610,0.65625
611,0.5625
612,0.375
613,0.40625
614,0.25
615,0.03125
616,0.0
617,0.03125
618,0.09375
619,0.21875
620,0.28125
621,0.5625
622,0.78125
623,0.71875
624,0.71875
625,0.875
626,0.90625
627,0.75
628,0.9375
629,0.875
630,0.78125
631,0.9375
632,1.0
633,0.90625
634,0.625
635,0.6875
636,0.625
637,0.75
638,0.65625
639,0.75
640,0.8125
641,0.78125
642,0.78125
643,0.875
644,0.59375
645,0.75
646,0.75
647,0.6875
648,0.84375
649,0.84375
650,0.71875
651,0.5625
652,0.5
653,0.59375
654,0.5625
655,0.34375
656,0.21875
657,0.125
658,0.15625
659,0.375
660,0.65625
661,0.6875
662,0.6875
663,0.5625
664,0.46875
665,0.5
666,0.5
667,0.375
668,0.59375
669,0.5
670,0.75
671,0.90625
672,0.96875
673,0.84375
674,0.875
675,0.875
676,0.84375
677,0.6875
678,0.6875
679,0.65625
680,0.71875
681,0.75
682,0.8125
683,0.8125
684,0.875
685,0.90625
686,0.75
687,0.75
688,0.84375
689,0.8125
690,0.84375
691,0.78125
692,0.9375
693,0.875
694,0.9375
695,0.71875
696,0.5625
697,0.84375
698,0.78125
699,0.59375
700,0.65625
701,0.78125
702,0.90625
703,0.875
704,0.875
705,0.6875
706,0.75
707,0.78125
708,0.65625
709,0.71875
710,0.84375
711,0.9375
712,0.84375
713,0.90625
714,0.875
715,0.875
716,0.71875
717,0.75
718,0.90625
719,0.96875
720,0.8125
721,0.5
722,0.53125
723,0.78125
724,0.84375
725,0.90625
726,1.0
727,1.0
728,0.9375
729,0.84375
730,0.78125
731,0.8125
732,0.9375
733,0.9375
734,0.9375
735,0.78125
736,0.71875
737,0.75
738,0.625
739,0.5
740,0.53125
741,0.53125
742,0.6875
743,0.375
744,0.625
745,0.78125
746,0.71875
747,0.84375
748,0.625
749,0.625
750,0.8125
751,0.78125
752,0.6875
753,0.875
754,0.875
755,0.90625
756,0.90625
757,0.9375
758,0.875
759,0.875
760,0.84375
761,0.5625
762,0.8125
763,0.78125
764,0.78125
765,0.875
766,0.90625
767,0.8125
768,0.84375
769,0.84375
770,0.8125
771,0.8125
772,0.84375
773,0.78125
774,0.84375
775,0.84375
776,0.875
777,0.46875
778,0.15625
779,0.125
780,0.09375
781,0.0625
782,0.0625
783,0.15625
784,0.125
785,0.21875
786,0.25
787,0.125
788,0.25
789,0.15625
790,0.21875
791,0.40625
792,0.59375
793,0.46875
794,0.46875
795,0.40625
796,0.40625
797,0.375
798,0.5625
799,0.375
800,0.71875
801,0.71875
802,0.90625
803,0.96875
804,0.9375
805,0.875
806,0.8125
807,0.875
808,0.90625
809,0.90625
810,0.84375
811,0.8125
812,0.90625
813,0.71875
814,0.625
815,0.5625
816,0.5
817,0.625
818,0.8125
819,0.71875
820,0.71875
821,0.6875
822,0.625
823,0.46875
824,0.71875
825,0.5
826,0.5625
827,0.46875
828,0.6875
829,0.65625
830,0.59375
831,0.5
832,0.5625
833,0.75
834,0.875
835,0.8125
836,0.84375
837,0.8125
838,0.78125
839,0.8125
840,0.625
841,0.375
842,0.5625
843,0.5
844,0.40625
845,0.34375
846,0.3125
847,0.15625
848,0.34375
849,0.28125
850,0.53125
851,0.5625
852,0.625
853,0.84375
854,0.84375
855,0.8125
856,0.90625
857,0.875
858,0.65625
859,0.84375
860,0.875
861,0.6875
862,0.78125
863,0.71875
864,0.5625
865,0.8125
866,0.71875
867,0.75
868,0.78125
869,0.65625
870,0.6875
871,0.84375
872,0.8125
873,0.8125
874,0.75
875,0.53125
876,0.5625
877,0.75
878,0.65625
879,0.75
880,0.78125
881,0.78125
882,0.78125
883,0.84375
884,0.75
885,0.875
886,0.71875
887,0.53125
888,0.71875
889,0.5625
890,0.53125
891,0.375
892,0.59375
893,0.78125
894,0.84375
895,0.84375
896,0.84375
897,0.9375
898,0.96875
899,0.9375
900,0.96875
901,1.0
902,0.96875
903,0.90625
904,0.75
905,0.59375
906,0.78125
907,0.78125
908,0.8125
909,0.84375
910,0.71875
911,0.4375
912,0.59375
913,0.5625
914,0.65625
915,0.71875
916,0.625
917,0.6875
918,0.4375
919,0.5
920,0.59375
921,0.25
922,0.375
923,0.25
924,0.3125
925,0.125
926,0.0625
927,0.09375
928,0.34375
929,0.28125
930,0.4375
931,0.5625
932,0.75
933,0.9375
934,0.90625
935,0.9375
936,0.84375
937,0.84375
938,0.84375
939,0.84375
940,0.96875
941,0.96875
942,1.0
943,0.9375
944,0.875
945,0.84375
946,0.84375
947,0.8125
948,0.875
949,0.71875
950,0.78125
951,0.5625
952,0.59375
953,0.6875
954,0.53125
955,0.59375
956,0.6875
957,0.6875
958,0.6875
959,0.78125
960,0.90625
961,0.96875
962,0.78125
963,0.71875
964,0.78125
965,0.71875
966,0.84375
967,0.9375
968,0.90625
969,0.90625
970,0.90625
971,0.875
972,0.875
973,0.84375
974,0.84375
975,0.84375
976,0.9375
977,0.9375
978,1.0
979,1.0
980,0.90625
981,0.875
982,0.90625
983,0.90625
984,0.875
985,0.71875
986,0.625
987,0.5
988,0.625
989,0.46875
990,0.25
991,0.125
992,0.09375
993,0.15625
994,0.5
995,0.53125
996,0.6875
997,0.78125
998,0.875
999,0.6875
