,Absolute Magnetisations Per Spin
0,0.96875
1,0.84375
2,0.96875
3,1.0
4,1.0
5,1.0
6,1.0
7,1.0
8,1.0
9,0.96875
10,0.9375
11,0.90625
12,1.0
13,1.0
14,0.96875
15,0.96875
16,0.96875
17,0.90625
18,0.84375
19,0.84375
20,0.90625
21,0.875
22,0.90625
23,0.6875
24,0.78125
25,0.96875
26,0.875
27,0.96875
28,0.90625
29,0.875
30,0.90625
31,0.9375
32,0.9375
33,0.9375
34,0.9375
35,0.96875
36,0.9375
37,0.875
38,0.90625
39,0.84375
40,0.84375
41,0.84375
42,0.875
43,0.875
44,0.90625
45,1.0
46,1.0
47,1.0
48,0.875
49,0.84375
50,0.78125
51,0.84375
52,1.0
53,1.0
54,1.0
55,1.0
56,0.96875
57,0.96875
58,0.96875
59,0.9375
60,0.9375
61,0.90625
62,0.9375
63,0.9375
64,0.96875
65,0.96875
66,1.0
67,1.0
68,1.0
69,0.9375
70,0.96875
71,0.9375
72,0.875
73,0.875
74,0.9375
75,1.0
76,0.96875
77,0.84375
78,0.96875
79,0.96875
80,0.96875
81,0.9375
82,0.96875
83,1.0
84,0.90625
85,0.96875
86,0.96875
87,0.96875
88,1.0
89,0.96875
90,0.96875
91,1.0
92,1.0
93,1.0
94,0.96875
95,0.875
96,0.90625
97,1.0
98,0.96875
99,0.9375
100,1.0
101,0.96875
102,1.0
103,0.90625
104,0.9375
105,0.875
106,0.96875
107,0.96875
108,0.96875
109,0.96875
110,0.96875
111,0.96875
112,0.96875
113,1.0
114,0.9375
115,0.96875
116,0.96875
117,1.0
118,1.0
119,0.96875
120,0.84375
121,0.90625
122,0.90625
123,0.9375
124,0.96875
125,0.96875
126,0.96875
127,0.90625
128,0.90625
129,1.0
130,0.90625
131,0.96875
132,0.96875
133,1.0
134,1.0
135,1.0
136,0.96875
137,1.0
138,1.0
139,1.0
140,1.0
141,1.0
142,1.0
143,0.96875
144,0.96875
145,0.96875
146,0.96875
147,0.96875
148,0.96875
149,1.0
150,0.90625
151,0.9375
152,1.0
153,1.0
154,0.96875
155,0.96875
156,0.9375
157,0.8125
158,0.9375
159,1.0
160,0.9375
161,0.90625
162,0.9375
163,0.9375
164,0.78125
165,0.90625
166,0.96875
167,0.96875
168,0.9375
169,0.90625
170,0.90625
171,1.0
172,1.0
173,0.96875
174,0.96875
175,0.9375
176,1.0
177,1.0
178,1.0
179,0.9375
180,0.96875
181,0.9375
182,0.90625
183,1.0
184,1.0
185,1.0
186,0.96875
187,0.9375
188,0.9375
189,0.90625
190,0.9375
191,0.96875
192,0.90625
193,0.90625
194,0.9375
195,0.9375
196,0.9375
197,0.9375
198,0.875
199,0.9375
200,0.96875
201,0.96875
202,0.96875
203,1.0
204,1.0
205,0.9375
206,1.0
207,0.9375
208,0.96875
209,0.96875
210,0.96875
211,0.96875
212,0.96875
213,0.8125
214,0.875
215,0.90625
216,0.90625
217,0.875
218,0.875
219,0.875
220,0.90625
221,0.96875
222,0.9375
223,0.96875
224,0.96875
225,0.9375
226,0.9375
227,0.90625
228,0.90625
229,0.9375
230,0.96875
231,1.0
232,0.9375
233,0.90625
234,0.9375
235,0.96875
236,0.96875
237,0.96875
238,0.90625
239,0.9375
240,0.96875
241,0.9375
242,0.875
243,0.96875
244,0.90625
245,0.90625
246,0.9375
247,0.96875
248,0.96875
249,0.96875
250,0.96875
251,0.96875
252,1.0
253,1.0
254,0.96875
255,1.0
256,1.0
257,1.0
258,0.96875
259,0.90625
260,0.90625
261,0.96875
262,0.96875
263,0.96875
264,1.0
265,0.90625
266,0.90625
267,0.96875
268,1.0
269,0.96875
270,1.0
271,0.90625
272,0.9375
273,0.96875
274,0.9375
275,1.0
276,0.96875
277,0.875
278,0.84375
279,0.84375
280,0.875
281,0.90625
282,0.96875
283,1.0
284,0.9375
285,0.9375
286,0.9375
287,1.0
288,1.0
289,1.0
290,1.0
291,1.0
292,0.96875
293,0.90625
294,0.78125
295,0.84375
296,0.84375
297,0.90625
298,0.96875
299,0.96875
300,1.0
301,0.96875
302,0.9375
303,1.0
304,1.0
305,1.0
306,0.96875
307,1.0
308,1.0
309,1.0
310,1.0
311,0.9375
312,0.96875
313,0.96875
314,0.96875
315,1.0
316,1.0
317,1.0
318,1.0
319,1.0
320,1.0
321,1.0
322,0.96875
323,0.9375
324,0.90625
325,0.96875
326,0.96875
327,0.96875
328,0.96875
329,0.96875
330,0.9375
331,0.96875
332,1.0
333,1.0
334,0.96875
335,0.9375
336,0.875
337,0.90625
338,0.875
339,0.96875
340,1.0
341,0.96875
342,0.96875
343,0.9375
344,0.96875
345,0.9375
346,1.0
347,1.0
348,1.0
349,1.0
350,0.96875
351,1.0
352,0.96875
353,0.96875
354,1.0
355,0.96875
356,1.0
357,0.9375
358,0.9375
359,0.90625
360,0.84375
361,0.96875
362,1.0
363,0.96875
364,1.0
365,0.96875
366,0.9375
367,0.96875
368,1.0
369,1.0
370,1.0
371,1.0
372,1.0
373,1.0
374,1.0
375,1.0
376,1.0
377,1.0
378,1.0
379,0.9375
380,1.0
381,0.96875
382,0.96875
383,1.0
384,1.0
385,0.96875
386,1.0
387,1.0
388,1.0
389,0.96875
390,0.9375
391,0.96875
392,1.0
393,0.96875
394,0.96875
395,0.96875
396,0.84375
397,0.90625
398,0.90625
399,0.96875
400,0.9375
401,0.9375
402,0.96875
403,0.96875
404,1.0
405,1.0
406,0.96875
407,0.90625
408,0.9375
409,0.90625
410,0.96875
411,0.84375
412,0.90625
413,0.9375
414,0.9375
415,0.96875
416,1.0
417,0.96875
418,1.0
419,1.0
420,1.0
421,0.96875
422,0.9375
423,0.90625
424,0.90625
425,0.9375
426,0.96875
427,1.0
428,1.0
429,1.0
430,1.0
431,1.0
432,0.9375
433,0.96875
434,0.9375
435,1.0
436,0.96875
437,1.0
438,1.0
439,0.9375
440,0.96875
441,0.96875
442,0.96875
443,1.0
444,1.0
445,1.0
446,1.0
447,0.96875
448,0.96875
449,0.9375
450,1.0
451,1.0
452,0.96875
453,0.9375
454,0.96875
455,0.90625
456,0.96875
457,0.84375
458,0.875
459,0.9375
460,1.0
461,0.9375
462,0.96875
463,0.96875
464,0.9375
465,1.0
466,1.0
467,1.0
468,1.0
469,1.0
470,1.0
471,1.0
472,0.96875
473,0.96875
474,1.0
475,1.0
476,1.0
477,0.9375
478,1.0
479,1.0
480,1.0
481,0.96875
482,1.0
483,1.0
484,0.9375
485,0.90625
486,0.84375
487,0.9375
488,1.0
489,0.96875
490,0.9375
491,0.96875
492,0.9375
493,0.9375
494,0.90625
495,0.9375
496,0.9375
497,0.9375
498,0.90625
499,1.0
500,0.96875
501,0.90625
502,0.96875
503,0.9375
504,1.0
505,1.0
506,0.9375
507,0.875
508,0.90625
509,0.9375
510,0.96875
511,1.0
512,1.0
513,1.0
514,0.9375
515,0.96875
516,1.0
517,1.0
518,1.0
519,0.90625
520,1.0
521,0.96875
522,0.96875
523,1.0
524,1.0
525,1.0
526,1.0
527,0.90625
528,0.96875
529,1.0
530,0.96875
531,1.0
532,1.0
533,0.96875
534,1.0
535,1.0
536,1.0
537,1.0
538,1.0
539,0.96875
540,0.875
541,0.96875
542,0.96875
543,0.9375
544,0.90625
545,1.0
546,0.96875
547,0.96875
548,1.0
549,1.0
550,0.9375
551,0.90625
552,0.90625
553,1.0
554,1.0
555,0.96875
556,0.96875
557,0.96875
558,0.96875
559,1.0
560,1.0
561,1.0
562,1.0
563,1.0
564,1.0
565,0.96875
566,0.9375
567,1.0
568,1.0
569,1.0
570,0.96875
571,0.96875
572,0.9375
573,1.0
574,0.96875
575,1.0
576,0.96875
577,0.90625
578,0.9375
579,1.0
580,1.0
581,0.90625
582,0.96875
583,0.9375
584,0.90625
585,0.9375
586,1.0
587,0.96875
588,0.96875
589,1.0
590,0.96875
591,0.90625
592,0.90625
593,0.90625
594,0.875
595,0.90625
596,0.96875
597,0.90625
598,0.96875
599,0.9375
600,0.90625
601,0.9375
602,0.9375
603,1.0
604,1.0
605,1.0
606,1.0
607,1.0
608,1.0
609,0.96875
610,1.0
611,1.0
612,0.96875
613,0.96875
614,0.96875
615,0.84375
616,0.78125
617,0.9375
618,0.9375
619,0.96875
620,1.0
621,1.0
622,0.96875
623,1.0
624,1.0
625,1.0
626,0.96875
627,0.90625
628,0.9375
629,1.0
630,0.96875
631,1.0
632,1.0
633,1.0
634,0.96875
635,1.0
636,1.0
637,1.0
638,0.96875
639,0.96875
640,1.0
641,1.0
642,0.875
643,0.9375
644,0.90625
645,0.84375
646,0.96875
647,1.0
648,0.9375
649,0.84375
650,0.84375
651,0.84375
652,0.96875
653,1.0
654,0.9375
655,0.96875
656,1.0
657,1.0
658,1.0
659,1.0
660,1.0
661,0.96875
662,0.9375
663,0.96875
664,1.0
665,1.0
666,1.0
667,1.0
668,0.9375
669,0.96875
670,0.96875
671,1.0
672,0.90625
673,0.875
674,0.9375
675,0.96875
676,0.90625
677,0.90625
678,0.9375
679,0.875
680,0.8125
681,0.84375
682,0.90625
683,0.875
684,0.875
685,0.9375
686,0.875
687,1.0
688,1.0
689,0.96875
690,0.9375
691,0.90625
692,0.90625
693,0.9375
694,0.90625
695,0.96875
696,0.90625
697,0.90625
698,1.0
699,1.0
700,0.96875
701,1.0
702,1.0
703,0.9375
704,0.96875
705,0.96875
706,0.875
707,0.90625
708,0.96875
709,0.96875
710,1.0
711,1.0
712,0.9375
713,0.96875
714,1.0
715,1.0
716,0.96875
717,0.96875
718,0.96875
719,0.96875
720,0.96875
721,0.9375
722,0.96875
723,1.0
724,0.9375
725,0.9375
726,0.9375
727,0.9375
728,0.90625
729,0.9375
730,1.0
731,1.0
732,1.0
733,1.0
734,1.0
735,0.96875
736,0.96875
737,1.0
738,0.96875
739,1.0
740,1.0
741,1.0
742,0.96875
743,0.9375
744,0.96875
745,0.9375
746,0.96875
747,0.90625
748,0.9375
749,0.90625
750,0.875
751,0.96875
752,1.0
753,0.96875
754,0.96875
755,0.875
756,0.84375
757,0.875
758,0.96875
759,0.96875
760,0.96875
761,1.0
762,1.0
763,0.96875
764,0.90625
765,0.9375
766,1.0
767,1.0
768,1.0
769,1.0
770,1.0
771,1.0
772,0.9375
773,0.9375
774,1.0
775,1.0
776,1.0
777,1.0
778,0.9375
779,0.9375
780,0.96875
781,1.0
782,0.96875
783,0.96875
784,1.0
785,0.96875
786,1.0
787,1.0
788,1.0
789,0.9375
790,0.96875
791,1.0
792,1.0
793,1.0
794,1.0
795,1.0
796,0.96875
797,1.0
798,1.0
799,1.0
800,1.0
801,0.96875
802,0.9375
803,0.96875
804,1.0
805,1.0
806,1.0
807,1.0
808,0.96875
809,0.96875
810,0.96875
811,0.96875
812,0.96875
813,0.90625
814,0.9375
815,0.96875
816,0.90625
817,0.96875
818,0.90625
819,0.96875
820,1.0
821,1.0
822,1.0
823,1.0
824,1.0
825,1.0
826,0.9375
827,0.96875
828,0.9375
829,1.0
830,1.0
831,1.0
832,0.96875
833,1.0
834,1.0
835,1.0
836,0.96875
837,1.0
838,1.0
839,0.96875
840,1.0
841,1.0
842,1.0
843,1.0
844,0.9375
845,0.9375
846,1.0
847,1.0
848,1.0
849,0.96875
850,0.96875
851,1.0
852,1.0
853,1.0
854,1.0
855,1.0
856,1.0
857,1.0
858,1.0
859,0.96875
860,0.9375
861,0.96875
862,0.96875
863,0.9375
864,0.9375
865,0.90625
866,0.9375
867,0.96875
868,0.8125
869,0.9375
870,1.0
871,0.90625
872,0.96875
873,0.96875
874,0.96875
875,1.0
876,1.0
877,1.0
878,0.96875
879,1.0
880,1.0
881,0.96875
882,1.0
883,1.0
884,0.96875
885,0.84375
886,0.6875
887,0.75
888,0.71875
889,0.78125
890,0.75
891,0.90625
892,0.90625
893,0.96875
894,1.0
895,1.0
896,0.90625
897,0.78125
898,0.78125
899,0.84375
900,0.9375
901,0.96875
902,0.96875
903,0.90625
904,0.9375
905,1.0
906,0.9375
907,0.90625
908,0.96875
909,1.0
910,0.9375
911,0.96875
912,0.96875
913,0.96875
914,0.96875
915,0.96875
916,0.96875
917,1.0
918,1.0
919,0.9375
920,0.96875
921,0.9375
922,0.9375
923,1.0
924,1.0
925,0.9375
926,0.875
927,0.9375
928,0.9375
929,1.0
930,1.0
931,0.9375
932,0.9375
933,0.96875
934,0.9375
935,1.0
936,0.96875
937,1.0
938,0.875
939,0.96875
940,0.96875
941,0.96875
942,0.9375
943,0.90625
944,0.9375
945,0.90625
946,0.96875
947,0.96875
948,0.96875
949,0.90625
950,0.9375
951,0.9375
952,0.96875
953,0.96875
954,1.0
955,1.0
956,1.0
957,0.96875
958,1.0
959,1.0
960,1.0
961,0.96875
962,1.0
963,0.96875
964,0.96875
965,0.96875
966,1.0
967,1.0
968,1.0
969,1.0
970,1.0
971,1.0
972,1.0
973,1.0
974,0.96875
975,0.9375
976,0.96875
977,0.96875
978,0.9375
979,0.96875
980,0.96875
981,0.90625
982,0.9375
983,0.9375
984,0.96875
985,1.0
986,0.9375
987,0.9375
988,0.90625
989,0.9375
990,1.0
991,1.0
992,1.0
993,1.0
994,1.0
995,0.96875
996,0.96875
997,1.0
998,0.9375
999,0.90625
