,Absolute Magnetisations Per Spin
0,0.8125
1,0.8125
2,0.59375
3,0.78125
4,0.78125
5,0.78125
6,0.84375
7,0.875
8,0.90625
9,0.90625
10,0.84375
11,0.96875
12,0.96875
13,0.84375
14,0.75
15,0.8125
16,0.875
17,0.875
18,0.84375
19,0.78125
20,0.78125
21,0.84375
22,0.84375
23,0.625
24,0.4375
25,0.5
26,0.75
27,0.59375
28,0.75
29,0.5625
30,0.6875
31,0.78125
32,0.8125
33,0.78125
34,0.875
35,0.9375
36,0.8125
37,0.96875
38,0.875
39,0.9375
40,0.96875
41,0.96875
42,0.96875
43,1.0
44,1.0
45,0.96875
46,0.96875
47,0.90625
48,0.90625
49,0.96875
50,0.96875
51,1.0
52,0.9375
53,0.875
54,0.84375
55,0.9375
56,0.90625
57,0.84375
58,0.8125
59,0.96875
60,0.90625
61,0.875
62,0.875
63,0.9375
64,0.96875
65,0.9375
66,0.96875
67,0.96875
68,0.90625
69,0.78125
70,0.875
71,0.96875
72,0.9375
73,0.9375
74,1.0
75,1.0
76,1.0
77,1.0
78,0.9375
79,0.90625
80,0.90625
81,0.9375
82,0.875
83,0.96875
84,0.96875
85,0.9375
86,0.84375
87,0.90625
88,0.875
89,0.875
90,0.84375
91,0.96875
92,0.9375
93,1.0
94,0.9375
95,0.84375
96,0.90625
97,0.9375
98,1.0
99,1.0
100,0.96875
101,0.96875
102,1.0
103,1.0
104,0.9375
105,0.9375
106,1.0
107,0.96875
108,0.96875
109,0.9375
110,0.9375
111,0.9375
112,0.96875
113,0.9375
114,0.875
115,0.71875
116,0.75
117,0.78125
118,0.84375
119,0.8125
120,0.875
121,0.9375
122,0.90625
123,0.9375
124,0.96875
125,1.0
126,0.875
127,0.9375
128,0.9375
129,0.96875
130,0.9375
131,0.875
132,0.78125
133,0.84375
134,0.875
135,0.8125
136,0.90625
137,0.9375
138,0.96875
139,0.96875
140,0.96875
141,0.96875
142,0.96875
143,1.0
144,0.96875
145,1.0
146,0.75
147,0.96875
148,0.96875
149,1.0
150,0.9375
151,0.9375
152,0.9375
153,0.9375
154,0.96875
155,0.96875
156,0.90625
157,0.96875
158,0.96875
159,0.96875
160,0.96875
161,0.875
162,0.90625
163,0.8125
164,0.875
165,0.9375
166,0.65625
167,0.59375
168,0.59375
169,0.84375
170,0.90625
171,0.9375
172,0.90625
173,0.84375
174,0.84375
175,0.96875
176,0.96875
177,0.96875
178,0.96875
179,0.90625
180,0.875
181,0.9375
182,0.875
183,0.9375
184,0.96875
185,1.0
186,0.96875
187,0.90625
188,0.96875
189,0.90625
190,0.875
191,0.96875
192,1.0
193,1.0
194,1.0
195,0.96875
196,1.0
197,0.9375
198,0.9375
199,1.0
200,0.9375
201,0.90625
202,0.78125
203,0.875
204,0.9375
205,0.9375
206,0.9375
207,0.90625
208,1.0
209,1.0
210,0.96875
211,1.0
212,0.96875
213,1.0
214,0.9375
215,0.96875
216,0.8125
217,0.71875
218,0.71875
219,0.84375
220,0.90625
221,0.9375
222,0.96875
223,0.9375
224,0.9375
225,0.96875
226,1.0
227,1.0
228,1.0
229,0.96875
230,0.71875
231,0.75
232,0.8125
233,0.5625
234,0.625
235,0.46875
236,0.625
237,0.84375
238,0.96875
239,0.96875
240,0.96875
241,0.96875
242,0.9375
243,0.9375
244,0.9375
245,0.90625
246,0.96875
247,1.0
248,1.0
249,0.78125
250,0.71875
251,0.9375
252,1.0
253,0.96875
254,0.9375
255,0.875
256,0.875
257,0.875
258,0.875
259,0.875
260,0.9375
261,0.84375
262,0.625
263,0.53125
264,0.5625
265,0.53125
266,0.40625
267,0.625
268,0.59375
269,0.625
270,0.78125
271,0.90625
272,0.875
273,0.9375
274,0.84375
275,0.75
276,0.75
277,0.59375
278,0.5625
279,0.5625
280,0.75
281,0.78125
282,0.875
283,0.9375
284,0.90625
285,0.84375
286,0.8125
287,0.84375
288,0.8125
289,0.78125
290,0.875
291,0.875
292,0.96875
293,0.875
294,0.96875
295,0.90625
296,0.90625
297,0.875
298,0.875
299,0.75
300,0.6875
301,0.65625
302,0.71875
303,0.625
304,0.875
305,0.90625
306,0.9375
307,1.0
308,0.96875
309,1.0
310,0.96875
311,1.0
312,1.0
313,1.0
314,0.9375
315,0.9375
316,0.9375
317,0.96875
318,0.875
319,0.90625
320,0.96875
321,0.96875
322,1.0
323,0.9375
324,0.96875
325,0.96875
326,0.90625
327,0.90625
328,0.84375
329,0.8125
330,1.0
331,0.96875
332,0.90625
333,0.84375
334,0.8125
335,0.90625
336,0.9375
337,0.96875
338,0.96875
339,0.96875
340,0.90625
341,0.875
342,0.75
343,0.8125
344,0.78125
345,0.84375
346,0.875
347,0.78125
348,0.8125
349,0.75
350,0.53125
351,0.53125
352,0.40625
353,0.3125
354,0.34375
355,0.03125
356,0.0625
357,0.125
358,0.40625
359,0.46875
360,0.5
361,0.75
362,0.71875
363,0.65625
364,0.71875
365,0.78125
366,0.90625
367,0.875
368,0.875
369,0.75
370,0.9375
371,0.9375
372,0.875
373,0.90625
374,0.96875
375,0.9375
376,0.96875
377,0.96875
378,1.0
379,0.96875
380,0.9375
381,0.90625
382,0.84375
383,0.84375
384,0.84375
385,0.84375
386,0.78125
387,0.9375
388,0.90625
389,0.90625
390,0.9375
391,1.0
392,0.90625
393,0.9375
394,0.90625
395,0.9375
396,1.0
397,0.96875
398,0.875
399,0.96875
400,0.9375
401,0.90625
402,0.8125
403,0.875
404,0.96875
405,0.96875
406,0.96875
407,0.96875
408,1.0
409,0.9375
410,0.9375
411,0.9375
412,0.90625
413,0.90625
414,0.9375
415,1.0
416,1.0
417,1.0
418,1.0
419,0.96875
420,0.96875
421,0.9375
422,0.9375
423,0.96875
424,0.90625
425,0.90625
426,0.90625
427,0.9375
428,0.90625
429,0.96875
430,0.96875
431,1.0
432,0.84375
433,0.75
434,0.84375
435,0.96875
436,0.96875
437,1.0
438,0.90625
439,0.90625
440,0.875
441,0.90625
442,0.875
443,0.8125
444,0.84375
445,0.8125
446,0.8125
447,0.8125
448,0.8125
449,0.8125
450,0.90625
451,0.875
452,0.8125
453,0.84375
454,0.90625
455,0.875
456,0.9375
457,0.875
458,0.96875
459,0.9375
460,0.96875
461,0.9375
462,0.90625
463,0.84375
464,0.84375
465,0.875
466,0.90625
467,0.96875
468,0.96875
469,1.0
470,1.0
471,0.90625
472,0.75
473,0.875
474,0.75
475,0.90625
476,0.875
477,0.9375
478,0.9375
479,0.90625
480,0.9375
481,0.875
482,0.875
483,0.875
484,0.90625
485,0.84375
486,0.8125
487,0.78125
488,0.90625
489,0.90625
490,0.8125
491,0.90625
492,0.9375
493,0.96875
494,0.96875
495,0.9375
496,0.9375
497,0.90625
498,0.84375
499,0.90625
500,0.9375
501,0.96875
502,1.0
503,0.9375
504,0.9375
505,1.0
506,0.96875
507,0.875
508,0.875
509,0.875
510,0.71875
511,0.84375
512,0.9375
513,0.96875
514,0.9375
515,1.0
516,1.0
517,0.96875
518,1.0
519,0.9375
520,0.9375
521,0.96875
522,0.9375
523,0.9375
524,1.0
525,1.0
526,0.9375
527,0.90625
528,0.9375
529,0.96875
530,0.96875
531,0.9375
532,0.96875
533,0.96875
534,0.90625
535,0.9375
536,0.96875
537,0.90625
538,1.0
539,0.875
540,0.875
541,0.9375
542,0.875
543,0.9375
544,0.90625
545,0.90625
546,0.90625
547,0.9375
548,0.96875
549,0.96875
550,0.96875
551,0.96875
552,0.96875
553,0.875
554,0.84375
555,0.875
556,0.875
557,0.90625
558,0.96875
559,0.96875
560,0.9375
561,0.875
562,0.9375
563,0.84375
564,0.96875
565,1.0
566,1.0
567,0.90625
568,0.96875
569,0.96875
570,0.875
571,0.90625
572,0.875
573,0.875
574,0.96875
575,1.0
576,0.96875
577,0.96875
578,0.71875
579,0.78125
580,0.6875
581,0.84375
582,0.9375
583,0.71875
584,0.625
585,0.8125
586,0.8125
587,0.9375
588,0.84375
589,0.9375
590,0.9375
591,0.96875
592,0.8125
593,0.78125
594,0.71875
595,0.78125
596,0.78125
597,0.84375
598,0.96875
599,1.0
600,0.96875
601,0.96875
602,1.0
603,1.0
604,1.0
605,1.0
606,1.0
607,0.96875
608,1.0
609,1.0
610,1.0
611,0.96875
612,1.0
613,0.90625
614,0.875
615,0.90625
616,0.84375
617,0.84375
618,0.90625
619,0.90625
620,0.90625
621,0.8125
622,0.71875
623,0.78125
624,0.875
625,0.875
626,0.90625
627,0.9375
628,0.9375
629,0.96875
630,0.84375
631,0.875
632,0.84375
633,0.90625
634,0.90625
635,0.90625
636,0.96875
637,0.9375
638,0.9375
639,0.90625
640,0.9375
641,0.9375
642,1.0
643,0.84375
644,0.84375
645,0.90625
646,0.8125
647,0.90625
648,0.96875
649,0.90625
650,0.90625
651,0.96875
652,1.0
653,1.0
654,0.96875
655,1.0
656,0.90625
657,0.8125
658,0.90625
659,0.9375
660,0.96875
661,1.0
662,0.96875
663,0.84375
664,0.90625
665,0.96875
666,0.9375
667,0.96875
668,0.96875
669,0.96875
670,1.0
671,1.0
672,0.96875
673,0.96875
674,1.0
675,0.9375
676,0.9375
677,0.90625
678,0.90625
679,0.90625
680,0.90625
681,0.9375
682,0.90625
683,0.78125
684,0.875
685,0.84375
686,0.78125
687,0.9375
688,0.8125
689,0.875
690,0.875
691,0.84375
692,0.78125
693,0.8125
694,0.8125
695,0.96875
696,1.0
697,0.96875
698,0.96875
699,0.8125
700,0.625
701,0.625
702,0.6875
703,0.78125
704,0.5625
705,0.71875
706,0.90625
707,0.875
708,0.9375
709,0.96875
710,1.0
711,0.96875
712,0.96875
713,1.0
714,0.9375
715,0.8125
716,0.8125
717,0.46875
718,0.71875
719,0.71875
720,0.8125
721,0.9375
722,0.8125
723,0.96875
724,0.96875
725,0.9375
726,0.90625
727,0.84375
728,0.96875
729,0.9375
730,0.90625
731,1.0
732,0.96875
733,0.96875
734,1.0
735,1.0
736,0.9375
737,0.90625
738,0.90625
739,0.90625
740,0.96875
741,0.9375
742,0.84375
743,0.875
744,0.90625
745,0.9375
746,0.875
747,0.84375
748,0.84375
749,0.90625
750,0.96875
751,1.0
752,0.875
753,1.0
754,1.0
755,0.84375
756,0.84375
757,0.96875
758,1.0
759,0.875
760,0.90625
761,0.90625
762,0.875
763,0.90625
764,0.96875
765,0.96875
766,0.96875
767,0.96875
768,0.96875
769,0.96875
770,0.96875
771,0.9375
772,0.84375
773,0.65625
774,0.8125
775,0.875
776,0.90625
777,0.9375
778,0.90625
779,0.90625
780,0.90625
781,0.875
782,1.0
783,0.96875
784,0.90625
785,0.9375
786,0.84375
787,0.75
788,0.84375
789,0.84375
790,0.90625
791,0.9375
792,1.0
793,1.0
794,0.9375
795,0.9375
796,0.96875
797,0.96875
798,0.90625
799,0.9375
800,0.9375
801,0.96875
802,0.9375
803,0.875
804,0.9375
805,1.0
806,0.9375
807,0.9375
808,0.9375
809,1.0
810,0.96875
811,0.84375
812,0.875
813,0.78125
814,0.6875
815,0.78125
816,0.84375
817,0.90625
818,0.9375
819,0.875
820,0.84375
821,0.84375
822,0.8125
823,0.875
824,0.78125
825,0.8125
826,0.84375
827,0.90625
828,0.875
829,0.875
830,0.96875
831,0.9375
832,0.90625
833,0.84375
834,0.9375
835,0.96875
836,0.96875
837,0.96875
838,0.9375
839,0.9375
840,0.75
841,0.875
842,0.84375
843,0.84375
844,0.84375
845,0.78125
846,0.875
847,0.84375
848,0.875
849,0.90625
850,0.96875
851,0.9375
852,0.9375
853,0.90625
854,0.9375
855,0.90625
856,0.875
857,0.75
858,0.78125
859,0.8125
860,0.875
861,0.8125
862,0.71875
863,0.84375
864,0.8125
865,1.0
866,1.0
867,0.96875
868,0.96875
869,0.90625
870,0.96875
871,0.9375
872,0.875
873,0.9375
874,0.96875
875,0.96875
876,0.84375
877,0.96875
878,0.9375
879,0.96875
880,0.96875
881,0.96875
882,0.90625
883,0.96875
884,1.0
885,0.96875
886,0.90625
887,0.875
888,0.9375
889,1.0
890,0.9375
891,1.0
892,0.90625
893,0.90625
894,0.96875
895,0.96875
896,0.9375
897,0.875
898,0.90625
899,0.9375
900,1.0
901,0.84375
902,0.90625
903,0.90625
904,0.96875
905,1.0
906,1.0
907,0.9375
908,0.90625
909,0.9375
910,0.90625
911,1.0
912,0.96875
913,0.96875
914,0.875
915,0.90625
916,0.875
917,0.875
918,0.96875
919,0.96875
920,1.0
921,1.0
922,1.0
923,0.96875
924,0.90625
925,0.84375
926,0.90625
927,0.90625
928,0.9375
929,0.90625
930,0.9375
931,0.875
932,0.8125
933,0.84375
934,0.9375
935,0.96875
936,1.0
937,0.9375
938,0.90625
939,0.90625
940,0.96875
941,0.9375
942,0.96875
943,0.96875
944,0.9375
945,1.0
946,1.0
947,0.96875
948,0.96875
949,0.84375
950,0.78125
951,0.75
952,0.90625
953,0.90625
954,0.84375
955,1.0
956,0.96875
957,0.96875
958,0.90625
959,0.90625
960,0.9375
961,1.0
962,0.9375
963,0.84375
964,0.9375
965,0.90625
966,0.875
967,0.96875
968,0.9375
969,0.90625
970,0.96875
971,1.0
972,1.0
973,0.90625
974,0.875
975,0.9375
976,0.9375
977,1.0
978,0.96875
979,1.0
980,0.96875
981,1.0
982,0.96875
983,1.0
984,1.0
985,0.9375
986,1.0
987,0.9375
988,0.9375
989,0.96875
990,0.96875
991,0.84375
992,0.84375
993,0.9375
994,1.0
995,0.96875
996,1.0
997,0.9375
998,0.9375
999,0.84375
