,Absolute Magnetisations Per Spin
0,1.0
1,1.0
2,1.0
3,1.0
4,0.90625
5,0.96875
6,0.96875
7,1.0
8,1.0
9,1.0
10,1.0
11,0.96875
12,1.0
13,1.0
14,1.0
15,1.0
16,1.0
17,1.0
18,0.96875
19,1.0
20,1.0
21,1.0
22,1.0
23,1.0
24,1.0
25,1.0
26,1.0
27,0.96875
28,0.96875
29,0.96875
30,0.96875
31,1.0
32,0.96875
33,0.96875
34,0.9375
35,1.0
36,0.96875
37,0.875
38,0.9375
39,0.96875
40,0.96875
41,0.96875
42,1.0
43,0.90625
44,0.9375
45,0.875
46,0.96875
47,1.0
48,1.0
49,1.0
50,1.0
51,1.0
52,1.0
53,0.96875
54,1.0
55,1.0
56,0.90625
57,0.96875
58,0.96875
59,0.96875
60,0.96875
61,0.96875
62,0.9375
63,0.96875
64,1.0
65,0.96875
66,0.9375
67,1.0
68,1.0
69,1.0
70,1.0
71,0.96875
72,1.0
73,1.0
74,0.96875
75,0.96875
76,0.96875
77,1.0
78,1.0
79,0.9375
80,0.96875
81,1.0
82,0.96875
83,0.9375
84,0.96875
85,1.0
86,0.96875
87,0.96875
88,0.9375
89,0.9375
90,0.9375
91,1.0
92,0.875
93,0.90625
94,0.9375
95,1.0
96,1.0
97,1.0
98,0.96875
99,0.96875
100,1.0
101,0.96875
102,0.9375
103,0.9375
104,0.96875
105,0.9375
106,0.96875
107,1.0
108,1.0
109,0.96875
110,0.9375
111,0.9375
112,0.96875
113,1.0
114,1.0
115,1.0
116,1.0
117,1.0
118,1.0
119,1.0
120,1.0
121,1.0
122,1.0
123,1.0
124,0.96875
125,0.9375
126,0.96875
127,1.0
128,1.0
129,1.0
130,1.0
131,0.96875
132,0.96875
133,0.96875
134,1.0
135,1.0
136,0.96875
137,0.96875
138,1.0
139,0.9375
140,0.875
141,0.84375
142,0.84375
143,0.84375
144,0.9375
145,0.96875
146,0.96875
147,0.96875
148,1.0
149,1.0
150,0.96875
151,1.0
152,0.9375
153,1.0
154,1.0
155,1.0
156,0.96875
157,1.0
158,1.0
159,1.0
160,1.0
161,0.96875
162,1.0
163,1.0
164,1.0
165,0.96875
166,0.96875
167,0.96875
168,0.96875
169,0.96875
170,0.96875
171,0.875
172,0.8125
173,0.78125
174,0.875
175,0.96875
176,0.9375
177,0.9375
178,0.9375
179,1.0
180,1.0
181,0.96875
182,0.96875
183,0.96875
184,0.9375
185,0.8125
186,0.84375
187,0.90625
188,0.90625
189,1.0
190,1.0
191,1.0
192,1.0
193,0.96875
194,1.0
195,1.0
196,1.0
197,1.0
198,0.9375
199,0.96875
200,1.0
201,0.96875
202,0.9375
203,1.0
204,1.0
205,1.0
206,1.0
207,0.96875
208,0.875
209,0.96875
210,0.84375
211,0.90625
212,0.96875
213,1.0
214,0.96875
215,1.0
216,1.0
217,1.0
218,1.0
219,0.96875
220,0.90625
221,0.96875
222,1.0
223,1.0
224,0.96875
225,1.0
226,1.0
227,0.9375
228,0.90625
229,0.9375
230,0.9375
231,0.96875
232,1.0
233,1.0
234,1.0
235,0.96875
236,0.96875
237,0.84375
238,1.0
239,0.90625
240,1.0
241,1.0
242,1.0
243,0.96875
244,1.0
245,0.96875
246,1.0
247,0.96875
248,0.9375
249,0.90625
250,0.96875
251,0.9375
252,1.0
253,0.96875
254,0.96875
255,1.0
256,1.0
257,1.0
258,1.0
259,1.0
260,1.0
261,0.96875
262,0.96875
263,0.96875
264,0.96875
265,0.90625
266,0.9375
267,0.875
268,0.9375
269,0.9375
270,0.96875
271,0.96875
272,0.96875
273,0.96875
274,1.0
275,1.0
276,0.96875
277,0.96875
278,0.96875
279,1.0
280,1.0
281,0.96875
282,0.9375
283,0.96875
284,0.96875
285,0.9375
286,0.96875
287,0.96875
288,0.9375
289,0.9375
290,1.0
291,0.96875
292,0.96875
293,1.0
294,1.0
295,1.0
296,0.96875
297,0.96875
298,1.0
299,1.0
300,1.0
301,1.0
302,1.0
303,1.0
304,0.96875
305,0.96875
306,1.0
307,1.0
308,0.96875
309,1.0
310,0.96875
311,0.84375
312,0.96875
313,1.0
314,1.0
315,1.0
316,0.96875
317,0.96875
318,0.9375
319,0.875
320,0.875
321,1.0
322,1.0
323,0.96875
324,0.96875
325,0.96875
326,0.96875
327,1.0
328,1.0
329,0.96875
330,0.96875
331,0.875
332,0.96875
333,0.875
334,0.875
335,0.875
336,0.9375
337,1.0
338,1.0
339,1.0
340,1.0
341,1.0
342,1.0
343,1.0
344,1.0
345,1.0
346,1.0
347,1.0
348,0.9375
349,0.90625
350,0.96875
351,0.96875
352,0.8125
353,0.875
354,0.96875
355,0.96875
356,1.0
357,1.0
358,1.0
359,1.0
360,0.96875
361,1.0
362,0.96875
363,1.0
364,1.0
365,1.0
366,1.0
367,1.0
368,1.0
369,1.0
370,1.0
371,0.96875
372,1.0
373,0.96875
374,0.90625
375,1.0
376,1.0
377,1.0
378,0.96875
379,0.9375
380,0.84375
381,0.9375
382,0.96875
383,1.0
384,0.96875
385,0.9375
386,0.90625
387,0.9375
388,1.0
389,0.96875
390,0.96875
391,1.0
392,1.0
393,1.0
394,0.96875
395,1.0
396,0.96875
397,1.0
398,0.96875
399,0.9375
400,0.90625
401,0.8125
402,0.8125
403,0.875
404,0.875
405,0.96875
406,0.875
407,0.9375
408,0.90625
409,0.96875
410,1.0
411,1.0
412,1.0
413,1.0
414,0.96875
415,0.96875
416,1.0
417,1.0
418,1.0
419,1.0
420,1.0
421,1.0
422,1.0
423,1.0
424,1.0
425,1.0
426,1.0
427,1.0
428,0.9375
429,1.0
430,0.96875
431,0.96875
432,0.9375
433,0.90625
434,0.9375
435,1.0
436,0.875
437,0.90625
438,1.0
439,1.0
440,0.96875
441,1.0
442,1.0
443,1.0
444,1.0
445,0.96875
446,0.90625
447,0.96875
448,1.0
449,0.96875
450,1.0
451,0.9375
452,0.9375
453,0.9375
454,0.96875
455,0.90625
456,0.9375
457,0.9375
458,1.0
459,1.0
460,1.0
461,1.0
462,0.96875
463,0.9375
464,0.90625
465,0.96875
466,1.0
467,1.0
468,0.96875
469,0.9375
470,0.90625
471,0.90625
472,0.9375
473,1.0
474,1.0
475,1.0
476,1.0
477,1.0
478,0.96875
479,1.0
480,1.0
481,1.0
482,1.0
483,1.0
484,1.0
485,1.0
486,1.0
487,0.9375
488,1.0
489,1.0
490,1.0
491,0.96875
492,0.9375
493,0.96875
494,0.9375
495,0.9375
496,0.96875
497,0.96875
498,1.0
499,1.0
500,1.0
501,1.0
502,1.0
503,0.9375
504,0.84375
505,0.90625
506,0.90625
507,0.96875
508,1.0
509,0.96875
510,0.96875
511,1.0
512,0.90625
513,1.0
514,0.96875
515,0.96875
516,1.0
517,1.0
518,1.0
519,1.0
520,1.0
521,0.96875
522,1.0
523,1.0
524,1.0
525,0.96875
526,1.0
527,0.96875
528,1.0
529,0.96875
530,1.0
531,1.0
532,1.0
533,1.0
534,0.96875
535,1.0
536,1.0
537,1.0
538,1.0
539,1.0
540,0.96875
541,0.9375
542,1.0
543,0.96875
544,0.9375
545,1.0
546,1.0
547,1.0
548,0.9375
549,0.875
550,0.96875
551,0.875
552,0.90625
553,0.96875
554,0.9375
555,0.9375
556,0.96875
557,1.0
558,1.0
559,0.90625
560,0.9375
561,0.96875
562,1.0
563,1.0
564,1.0
565,0.96875
566,0.96875
567,0.96875
568,1.0
569,1.0
570,0.96875
571,1.0
572,0.9375
573,0.90625
574,1.0
575,0.96875
576,0.9375
577,0.96875
578,1.0
579,1.0
580,1.0
581,1.0
582,1.0
583,1.0
584,1.0
585,1.0
586,1.0
587,1.0
588,1.0
589,0.96875
590,1.0
591,1.0
592,0.96875
593,0.96875
594,0.96875
595,0.96875
596,0.9375
597,0.96875
598,0.96875
599,0.90625
600,1.0
601,1.0
602,1.0
603,1.0
604,1.0
605,1.0
606,1.0
607,1.0
608,0.96875
609,1.0
610,1.0
611,1.0
612,1.0
613,1.0
614,1.0
615,0.96875
616,0.96875
617,1.0
618,1.0
619,0.90625
620,0.96875
621,0.90625
622,0.90625
623,0.90625
624,0.90625
625,0.9375
626,0.96875
627,0.96875
628,0.96875
629,1.0
630,1.0
631,1.0
632,1.0
633,0.90625
634,0.96875
635,1.0
636,0.96875
637,1.0
638,0.96875
639,1.0
640,1.0
641,1.0
642,1.0
643,1.0
644,1.0
645,1.0
646,0.90625
647,1.0
648,0.96875
649,0.96875
650,1.0
651,1.0
652,1.0
653,0.96875
654,1.0
655,1.0
656,1.0
657,1.0
658,1.0
659,0.96875
660,0.9375
661,1.0
662,1.0
663,1.0
664,0.96875
665,1.0
666,0.96875
667,0.96875
668,1.0
669,1.0
670,1.0
671,0.96875
672,0.96875
673,1.0
674,1.0
675,1.0
676,0.96875
677,0.96875
678,1.0
679,0.96875
680,0.9375
681,1.0
682,1.0
683,0.9375
684,0.96875
685,0.9375
686,0.90625
687,0.875
688,0.90625
689,0.90625
690,0.96875
691,0.9375
692,0.96875
693,0.90625
694,0.90625
695,1.0
696,1.0
697,1.0
698,1.0
699,1.0
700,1.0
701,1.0
702,0.96875
703,1.0
704,1.0
705,1.0
706,1.0
707,1.0
708,0.9375
709,0.9375
710,0.9375
711,0.96875
712,0.96875
713,0.96875
714,1.0
715,1.0
716,1.0
717,1.0
718,1.0
719,1.0
720,0.96875
721,0.96875
722,1.0
723,0.9375
724,0.9375
725,0.90625
726,0.96875
727,1.0
728,1.0
729,1.0
730,1.0
731,1.0
732,1.0
733,0.96875
734,0.96875
735,1.0
736,0.96875
737,0.9375
738,0.9375
739,0.96875
740,1.0
741,1.0
742,1.0
743,0.96875
744,0.96875
745,0.96875
746,0.96875
747,1.0
748,1.0
749,0.96875
750,0.96875
751,0.875
752,0.96875
753,0.96875
754,1.0
755,1.0
756,1.0
757,0.96875
758,1.0
759,1.0
760,0.90625
761,0.9375
762,1.0
763,1.0
764,1.0
765,1.0
766,1.0
767,1.0
768,0.96875
769,1.0
770,0.84375
771,0.84375
772,0.90625
773,0.875
774,0.9375
775,0.9375
776,0.96875
777,1.0
778,0.90625
779,0.96875
780,0.96875
781,1.0
782,0.96875
783,0.96875
784,0.96875
785,0.9375
786,0.96875
787,1.0
788,1.0
789,1.0
790,1.0
791,0.96875
792,0.96875
793,1.0
794,1.0
795,1.0
796,1.0
797,1.0
798,1.0
799,0.96875
800,0.9375
801,1.0
802,1.0
803,1.0
804,0.90625
805,0.90625
806,0.9375
807,0.9375
808,1.0
809,0.96875
810,0.90625
811,0.78125
812,0.84375
813,1.0
814,1.0
815,1.0
816,1.0
817,0.96875
818,0.9375
819,0.9375
820,0.9375
821,0.9375
822,1.0
823,0.96875
824,1.0
825,0.96875
826,1.0
827,1.0
828,1.0
829,0.90625
830,0.90625
831,0.9375
832,0.96875
833,0.96875
834,0.96875
835,0.96875
836,1.0
837,0.9375
838,0.9375
839,0.9375
840,0.90625
841,0.90625
842,0.84375
843,0.78125
844,0.90625
845,0.90625
846,0.9375
847,0.875
848,0.9375
849,1.0
850,1.0
851,1.0
852,1.0
853,0.96875
854,0.96875
855,0.96875
856,0.96875
857,0.96875
858,1.0
859,1.0
860,1.0
861,1.0
862,1.0
863,1.0
864,0.96875
865,1.0
866,1.0
867,1.0
868,1.0
869,0.9375
870,0.96875
871,1.0
872,1.0
873,1.0
874,0.96875
875,0.96875
876,1.0
877,0.96875
878,0.96875
879,1.0
880,1.0
881,1.0
882,1.0
883,0.96875
884,0.96875
885,1.0
886,1.0
887,1.0
888,1.0
889,0.96875
890,0.96875
891,0.9375
892,0.96875
893,1.0
894,1.0
895,0.96875
896,0.9375
897,0.9375
898,0.9375
899,0.875
900,0.96875
901,0.96875
902,1.0
903,0.96875
904,1.0
905,1.0
906,1.0
907,1.0
908,1.0
909,0.96875
910,0.96875
911,1.0
912,0.90625
913,0.90625
914,0.90625
915,0.90625
916,0.9375
917,1.0
918,1.0
919,0.96875
920,1.0
921,1.0
922,1.0
923,1.0
924,1.0
925,1.0
926,1.0
927,1.0
928,1.0
929,1.0
930,0.96875
931,0.9375
932,0.9375
933,0.9375
934,0.9375
935,1.0
936,1.0
937,1.0
938,1.0
939,0.96875
940,0.96875
941,0.96875
942,0.9375
943,1.0
944,1.0
945,0.96875
946,1.0
947,0.96875
948,0.96875
949,0.96875
950,0.96875
951,0.96875
952,0.96875
953,1.0
954,1.0
955,1.0
956,0.9375
957,1.0
958,1.0
959,1.0
960,1.0
961,0.96875
962,1.0
963,1.0
964,1.0
965,0.96875
966,1.0
967,1.0
968,0.96875
969,0.9375
970,1.0
971,0.96875
972,1.0
973,1.0
974,0.9375
975,1.0
976,1.0
977,1.0
978,1.0
979,0.9375
980,0.96875
981,0.96875
982,1.0
983,1.0
984,0.9375
985,1.0
986,1.0
987,0.9375
988,0.9375
989,0.96875
990,1.0
991,0.90625
992,0.96875
993,0.90625
994,0.9375
995,0.96875
996,0.96875
997,0.9375
998,1.0
999,1.0
