,Absolute Magnetisations Per Spin
0,0.9375
1,0.96875
2,0.9375
3,0.9375
4,0.96875
5,1.0
6,1.0
7,1.0
8,1.0
9,1.0
10,0.90625
11,0.875
12,0.8125
13,0.75
14,0.75
15,0.71875
16,0.9375
17,0.8125
18,0.9375
19,0.96875
20,0.9375
21,0.96875
22,0.875
23,0.875
24,0.8125
25,0.84375
26,0.875
27,0.84375
28,0.9375
29,1.0
30,1.0
31,0.90625
32,0.875
33,0.96875
34,0.90625
35,0.90625
36,0.84375
37,0.84375
38,0.875
39,0.9375
40,0.875
41,0.875
42,0.9375
43,0.96875
44,0.875
45,0.875
46,0.875
47,0.96875
48,1.0
49,0.96875
50,0.96875
51,0.90625
52,0.9375
53,0.90625
54,0.96875
55,0.90625
56,0.90625
57,0.96875
58,0.90625
59,1.0
60,0.875
61,1.0
62,1.0
63,0.96875
64,1.0
65,1.0
66,1.0
67,0.875
68,0.8125
69,0.90625
70,0.96875
71,0.96875
72,0.875
73,0.9375
74,0.875
75,0.875
76,0.90625
77,0.90625
78,0.90625
79,0.84375
80,0.8125
81,0.8125
82,0.71875
83,0.78125
84,0.84375
85,0.8125
86,0.84375
87,0.90625
88,0.90625
89,1.0
90,0.96875
91,1.0
92,0.9375
93,0.90625
94,0.9375
95,0.9375
96,0.96875
97,0.96875
98,0.9375
99,0.875
100,0.96875
101,0.90625
102,0.875
103,0.84375
104,0.9375
105,0.875
106,0.75
107,0.9375
108,0.9375
109,0.9375
110,0.9375
111,0.9375
112,0.9375
113,0.90625
114,0.9375
115,1.0
116,0.96875
117,0.9375
118,0.875
119,0.9375
120,0.8125
121,0.90625
122,1.0
123,0.96875
124,0.96875
125,0.9375
126,0.90625
127,0.9375
128,0.90625
129,0.9375
130,1.0
131,0.9375
132,1.0
133,1.0
134,1.0
135,1.0
136,1.0
137,0.96875
138,0.90625
139,0.9375
140,0.90625
141,0.9375
142,0.9375
143,0.90625
144,1.0
145,0.90625
146,0.8125
147,0.96875
148,0.9375
149,1.0
150,0.96875
151,0.96875
152,0.90625
153,0.90625
154,0.84375
155,0.875
156,0.90625
157,0.96875
158,0.96875
159,1.0
160,1.0
161,1.0
162,0.9375
163,0.84375
164,0.96875
165,0.875
166,0.875
167,0.9375
168,0.84375
169,0.9375
170,0.96875
171,1.0
172,1.0
173,1.0
174,1.0
175,1.0
176,1.0
177,0.96875
178,1.0
179,1.0
180,0.9375
181,0.96875
182,0.96875
183,0.9375
184,0.90625
185,0.9375
186,0.875
187,0.8125
188,0.9375
189,0.96875
190,0.96875
191,1.0
192,0.875
193,0.90625
194,0.96875
195,0.96875
196,0.96875
197,0.9375
198,1.0
199,1.0
200,0.96875
201,1.0
202,1.0
203,0.96875
204,0.9375
205,0.96875
206,0.96875
207,1.0
208,0.9375
209,0.96875
210,0.8125
211,0.96875
212,1.0
213,1.0
214,1.0
215,1.0
216,0.96875
217,0.90625
218,0.96875
219,1.0
220,1.0
221,0.9375
222,0.96875
223,0.84375
224,0.96875
225,1.0
226,1.0
227,1.0
228,0.875
229,0.9375
230,0.90625
231,0.9375
232,0.96875
233,0.90625
234,1.0
235,1.0
236,0.9375
237,0.90625
238,0.875
239,0.90625
240,0.90625
241,0.96875
242,0.9375
243,0.9375
244,0.96875
245,1.0
246,0.90625
247,0.9375
248,1.0
249,1.0
250,0.96875
251,0.90625
252,0.96875
253,0.96875
254,0.96875
255,1.0
256,1.0
257,0.96875
258,0.96875
259,0.9375
260,0.96875
261,0.9375
262,1.0
263,1.0
264,0.96875
265,1.0
266,0.96875
267,0.90625
268,0.96875
269,0.9375
270,0.96875
271,0.9375
272,0.96875
273,0.9375
274,0.875
275,0.875
276,0.96875
277,1.0
278,1.0
279,0.875
280,0.875
281,0.9375
282,0.90625
283,0.90625
284,0.96875
285,1.0
286,0.96875
287,0.9375
288,0.90625
289,0.84375
290,0.84375
291,1.0
292,0.9375
293,0.8125
294,0.84375
295,0.875
296,0.96875
297,1.0
298,0.90625
299,0.96875
300,1.0
301,1.0
302,1.0
303,1.0
304,0.9375
305,0.96875
306,1.0
307,0.96875
308,1.0
309,0.9375
310,0.9375
311,0.8125
312,0.78125
313,0.9375
314,0.96875
315,0.96875
316,1.0
317,1.0
318,1.0
319,0.875
320,0.9375
321,0.96875
322,1.0
323,1.0
324,1.0
325,1.0
326,1.0
327,0.96875
328,0.9375
329,0.9375
330,0.96875
331,0.90625
332,0.96875
333,1.0
334,0.96875
335,0.9375
336,1.0
337,1.0
338,1.0
339,0.9375
340,0.9375
341,0.90625
342,0.96875
343,1.0
344,0.96875
345,0.96875
346,0.9375
347,0.9375
348,0.90625
349,0.96875
350,0.9375
351,0.90625
352,0.90625
353,0.96875
354,0.9375
355,0.96875
356,0.96875
357,0.96875
358,0.9375
359,0.96875
360,0.90625
361,0.875
362,0.9375
363,0.96875
364,0.9375
365,0.9375
366,0.875
367,0.8125
368,0.8125
369,0.84375
370,0.90625
371,1.0
372,1.0
373,1.0
374,0.9375
375,0.96875
376,1.0
377,1.0
378,1.0
379,1.0
380,1.0
381,1.0
382,0.9375
383,0.90625
384,0.90625
385,0.875
386,0.96875
387,1.0
388,1.0
389,0.9375
390,0.90625
391,0.9375
392,0.90625
393,0.84375
394,0.84375
395,0.96875
396,1.0
397,0.9375
398,0.90625
399,0.90625
400,0.96875
401,1.0
402,1.0
403,1.0
404,1.0
405,1.0
406,1.0
407,0.96875
408,1.0
409,0.875
410,0.8125
411,0.71875
412,0.875
413,0.84375
414,0.84375
415,0.90625
416,1.0
417,0.9375
418,0.9375
419,0.96875
420,1.0
421,0.9375
422,0.96875
423,0.96875
424,0.96875
425,0.8125
426,0.9375
427,0.96875
428,0.875
429,0.9375
430,0.96875
431,0.96875
432,0.96875
433,0.96875
434,0.9375
435,0.96875
436,0.90625
437,0.8125
438,0.8125
439,0.9375
440,0.90625
441,0.6875
442,0.5625
443,0.53125
444,0.5
445,0.53125
446,0.59375
447,0.625
448,0.96875
449,0.9375
450,1.0
451,1.0
452,0.96875
453,1.0
454,1.0
455,1.0
456,0.9375
457,0.96875
458,1.0
459,0.90625
460,0.90625
461,0.90625
462,0.90625
463,0.96875
464,1.0
465,1.0
466,1.0
467,1.0
468,1.0
469,0.90625
470,1.0
471,0.96875
472,0.9375
473,0.9375
474,0.96875
475,0.9375
476,0.9375
477,0.9375
478,0.96875
479,1.0
480,1.0
481,0.96875
482,0.96875
483,1.0
484,1.0
485,0.9375
486,0.96875
487,0.9375
488,0.96875
489,1.0
490,1.0
491,0.90625
492,0.9375
493,0.78125
494,0.9375
495,0.90625
496,0.9375
497,1.0
498,1.0
499,1.0
500,0.96875
501,0.75
502,0.78125
503,0.8125
504,0.90625
505,0.96875
506,0.96875
507,0.90625
508,0.84375
509,0.96875
510,1.0
511,0.96875
512,0.84375
513,0.90625
514,0.96875
515,0.96875
516,0.96875
517,0.96875
518,1.0
519,0.9375
520,0.96875
521,0.96875
522,1.0
523,1.0
524,1.0
525,0.96875
526,0.9375
527,0.96875
528,0.96875
529,0.9375
530,0.875
531,0.90625
532,0.9375
533,0.9375
534,0.96875
535,0.96875
536,0.90625
537,0.9375
538,0.96875
539,0.96875
540,0.96875
541,0.96875
542,0.9375
543,0.875
544,0.875
545,0.875
546,0.75
547,0.65625
548,0.65625
549,0.6875
550,0.84375
551,0.9375
552,0.78125
553,0.5625
554,0.6875
555,0.4375
556,0.5625
557,0.59375
558,0.78125
559,0.875
560,0.78125
561,0.90625
562,0.9375
563,0.96875
564,0.96875
565,0.96875
566,1.0
567,0.96875
568,0.9375
569,0.96875
570,0.9375
571,0.875
572,0.9375
573,0.96875
574,0.9375
575,0.9375
576,0.9375
577,0.96875
578,0.84375
579,0.96875
580,0.84375
581,0.8125
582,0.875
583,0.96875
584,1.0
585,0.96875
586,1.0
587,1.0
588,1.0
589,1.0
590,0.96875
591,0.90625
592,0.96875
593,1.0
594,1.0
595,0.9375
596,0.9375
597,0.9375
598,0.90625
599,0.875
600,0.875
601,0.875
602,0.875
603,0.84375
604,0.84375
605,0.9375
606,0.9375
607,0.96875
608,0.875
609,0.71875
610,0.875
611,0.90625
612,0.875
613,0.9375
614,0.96875
615,0.96875
616,1.0
617,0.9375
618,0.90625
619,0.96875
620,0.96875
621,0.96875
622,0.96875
623,0.96875
624,1.0
625,1.0
626,1.0
627,0.96875
628,0.96875
629,0.9375
630,0.875
631,0.84375
632,0.84375
633,0.90625
634,0.96875
635,0.875
636,0.9375
637,0.9375
638,0.875
639,0.90625
640,0.9375
641,0.96875
642,0.96875
643,1.0
644,1.0
645,0.96875
646,1.0
647,0.96875
648,0.90625
649,0.96875
650,1.0
651,0.90625
652,0.96875
653,1.0
654,1.0
655,0.9375
656,1.0
657,1.0
658,0.96875
659,0.9375
660,0.875
661,0.96875
662,1.0
663,1.0
664,0.96875
665,1.0
666,0.96875
667,1.0
668,0.9375
669,0.90625
670,0.90625
671,1.0
672,1.0
673,1.0
674,0.9375
675,0.9375
676,0.90625
677,0.9375
678,1.0
679,0.96875
680,1.0
681,0.96875
682,1.0
683,1.0
684,0.96875
685,0.90625
686,0.90625
687,0.84375
688,0.90625
689,0.75
690,0.84375
691,0.96875
692,0.9375
693,0.96875
694,0.90625
695,0.96875
696,1.0
697,1.0
698,0.84375
699,0.78125
700,0.90625
701,0.9375
702,1.0
703,1.0
704,0.96875
705,0.90625
706,0.9375
707,0.96875
708,0.96875
709,0.9375
710,0.90625
711,0.9375
712,1.0
713,1.0
714,0.9375
715,0.84375
716,0.71875
717,0.75
718,0.84375
719,0.84375
720,0.8125
721,0.875
722,0.875
723,0.96875
724,0.96875
725,0.96875
726,0.96875
727,0.96875
728,1.0
729,0.9375
730,0.875
731,0.84375
732,0.9375
733,0.90625
734,0.8125
735,0.71875
736,0.6875
737,0.71875
738,0.90625
739,0.90625
740,0.71875
741,0.6875
742,0.84375
743,0.84375
744,0.8125
745,0.90625
746,0.90625
747,0.90625
748,0.96875
749,0.9375
750,0.96875
751,1.0
752,1.0
753,1.0
754,0.9375
755,0.90625
756,1.0
757,1.0
758,1.0
759,1.0
760,0.90625
761,0.84375
762,0.9375
763,0.84375
764,0.90625
765,0.875
766,0.90625
767,0.90625
768,0.8125
769,0.9375
770,1.0
771,0.96875
772,0.875
773,0.96875
774,1.0
775,1.0
776,0.9375
777,0.96875
778,0.875
779,0.90625
780,0.875
781,0.875
782,0.90625
783,0.84375
784,0.8125
785,0.6875
786,0.65625
787,0.78125
788,0.875
789,0.9375
790,0.96875
791,0.96875
792,1.0
793,1.0
794,1.0
795,0.96875
796,0.875
797,0.84375
798,1.0
799,1.0
800,1.0
801,0.9375
802,0.9375
803,0.90625
804,0.9375
805,0.96875
806,0.96875
807,0.96875
808,0.78125
809,0.90625
810,0.96875
811,0.96875
812,0.9375
813,0.90625
814,0.90625
815,0.96875
816,0.875
817,0.75
818,0.90625
819,0.90625
820,0.84375
821,0.96875
822,1.0
823,1.0
824,1.0
825,0.96875
826,0.96875
827,0.9375
828,0.9375
829,1.0
830,1.0
831,0.96875
832,0.90625
833,0.875
834,0.9375
835,0.90625
836,0.9375
837,0.875
838,0.875
839,0.96875
840,1.0
841,0.96875
842,1.0
843,0.96875
844,0.96875
845,1.0
846,0.96875
847,0.9375
848,1.0
849,1.0
850,0.875
851,0.90625
852,0.96875
853,1.0
854,1.0
855,0.96875
856,0.9375
857,1.0
858,1.0
859,1.0
860,0.96875
861,0.84375
862,0.96875
863,1.0
864,1.0
865,0.875
866,0.875
867,1.0
868,0.9375
869,0.9375
870,0.96875
871,0.9375
872,0.90625
873,0.96875
874,0.96875
875,0.96875
876,1.0
877,1.0
878,1.0
879,1.0
880,0.96875
881,0.9375
882,0.84375
883,0.90625
884,0.84375
885,0.84375
886,0.75
887,0.6875
888,0.71875
889,0.65625
890,0.5
891,0.75
892,0.8125
893,0.90625
894,1.0
895,1.0
896,0.9375
897,0.96875
898,0.96875
899,0.96875
900,0.96875
901,1.0
902,0.9375
903,0.9375
904,0.96875
905,0.9375
906,0.8125
907,0.875
908,0.875
909,0.90625
910,0.96875
911,0.96875
912,1.0
913,1.0
914,1.0
915,1.0
916,1.0
917,1.0
918,1.0
919,1.0
920,0.875
921,0.875
922,0.96875
923,1.0
924,1.0
925,1.0
926,0.9375
927,1.0
928,0.96875
929,0.96875
930,1.0
931,1.0
932,0.96875
933,1.0
934,0.96875
935,0.90625
936,0.96875
937,0.90625
938,0.875
939,0.875
940,0.96875
941,1.0
942,1.0
943,0.90625
944,0.96875
945,0.96875
946,0.96875
947,1.0
948,1.0
949,0.96875
950,0.90625
951,0.96875
952,0.96875
953,0.96875
954,0.96875
955,1.0
956,1.0
957,0.9375
958,0.90625
959,0.96875
960,1.0
961,1.0
962,0.9375
963,0.90625
964,0.78125
965,0.53125
966,0.5
967,0.75
968,0.84375
969,0.90625
970,0.9375
971,0.9375
972,0.90625
973,0.9375
974,0.9375
975,0.96875
976,0.96875
977,0.96875
978,0.875
979,0.9375
980,0.9375
981,0.84375
982,0.9375
983,0.96875
984,0.9375
985,0.96875
986,1.0
987,0.96875
988,0.96875
989,1.0
990,0.96875
991,0.90625
992,0.90625
993,0.96875
994,0.9375
995,0.90625
996,0.96875
997,0.96875
998,0.9375
999,0.9375
