,Absolute Magnetisations Per Spin
0,0.46875
1,0.40625
2,0.4375
3,0.34375
4,0.15625
5,0.25
6,0.09375
7,0.125
8,0.28125
9,0.09375
10,0.125
11,0.03125
12,0.0625
13,0.125
14,0.09375
15,0.125
16,0.09375
17,0.125
18,0.25
19,0.46875
20,0.21875
21,0.25
22,0.4375
23,0.3125
24,0.53125
25,0.5625
26,0.59375
27,0.53125
28,0.78125
29,0.5625
30,0.53125
31,0.59375
32,0.6875
33,0.65625
34,0.75
35,0.84375
36,0.9375
37,0.65625
38,0.625
39,0.5
40,0.5
41,0.5
42,0.625
43,0.75
44,0.90625
45,0.8125
46,0.8125
47,0.59375
48,0.4375
49,0.375
50,0.34375
51,0.15625
52,0.15625
53,0.0625
54,0.15625
55,0.09375
56,0.15625
57,0.03125
58,0.1875
59,0.34375
60,0.59375
61,0.4375
62,0.59375
63,0.71875
64,0.78125
65,0.59375
66,0.34375
67,0.28125
68,0.25
69,0.21875
70,0.3125
71,0.53125
72,0.71875
73,0.875
74,0.90625
75,0.875
76,0.875
77,0.84375
78,0.96875
79,0.875
80,0.875
81,0.90625
82,0.875
83,0.84375
84,0.84375
85,0.84375
86,0.75
87,0.875
88,0.6875
89,0.5
90,0.34375
91,0.25
92,0.3125
93,0.6875
94,0.4375
95,0.59375
96,0.75
97,0.875
98,0.84375
99,0.90625
100,0.84375
101,0.6875
102,0.625
103,0.5625
104,0.6875
105,0.375
106,0.59375
107,0.78125
108,0.65625
109,0.5
110,0.5
111,0.625
112,0.28125
113,0.28125
114,0.6875
115,0.5625
116,0.3125
117,0.15625
118,0.09375
119,0.34375
120,0.21875
121,0.0625
122,0.09375
123,0.125
124,0.125
125,0.1875
126,0.4375
127,0.09375
128,0.09375
129,0.40625
130,0.625
131,0.625
132,0.3125
133,0.03125
134,0.28125
135,0.0625
136,0.125
137,0.25
138,0.25
139,0.21875
140,0.09375
141,0.1875
142,0.0625
143,0.0
144,0.0625
145,0.0
146,0.09375
147,0.0625
148,0.15625
149,0.09375
150,0.15625
151,0.15625
152,0.21875
153,0.125
154,0.21875
155,0.28125
156,0.15625
157,0.0625
158,0.03125
159,0.0625
160,0.15625
161,0.21875
162,0.34375
163,0.28125
164,0.15625
165,0.15625
166,0.3125
167,0.25
168,0.03125
169,0.1875
170,0.40625
171,0.125
172,0.0
173,0.03125
174,0.21875
175,0.1875
176,0.03125
177,0.09375
178,0.09375
179,0.0
180,0.28125
181,0.21875
182,0.46875
183,0.09375
184,0.09375
185,0.15625
186,0.1875
187,0.03125
188,0.25
189,0.46875
190,0.53125
191,0.375
192,0.25
193,0.0
194,0.125
195,0.15625
196,0.25
197,0.34375
198,0.34375
199,0.625
200,0.5625
201,0.5
202,0.5625
203,0.3125
204,0.1875
205,0.0
206,0.03125
207,0.1875
208,0.28125
209,0.21875
210,0.15625
211,0.03125
212,0.21875
213,0.1875
214,0.03125
215,0.03125
216,0.03125
217,0.0625
218,0.09375
219,0.28125
220,0.375
221,0.4375
222,0.46875
223,0.4375
224,0.59375
225,0.4375
226,0.4375
227,0.5
228,0.5
229,0.5
230,0.53125
231,0.65625
232,0.90625
233,0.90625
234,0.84375
235,0.71875
236,0.59375
237,0.8125
238,0.53125
239,0.5625
240,0.28125
241,0.34375
242,0.0625
243,0.09375
244,0.0
245,0.21875
246,0.1875
247,0.4375
248,0.5
249,0.46875
250,0.3125
251,0.40625
252,0.53125
253,0.53125
254,0.3125
255,0.4375
256,0.40625
257,0.375
258,0.59375
259,0.4375
260,0.3125
261,0.1875
262,0.1875
263,0.09375
264,0.15625
265,0.1875
266,0.28125
267,0.15625
268,0.0625
269,0.21875
270,0.15625
271,0.25
272,0.34375
273,0.46875
274,0.46875
275,0.3125
276,0.25
277,0.34375
278,0.09375
279,0.28125
280,0.25
281,0.40625
282,0.15625
283,0.0
284,0.09375
285,0.46875
286,0.34375
287,0.4375
288,0.25
289,0.21875
290,0.0625
291,0.28125
292,0.4375
293,0.28125
294,0.03125
295,0.15625
296,0.25
297,0.0625
298,0.15625
299,0.5
300,0.46875
301,0.53125
302,0.53125
303,0.53125
304,0.53125
305,0.09375
306,0.03125
307,0.25
308,0.375
309,0.21875
310,0.03125
311,0.0
312,0.3125
313,0.28125
314,0.59375
315,0.625
316,0.53125
317,0.40625
318,0.71875
319,0.84375
320,0.8125
321,0.78125
322,0.78125
323,0.625
324,0.3125
325,0.53125
326,0.40625
327,0.5625
328,0.59375
329,0.46875
330,0.375
331,0.21875
332,0.53125
333,0.625
334,0.6875
335,0.6875
336,0.6875
337,0.6875
338,0.78125
339,0.78125
340,0.59375
341,0.46875
342,0.625
343,0.53125
344,0.53125
345,0.34375
346,0.40625
347,0.59375
348,0.75
349,0.6875
350,0.71875
351,0.8125
352,0.5625
353,0.375
354,0.03125
355,0.15625
356,0.03125
357,0.46875
358,0.625
359,0.40625
360,0.40625
361,0.1875
362,0.21875
363,0.28125
364,0.15625
365,0.15625
366,0.25
367,0.03125
368,0.1875
369,0.09375
370,0.125
371,0.03125
372,0.15625
373,0.40625
374,0.1875
375,0.15625
376,0.28125
377,0.3125
378,0.375
379,0.375
380,0.34375
381,0.34375
382,0.28125
383,0.40625
384,0.4375
385,0.3125
386,0.59375
387,0.40625
388,0.46875
389,0.4375
390,0.78125
391,0.71875
392,0.6875
393,0.59375
394,0.625
395,0.625
396,0.71875
397,0.46875
398,0.34375
399,0.09375
400,0.0625
401,0.09375
402,0.0625
403,0.09375
404,0.125
405,0.15625
406,0.0625
407,0.15625
408,0.28125
409,0.21875
410,0.25
411,0.28125
412,0.28125
413,0.1875
414,0.03125
415,0.1875
416,0.3125
417,0.09375
418,0.15625
419,0.09375
420,0.125
421,0.0625
422,0.15625
423,0.21875
424,0.25
425,0.1875
426,0.09375
427,0.28125
428,0.03125
429,0.0625
430,0.1875
431,0.09375
432,0.1875
433,0.125
434,0.34375
435,0.34375
436,0.34375
437,0.3125
438,0.5625
439,0.6875
440,0.8125
441,0.75
442,0.65625
443,0.46875
444,0.65625
445,0.84375
446,0.90625
447,0.65625
448,0.71875
449,0.75
450,0.84375
451,0.75
452,0.78125
453,0.6875
454,0.65625
455,0.53125
456,0.3125
457,0.375
458,0.5625
459,0.5625
460,0.40625
461,0.375
462,0.0625
463,0.03125
464,0.25
465,0.21875
466,0.15625
467,0.15625
468,0.34375
469,0.15625
470,0.375
471,0.4375
472,0.40625
473,0.375
474,0.28125
475,0.21875
476,0.3125
477,0.0625
478,0.03125
479,0.3125
480,0.5625
481,0.46875
482,0.5
483,0.59375
484,0.59375
485,0.6875
486,0.84375
487,0.8125
488,0.90625
489,0.9375
490,0.84375
491,0.65625
492,0.625
493,0.875
494,0.8125
495,0.78125
496,0.71875
497,0.625
498,0.59375
499,0.6875
500,0.8125
501,0.8125
502,0.90625
503,0.5625
504,0.6875
505,0.4375
506,0.4375
507,0.34375
508,0.5
509,0.71875
510,0.71875
511,0.75
512,0.8125
513,0.8125
514,0.875
515,0.75
516,0.625
517,0.40625
518,0.5625
519,0.40625
520,0.125
521,0.125
522,0.25
523,0.5
524,0.65625
525,0.625
526,0.625
527,0.71875
528,0.6875
529,0.75
530,0.71875
531,0.875
532,0.71875
533,0.78125
534,0.625
535,0.75
536,0.84375
537,0.625
538,0.5
539,0.625
540,0.78125
541,0.75
542,0.625
543,0.59375
544,0.6875
545,0.875
546,0.875
547,0.875
548,0.90625
549,0.6875
550,0.6875
551,0.8125
552,0.75
553,0.75
554,0.90625
555,0.90625
556,0.78125
557,0.46875
558,0.59375
559,0.5625
560,0.5
561,0.59375
562,0.75
563,0.75
564,0.59375
565,0.5625
566,0.625
567,0.5625
568,0.28125
569,0.09375
570,0.3125
571,0.34375
572,0.40625
573,0.5
574,0.34375
575,0.21875
576,0.25
577,0.4375
578,0.34375
579,0.5
580,0.46875
581,0.53125
582,0.59375
583,0.625
584,0.6875
585,0.84375
586,0.8125
587,0.75
588,0.5625
589,0.4375
590,0.4375
591,0.375
592,0.21875
593,0.15625
594,0.25
595,0.09375
596,0.09375
597,0.21875
598,0.09375
599,0.03125
600,0.09375
601,0.0
602,0.15625
603,0.5
604,0.34375
605,0.5625
606,0.40625
607,0.59375
608,0.625
609,0.65625
610,0.5625
611,0.8125
612,0.84375
613,0.90625
614,1.0
615,0.96875
616,0.96875
617,0.96875
618,0.90625
619,0.78125
620,0.625
621,0.65625
622,0.6875
623,0.5
624,0.46875
625,0.71875
626,0.6875
627,0.59375
628,0.5
629,0.3125
630,0.375
631,0.03125
632,0.03125
633,0.125
634,0.15625
635,0.15625
636,0.28125
637,0.21875
638,0.34375
639,0.53125
640,0.65625
641,0.46875
642,0.375
643,0.625
644,0.375
645,0.53125
646,0.4375
647,0.375
648,0.5625
649,0.5
650,0.28125
651,0.40625
652,0.5625
653,0.65625
654,0.8125
655,0.71875
656,0.6875
657,0.4375
658,0.6875
659,0.78125
660,0.90625
661,0.90625
662,0.6875
663,0.5
664,0.53125
665,0.46875
666,0.625
667,0.75
668,0.84375
669,0.71875
670,0.6875
671,0.59375
672,0.59375
673,0.4375
674,0.375
675,0.34375
676,0.25
677,0.34375
678,0.34375
679,0.375
680,0.3125
681,0.28125
682,0.34375
683,0.4375
684,0.53125
685,0.1875
686,0.1875
687,0.5
688,0.65625
689,0.625
690,0.5
691,0.65625
692,0.5625
693,0.4375
694,0.0625
695,0.25
696,0.3125
697,0.65625
698,0.46875
699,0.46875
700,0.46875
701,0.28125
702,0.4375
703,0.53125
704,0.625
705,0.59375
706,0.46875
707,0.59375
708,0.4375
709,0.34375
710,0.3125
711,0.28125
712,0.375
713,0.28125
714,0.34375
715,0.21875
716,0.0
717,0.0
718,0.1875
719,0.09375
720,0.09375
721,0.125
722,0.34375
723,0.5
724,0.65625
725,0.59375
726,0.4375
727,0.3125
728,0.125
729,0.1875
730,0.3125
731,0.125
732,0.34375
733,0.46875
734,0.65625
735,0.625
736,0.65625
737,0.65625
738,0.65625
739,0.625
740,0.59375
741,0.625
742,0.53125
743,0.5
744,0.34375
745,0.4375
746,0.625
747,0.6875
748,0.78125
749,0.5625
750,0.4375
751,0.53125
752,0.28125
753,0.28125
754,0.15625
755,0.21875
756,0.53125
757,0.46875
758,0.6875
759,0.375
760,0.40625
761,0.3125
762,0.28125
763,0.1875
764,0.09375
765,0.53125
766,0.5
767,0.59375
768,0.53125
769,0.5
770,0.71875
771,0.71875
772,0.6875
773,0.28125
774,0.03125
775,0.03125
776,0.0625
777,0.0625
778,0.0
779,0.21875
780,0.46875
781,0.5625
782,0.5625
783,0.53125
784,0.65625
785,0.40625
786,0.5625
787,0.71875
788,0.6875
789,0.5625
790,0.4375
791,0.34375
792,0.09375
793,0.34375
794,0.15625
795,0.21875
796,0.21875
797,0.46875
798,0.71875
799,0.8125
800,0.875
801,0.84375
802,0.8125
803,0.71875
804,0.78125
805,0.875
806,0.90625
807,0.875
808,0.6875
809,0.6875
810,0.875
811,0.90625
812,0.9375
813,0.875
814,0.8125
815,0.90625
816,0.875
817,0.90625
818,0.90625
819,0.71875
820,0.75
821,0.5625
822,0.46875
823,0.5625
824,0.71875
825,0.625
826,0.34375
827,0.5625
828,0.71875
829,0.53125
830,0.46875
831,0.5625
832,0.65625
833,0.6875
834,0.625
835,0.59375
836,0.8125
837,0.84375
838,0.78125
839,0.71875
840,0.5625
841,0.71875
842,0.5625
843,0.46875
844,0.4375
845,0.4375
846,0.46875
847,0.6875
848,0.375
849,0.40625
850,0.09375
851,0.3125
852,0.40625
853,0.3125
854,0.125
855,0.34375
856,0.34375
857,0.34375
858,0.25
859,0.3125
860,0.40625
861,0.25
862,0.34375
863,0.34375
864,0.3125
865,0.0625
866,0.1875
867,0.53125
868,0.65625
869,0.46875
870,0.40625
871,0.40625
872,0.5625
873,0.625
874,0.875
875,0.875
876,0.875
877,0.9375
878,0.875
879,0.84375
880,0.9375
881,0.96875
882,0.90625
883,0.8125
884,0.90625
885,0.9375
886,0.875
887,0.75
888,0.53125
889,0.5
890,0.53125
891,0.40625
892,0.46875
893,0.375
894,0.34375
895,0.375
896,0.46875
897,0.375
898,0.5
899,0.21875
900,0.25
901,0.15625
902,0.21875
903,0.09375
904,0.03125
905,0.0625
906,0.09375
907,0.28125
908,0.1875
909,0.1875
910,0.03125
911,0.09375
912,0.0625
913,0.15625
914,0.28125
915,0.21875
916,0.03125
917,0.15625
918,0.0
919,0.03125
920,0.34375
921,0.5
922,0.53125
923,0.71875
924,0.65625
925,0.84375
926,0.875
927,0.78125
928,0.84375
929,0.9375
930,0.6875
931,0.53125
932,0.4375
933,0.28125
934,0.53125
935,0.5
936,0.34375
937,0.34375
938,0.65625
939,0.8125
940,0.84375
941,0.875
942,0.71875
943,0.53125
944,0.59375
945,0.4375
946,0.40625
947,0.5
948,0.71875
949,0.8125
950,0.6875
951,0.65625
952,0.625
953,0.59375
954,0.84375
955,0.84375
956,0.65625
957,0.59375
958,0.84375
959,0.75
960,0.75
961,0.71875
962,0.65625
963,0.375
964,0.6875
965,0.59375
966,0.4375
967,0.53125
968,0.40625
969,0.75
970,0.78125
971,0.875
972,0.71875
973,0.625
974,0.375
975,0.40625
976,0.25
977,0.4375
978,0.1875
979,0.5625
980,0.5
981,0.34375
982,0.21875
983,0.3125
984,0.1875
985,0.15625
986,0.03125
987,0.0625
988,0.25
989,0.5
990,0.375
991,0.46875
992,0.6875
993,0.875
994,0.875
995,0.8125
996,0.65625
997,0.5625
998,0.46875
999,0.5
