,Absolute Magnetisations Per Spin
0,0.90625
1,0.96875
2,0.96875
3,0.90625
4,0.90625
5,0.84375
6,0.90625
7,0.875
8,0.78125
9,0.75
10,0.875
11,0.90625
12,0.84375
13,0.78125
14,0.9375
15,0.96875
16,1.0
17,0.84375
18,0.96875
19,0.9375
20,0.90625
21,0.875
22,0.9375
23,0.9375
24,0.9375
25,0.9375
26,0.84375
27,0.84375
28,0.8125
29,0.8125
30,0.875
31,0.875
32,0.9375
33,0.96875
34,1.0
35,0.9375
36,1.0
37,0.96875
38,1.0
39,0.96875
40,1.0
41,1.0
42,1.0
43,0.96875
44,0.96875
45,0.96875
46,0.9375
47,1.0
48,0.96875
49,0.96875
50,0.84375
51,0.84375
52,1.0
53,0.96875
54,0.8125
55,0.96875
56,0.96875
57,0.90625
58,0.96875
59,1.0
60,1.0
61,0.96875
62,1.0
63,0.96875
64,0.96875
65,0.96875
66,0.96875
67,0.90625
68,0.875
69,0.875
70,0.9375
71,0.9375
72,0.90625
73,1.0
74,0.96875
75,0.84375
76,0.65625
77,0.78125
78,0.78125
79,0.84375
80,0.875
81,0.96875
82,1.0
83,0.90625
84,1.0
85,0.9375
86,0.96875
87,0.96875
88,0.9375
89,0.84375
90,0.90625
91,0.90625
92,0.90625
93,0.8125
94,0.96875
95,1.0
96,0.96875
97,0.96875
98,0.9375
99,1.0
100,0.96875
101,1.0
102,1.0
103,0.96875
104,0.875
105,0.9375
106,0.875
107,0.84375
108,0.90625
109,0.78125
110,0.6875
111,0.84375
112,0.8125
113,0.9375
114,0.9375
115,0.875
116,0.84375
117,0.875
118,0.90625
119,0.9375
120,0.875
121,0.875
122,0.71875
123,0.8125
124,0.84375
125,0.875
126,0.9375
127,0.875
128,0.90625
129,0.84375
130,0.9375
131,0.9375
132,1.0
133,0.90625
134,0.90625
135,0.9375
136,1.0
137,0.96875
138,0.96875
139,0.8125
140,0.90625
141,1.0
142,0.96875
143,0.9375
144,0.96875
145,0.96875
146,0.90625
147,0.84375
148,0.84375
149,0.9375
150,0.9375
151,1.0
152,0.9375
153,0.84375
154,0.9375
155,0.96875
156,1.0
157,1.0
158,0.96875
159,0.9375
160,0.96875
161,0.96875
162,0.90625
163,0.84375
164,0.90625
165,0.90625
166,0.96875
167,0.96875
168,0.9375
169,1.0
170,1.0
171,0.96875
172,0.96875
173,0.875
174,0.9375
175,0.90625
176,0.96875
177,1.0
178,1.0
179,1.0
180,0.9375
181,0.875
182,0.875
183,0.90625
184,0.8125
185,0.875
186,0.96875
187,0.875
188,0.96875
189,1.0
190,0.875
191,0.9375
192,0.96875
193,0.9375
194,0.9375
195,0.90625
196,0.875
197,0.875
198,0.9375
199,0.96875
200,0.8125
201,0.90625
202,0.90625
203,0.9375
204,0.96875
205,0.9375
206,0.96875
207,0.9375
208,0.8125
209,0.65625
210,0.6875
211,0.625
212,0.84375
213,0.96875
214,0.96875
215,0.96875
216,0.9375
217,0.96875
218,0.96875
219,0.90625
220,0.75
221,0.78125
222,0.6875
223,0.4375
224,0.5
225,0.65625
226,0.78125
227,0.90625
228,0.90625
229,0.90625
230,0.90625
231,0.9375
232,0.84375
233,0.75
234,0.8125
235,0.84375
236,0.875
237,0.875
238,0.96875
239,1.0
240,0.90625
241,0.875
242,0.96875
243,0.90625
244,0.8125
245,0.71875
246,0.71875
247,0.5
248,0.5
249,0.3125
250,0.09375
251,0.125
252,0.21875
253,0.34375
254,0.28125
255,0.25
256,0.375
257,0.4375
258,0.46875
259,0.53125
260,0.4375
261,0.25
262,0.5
263,0.34375
264,0.5625
265,0.5625
266,0.5
267,0.625
268,0.59375
269,0.78125
270,0.90625
271,0.90625
272,0.96875
273,0.9375
274,0.84375
275,0.875
276,0.8125
277,0.9375
278,0.875
279,0.84375
280,0.78125
281,0.90625
282,0.9375
283,1.0
284,1.0
285,1.0
286,0.96875
287,1.0
288,0.96875
289,1.0
290,0.9375
291,1.0
292,1.0
293,0.96875
294,0.96875
295,0.9375
296,0.9375
297,0.90625
298,0.9375
299,0.90625
300,0.90625
301,0.875
302,0.9375
303,1.0
304,0.84375
305,0.9375
306,0.90625
307,0.875
308,0.875
309,0.90625
310,0.96875
311,0.96875
312,0.96875
313,1.0
314,0.96875
315,0.96875
316,0.9375
317,0.8125
318,0.875
319,0.9375
320,0.90625
321,0.84375
322,0.90625
323,0.90625
324,0.96875
325,0.90625
326,0.96875
327,0.9375
328,0.90625
329,0.96875
330,0.96875
331,0.9375
332,0.9375
333,0.9375
334,0.84375
335,0.71875
336,0.75
337,0.75
338,0.65625
339,0.875
340,0.8125
341,0.8125
342,0.75
343,0.875
344,0.96875
345,0.96875
346,0.9375
347,0.96875
348,0.875
349,0.90625
350,0.9375
351,0.90625
352,0.9375
353,0.96875
354,0.9375
355,0.90625
356,0.875
357,0.96875
358,0.96875
359,0.9375
360,0.96875
361,1.0
362,0.96875
363,0.90625
364,0.90625
365,0.875
366,0.875
367,0.8125
368,0.71875
369,0.59375
370,0.9375
371,0.90625
372,0.96875
373,0.875
374,0.90625
375,0.84375
376,0.96875
377,0.96875
378,0.90625
379,0.9375
380,0.90625
381,0.875
382,0.84375
383,0.90625
384,0.9375
385,0.90625
386,0.96875
387,1.0
388,0.9375
389,1.0
390,0.9375
391,0.96875
392,0.96875
393,0.96875
394,1.0
395,1.0
396,0.9375
397,1.0
398,0.90625
399,0.90625
400,0.9375
401,0.84375
402,0.9375
403,0.9375
404,0.96875
405,0.9375
406,0.84375
407,0.8125
408,0.90625
409,0.9375
410,0.90625
411,0.84375
412,0.9375
413,0.84375
414,0.8125
415,0.71875
416,0.65625
417,0.75
418,0.84375
419,0.71875
420,0.84375
421,0.75
422,0.71875
423,0.8125
424,0.90625
425,0.9375
426,0.9375
427,1.0
428,0.9375
429,0.875
430,0.9375
431,0.875
432,0.84375
433,1.0
434,0.90625
435,0.75
436,0.71875
437,0.53125
438,0.5625
439,0.5
440,0.75
441,0.84375
442,0.84375
443,0.78125
444,0.6875
445,0.90625
446,1.0
447,0.9375
448,0.96875
449,0.90625
450,0.9375
451,0.96875
452,0.875
453,1.0
454,0.9375
455,0.9375
456,0.9375
457,1.0
458,1.0
459,0.90625
460,0.8125
461,0.84375
462,0.96875
463,1.0
464,0.96875
465,1.0
466,1.0
467,0.96875
468,1.0
469,1.0
470,0.96875
471,1.0
472,1.0
473,1.0
474,0.9375
475,0.9375
476,0.84375
477,0.9375
478,0.90625
479,0.96875
480,0.96875
481,0.96875
482,0.90625
483,1.0
484,0.90625
485,0.90625
486,0.9375
487,0.90625
488,0.9375
489,0.9375
490,0.96875
491,0.90625
492,0.875
493,0.8125
494,0.875
495,0.9375
496,0.875
497,0.84375
498,0.84375
499,0.90625
500,1.0
501,1.0
502,0.9375
503,0.96875
504,1.0
505,1.0
506,0.96875
507,1.0
508,0.96875
509,0.9375
510,0.9375
511,1.0
512,0.9375
513,0.96875
514,0.90625
515,0.9375
516,0.96875
517,0.75
518,0.875
519,0.96875
520,1.0
521,1.0
522,1.0
523,1.0
524,0.90625
525,0.84375
526,0.9375
527,0.90625
528,0.78125
529,0.875
530,0.9375
531,0.90625
532,0.9375
533,0.96875
534,0.96875
535,0.875
536,0.8125
537,0.84375
538,0.84375
539,0.90625
540,0.875
541,0.90625
542,0.9375
543,0.875
544,0.9375
545,0.90625
546,0.9375
547,0.9375
548,0.90625
549,0.84375
550,0.90625
551,0.875
552,0.9375
553,0.90625
554,0.96875
555,0.96875
556,0.96875
557,0.96875
558,0.90625
559,0.78125
560,0.71875
561,0.75
562,0.78125
563,0.96875
564,0.96875
565,0.9375
566,0.9375
567,0.8125
568,0.84375
569,0.75
570,0.59375
571,0.625
572,0.6875
573,0.75
574,0.6875
575,0.625
576,0.84375
577,0.90625
578,0.90625
579,0.84375
580,0.9375
581,0.90625
582,0.78125
583,0.71875
584,0.75
585,0.6875
586,0.875
587,0.90625
588,0.96875
589,0.96875
590,0.96875
591,0.9375
592,0.90625
593,0.9375
594,0.90625
595,0.875
596,0.90625
597,0.90625
598,0.9375
599,0.96875
600,0.96875
601,0.8125
602,0.75
603,0.84375
604,0.8125
605,0.9375
606,0.78125
607,0.78125
608,0.84375
609,0.96875
610,0.90625
611,0.84375
612,0.84375
613,0.96875
614,0.90625
615,0.84375
616,0.875
617,0.90625
618,0.9375
619,0.875
620,0.78125
621,0.84375
622,0.9375
623,0.9375
624,0.96875
625,0.9375
626,0.8125
627,0.90625
628,0.875
629,0.84375
630,0.96875
631,1.0
632,0.96875
633,1.0
634,0.9375
635,0.96875
636,0.9375
637,0.96875
638,0.96875
639,0.9375
640,0.9375
641,0.90625
642,0.875
643,0.96875
644,0.9375
645,0.96875
646,0.96875
647,0.9375
648,0.96875
649,1.0
650,1.0
651,1.0
652,1.0
653,0.96875
654,0.90625
655,0.78125
656,0.78125
657,0.90625
658,0.96875
659,0.8125
660,0.78125
661,0.78125
662,0.84375
663,0.8125
664,0.78125
665,0.90625
666,0.65625
667,0.5
668,0.375
669,0.59375
670,0.5625
671,0.59375
672,0.75
673,0.71875
674,0.5625
675,0.78125
676,0.90625
677,0.96875
678,0.90625
679,0.90625
680,0.96875
681,0.96875
682,0.90625
683,1.0
684,1.0
685,0.96875
686,0.96875
687,1.0
688,0.96875
689,0.96875
690,0.96875
691,0.875
692,0.9375
693,0.9375
694,0.9375
695,0.9375
696,0.90625
697,0.96875
698,0.96875
699,1.0
700,0.875
701,0.875
702,0.875
703,0.90625
704,0.90625
705,0.78125
706,0.9375
707,0.84375
708,0.9375
709,0.96875
710,0.96875
711,0.96875
712,0.9375
713,0.9375
714,0.9375
715,0.875
716,0.71875
717,0.8125
718,0.84375
719,0.84375
720,0.9375
721,0.875
722,0.875
723,1.0
724,1.0
725,0.96875
726,0.90625
727,0.96875
728,0.90625
729,0.96875
730,0.96875
731,0.84375
732,0.90625
733,0.9375
734,0.90625
735,0.8125
736,0.84375
737,0.875
738,0.90625
739,0.84375
740,0.875
741,0.84375
742,0.9375
743,0.9375
744,0.875
745,0.78125
746,0.8125
747,0.875
748,0.96875
749,0.96875
750,0.96875
751,0.96875
752,0.90625
753,0.9375
754,0.8125
755,0.9375
756,0.9375
757,0.96875
758,1.0
759,1.0
760,1.0
761,0.96875
762,0.9375
763,0.78125
764,0.875
765,0.84375
766,0.90625
767,0.90625
768,1.0
769,0.90625
770,0.75
771,0.75
772,0.8125
773,0.84375
774,0.8125
775,0.90625
776,0.875
777,0.96875
778,0.96875
779,0.90625
780,0.90625
781,0.8125
782,0.8125
783,0.65625
784,0.84375
785,0.875
786,0.875
787,0.90625
788,0.90625
789,0.9375
790,0.8125
791,0.75
792,0.9375
793,0.96875
794,0.875
795,0.84375
796,1.0
797,0.96875
798,1.0
799,1.0
800,0.9375
801,0.9375
802,0.78125
803,0.71875
804,0.75
805,0.75
806,0.78125
807,0.78125
808,0.90625
809,0.90625
810,1.0
811,1.0
812,0.9375
813,1.0
814,1.0
815,1.0
816,0.9375
817,0.84375
818,0.84375
819,0.84375
820,0.875
821,0.9375
822,1.0
823,0.78125
824,0.875
825,0.875
826,0.96875
827,0.96875
828,1.0
829,1.0
830,0.96875
831,0.9375
832,0.9375
833,1.0
834,0.75
835,0.78125
836,0.59375
837,0.625
838,0.59375
839,0.875
840,0.78125
841,0.90625
842,0.90625
843,0.875
844,0.875
845,0.875
846,0.9375
847,1.0
848,0.8125
849,0.90625
850,0.96875
851,0.90625
852,0.9375
853,0.96875
854,0.96875
855,1.0
856,1.0
857,1.0
858,0.96875
859,0.90625
860,0.96875
861,0.96875
862,0.9375
863,1.0
864,1.0
865,1.0
866,0.96875
867,0.875
868,0.90625
869,0.9375
870,0.96875
871,0.96875
872,0.9375
873,0.96875
874,0.96875
875,0.875
876,0.8125
877,0.625
878,0.53125
879,0.5625
880,0.40625
881,0.5625
882,0.65625
883,0.59375
884,0.78125
885,0.75
886,0.875
887,0.875
888,0.78125
889,0.9375
890,0.84375
891,0.9375
892,1.0
893,0.96875
894,0.96875
895,0.9375
896,0.96875
897,0.9375
898,0.875
899,0.875
900,0.875
901,0.9375
902,0.9375
903,0.96875
904,0.875
905,0.875
906,0.84375
907,0.875
908,0.96875
909,1.0
910,0.96875
911,0.9375
912,0.96875
913,0.9375
914,0.875
915,0.9375
916,0.875
917,0.96875
918,0.90625
919,0.78125
920,0.8125
921,0.84375
922,0.90625
923,0.78125
924,0.875
925,1.0
926,0.90625
927,0.90625
928,0.875
929,0.9375
930,0.90625
931,0.8125
932,0.78125
933,0.84375
934,0.875
935,0.875
936,1.0
937,0.9375
938,0.96875
939,1.0
940,0.9375
941,0.96875
942,0.90625
943,0.9375
944,0.84375
945,0.90625
946,0.90625
947,0.90625
948,0.9375
949,0.9375
950,0.96875
951,0.96875
952,0.90625
953,0.96875
954,1.0
955,0.96875
956,1.0
957,0.96875
958,0.90625
959,0.84375
960,0.8125
961,0.84375
962,0.8125
963,0.875
964,0.9375
965,0.9375
966,0.9375
967,1.0
968,0.90625
969,0.78125
970,0.78125
971,0.90625
972,0.84375
973,0.875
974,0.90625
975,0.90625
976,0.90625
977,0.84375
978,0.65625
979,0.90625
980,0.96875
981,0.96875
982,1.0
983,0.9375
984,0.875
985,0.78125
986,0.875
987,0.875
988,0.71875
989,0.78125
990,0.71875
991,0.90625
992,0.8125
993,0.875
994,0.90625
995,0.96875
996,0.90625
997,0.90625
998,1.0
999,0.96875
