,Absolute Magnetisations Per Spin
0,0.84375
1,0.6875
2,0.65625
3,0.71875
4,0.78125
5,0.75
6,0.71875
7,0.84375
8,0.875
9,0.84375
10,0.75
11,0.8125
12,1.0
13,0.875
14,0.875
15,0.78125
16,0.75
17,0.78125
18,0.59375
19,0.78125
20,0.78125
21,0.71875
22,0.6875
23,0.625
24,0.59375
25,0.6875
26,0.65625
27,0.65625
28,0.5625
29,0.53125
30,0.5
31,0.59375
32,0.375
33,0.34375
34,0.3125
35,0.375
36,0.5
37,0.71875
38,0.65625
39,0.71875
40,0.6875
41,0.75
42,0.5
43,0.59375
44,0.53125
45,0.5
46,0.59375
47,0.71875
48,0.84375
49,0.78125
50,0.71875
51,0.8125
52,0.8125
53,0.90625
54,0.9375
55,0.96875
56,0.9375
57,0.9375
58,0.71875
59,0.71875
60,0.625
61,0.75
62,0.6875
63,0.625
64,0.40625
65,0.34375
66,0.40625
67,0.28125
68,0.1875
69,0.3125
70,0.28125
71,0.40625
72,0.46875
73,0.53125
74,0.625
75,0.71875
76,0.75
77,0.8125
78,0.78125
79,0.875
80,0.96875
81,0.875
82,0.90625
83,0.78125
84,0.90625
85,0.84375
86,0.84375
87,0.75
88,0.53125
89,0.71875
90,0.875
91,0.9375
92,0.84375
93,0.90625
94,0.875
95,0.84375
96,0.9375
97,0.875
98,0.9375
99,0.9375
100,0.90625
101,0.90625
102,0.78125
103,0.8125
104,0.84375
105,0.875
106,0.9375
107,0.71875
108,0.875
109,0.875
110,0.71875
111,0.75
112,0.65625
113,0.875
114,0.8125
115,0.71875
116,0.59375
117,0.65625
118,0.8125
119,0.96875
120,0.96875
121,0.78125
122,0.75
123,0.71875
124,0.625
125,0.5625
126,0.65625
127,0.71875
128,0.8125
129,0.90625
130,0.90625
131,0.875
132,0.78125
133,0.8125
134,0.78125
135,0.75
136,0.6875
137,0.71875
138,0.78125
139,0.4375
140,0.21875
141,0.4375
142,0.65625
143,0.75
144,0.84375
145,0.71875
146,0.8125
147,0.84375
148,0.78125
149,0.8125
150,0.875
151,0.78125
152,0.75
153,0.84375
154,0.96875
155,0.96875
156,0.90625
157,0.875
158,0.9375
159,0.96875
160,0.875
161,0.84375
162,0.8125
163,0.84375
164,0.71875
165,0.625
166,0.5
167,0.34375
168,0.25
169,0.5
170,0.65625
171,0.625
172,0.40625
173,0.28125
174,0.3125
175,0.3125
176,0.0
177,0.0625
178,0.375
179,0.5625
180,0.6875
181,0.8125
182,0.75
183,0.9375
184,0.96875
185,0.9375
186,0.875
187,0.84375
188,0.84375
189,0.84375
190,0.9375
191,0.8125
192,0.96875
193,0.90625
194,1.0
195,0.96875
196,0.90625
197,0.8125
198,0.78125
199,0.96875
200,0.96875
201,0.9375
202,0.78125
203,0.84375
204,0.84375
205,0.96875
206,0.90625
207,0.9375
208,0.96875
209,0.9375
210,0.9375
211,0.96875
212,0.875
213,0.625
214,0.46875
215,0.3125
216,0.375
217,0.46875
218,0.59375
219,0.46875
220,0.21875
221,0.46875
222,0.46875
223,0.5625
224,0.46875
225,0.53125
226,0.625
227,0.5
228,0.46875
229,0.59375
230,0.28125
231,0.15625
232,0.09375
233,0.28125
234,0.40625
235,0.375
236,0.5
237,0.71875
238,0.875
239,0.875
240,0.875
241,0.9375
242,0.875
243,0.78125
244,0.71875
245,0.4375
246,0.375
247,0.28125
248,0.65625
249,0.5625
250,0.71875
251,0.71875
252,0.875
253,0.71875
254,0.71875
255,0.875
256,0.9375
257,0.875
258,0.8125
259,0.8125
260,0.90625
261,0.75
262,0.59375
263,0.71875
264,0.6875
265,0.625
266,0.40625
267,0.5625
268,0.59375
269,0.5
270,0.4375
271,0.5
272,0.5
273,0.53125
274,0.65625
275,0.65625
276,0.78125
277,0.6875
278,0.8125
279,0.84375
280,0.625
281,0.40625
282,0.03125
283,0.09375
284,0.0625
285,0.09375
286,0.03125
287,0.375
288,0.34375
289,0.21875
290,0.0625
291,0.15625
292,0.125
293,0.09375
294,0.25
295,0.40625
296,0.1875
297,0.4375
298,0.53125
299,0.3125
300,0.34375
301,0.40625
302,0.625
303,0.53125
304,0.53125
305,0.5
306,0.59375
307,0.28125
308,0.3125
309,0.09375
310,0.21875
311,0.15625
312,0.25
313,0.28125
314,0.28125
315,0.15625
316,0.40625
317,0.5
318,0.84375
319,0.75
320,0.65625
321,0.78125
322,0.84375
323,0.8125
324,0.71875
325,0.78125
326,0.75
327,0.625
328,0.71875
329,0.6875
330,0.625
331,0.71875
332,0.40625
333,0.5625
334,0.625
335,0.78125
336,0.59375
337,0.53125
338,0.71875
339,0.59375
340,0.5625
341,0.59375
342,0.625
343,0.6875
344,0.84375
345,0.875
346,0.90625
347,0.9375
348,0.90625
349,0.78125
350,0.8125
351,0.8125
352,0.84375
353,0.65625
354,0.71875
355,0.625
356,0.59375
357,0.53125
358,0.53125
359,0.34375
360,0.375
361,0.3125
362,0.4375
363,0.40625
364,0.625
365,0.5
366,0.4375
367,0.65625
368,0.78125
369,0.5625
370,0.5625
371,0.53125
372,0.65625
373,0.78125
374,0.9375
375,0.75
376,0.84375
377,0.875
378,0.9375
379,0.9375
380,0.8125
381,0.75
382,0.65625
383,0.59375
384,0.40625
385,0.53125
386,0.5625
387,0.78125
388,0.875
389,0.90625
390,0.96875
391,0.96875
392,0.96875
393,0.96875
394,0.96875
395,0.84375
396,0.875
397,0.6875
398,0.75
399,0.8125
400,0.71875
401,0.75
402,0.625
403,0.78125
404,0.84375
405,0.875
406,0.875
407,0.8125
408,0.5
409,0.28125
410,0.28125
411,0.40625
412,0.4375
413,0.46875
414,0.46875
415,0.40625
416,0.53125
417,0.4375
418,0.75
419,0.8125
420,0.875
421,0.90625
422,0.90625
423,0.9375
424,0.875
425,0.90625
426,0.78125
427,0.75
428,0.5
429,0.6875
430,0.5
431,0.34375
432,0.25
433,0.1875
434,0.0625
435,0.09375
436,0.0625
437,0.09375
438,0.25
439,0.5
440,0.3125
441,0.0625
442,0.0625
443,0.0625
444,0.1875
445,0.1875
446,0.09375
447,0.15625
448,0.28125
449,0.03125
450,0.09375
451,0.03125
452,0.21875
453,0.34375
454,0.4375
455,0.34375
456,0.21875
457,0.34375
458,0.3125
459,0.15625
460,0.125
461,0.1875
462,0.0
463,0.0
464,0.21875
465,0.0
466,0.09375
467,0.0
468,0.0625
469,0.03125
470,0.0625
471,0.0625
472,0.125
473,0.125
474,0.09375
475,0.21875
476,0.1875
477,0.125
478,0.46875
479,0.4375
480,0.4375
481,0.40625
482,0.625
483,0.8125
484,0.84375
485,0.71875
486,0.84375
487,0.71875
488,0.78125
489,0.71875
490,0.78125
491,0.78125
492,0.78125
493,0.59375
494,0.71875
495,0.84375
496,0.96875
497,0.84375
498,0.71875
499,0.65625
500,0.78125
501,0.84375
502,0.96875
503,0.8125
504,0.59375
505,0.6875
506,0.65625
507,0.84375
508,0.90625
509,0.8125
510,0.875
511,0.90625
512,0.96875
513,0.8125
514,0.875
515,0.71875
516,0.96875
517,0.875
518,0.875
519,0.65625
520,0.75
521,0.6875
522,0.5
523,0.28125
524,0.25
525,0.1875
526,0.25
527,0.1875
528,0.0625
529,0.0625
530,0.15625
531,0.0625
532,0.09375
533,0.1875
534,0.46875
535,0.5625
536,0.78125
537,0.84375
538,0.8125
539,0.53125
540,0.71875
541,0.71875
542,0.6875
543,0.65625
544,0.59375
545,0.65625
546,0.6875
547,0.8125
548,0.875
549,0.8125
550,0.6875
551,0.53125
552,0.78125
553,0.8125
554,0.90625
555,0.875
556,0.8125
557,0.71875
558,0.8125
559,0.9375
560,0.96875
561,0.96875
562,0.96875
563,1.0
564,0.9375
565,0.78125
566,0.75
567,0.5
568,0.34375
569,0.53125
570,0.375
571,0.21875
572,0.5625
573,0.4375
574,0.34375
575,0.375
576,0.46875
577,0.5
578,0.53125
579,0.53125
580,0.5
581,0.53125
582,0.53125
583,0.5625
584,0.75
585,0.71875
586,0.5625
587,0.5625
588,0.5
589,0.5625
590,0.53125
591,0.3125
592,0.3125
593,0.0625
594,0.3125
595,0.4375
596,0.53125
597,0.40625
598,0.28125
599,0.34375
600,0.3125
601,0.21875
602,0.25
603,0.4375
604,0.65625
605,0.46875
606,0.625
607,0.5625
608,0.46875
609,0.4375
610,0.53125
611,0.5
612,0.46875
613,0.4375
614,0.5625
615,0.625
616,0.53125
617,0.5625
618,0.65625
619,0.46875
620,0.5
621,0.6875
622,0.6875
623,0.59375
624,0.8125
625,0.8125
626,0.84375
627,0.78125
628,0.6875
629,0.71875
630,0.875
631,0.90625
632,0.9375
633,0.90625
634,0.875
635,0.78125
636,0.8125
637,0.75
638,0.625
639,0.40625
640,0.53125
641,0.625
642,0.5
643,0.5625
644,0.4375
645,0.59375
646,0.59375
647,0.53125
648,0.6875
649,0.6875
650,0.65625
651,0.4375
652,0.59375
653,0.5625
654,0.6875
655,0.5625
656,0.46875
657,0.5
658,0.4375
659,0.53125
660,0.6875
661,0.59375
662,0.4375
663,0.46875
664,0.3125
665,0.34375
666,0.65625
667,0.5625
668,0.6875
669,0.78125
670,0.6875
671,0.6875
672,0.5
673,0.5
674,0.6875
675,0.5625
676,0.71875
677,0.71875
678,0.75
679,0.46875
680,0.1875
681,0.5
682,0.5625
683,0.46875
684,0.6875
685,0.84375
686,0.8125
687,0.84375
688,0.53125
689,0.34375
690,0.34375
691,0.6875
692,0.5625
693,0.6875
694,0.59375
695,0.5
696,0.375
697,0.40625
698,0.5625
699,0.375
700,0.21875
701,0.0
702,0.21875
703,0.5
704,0.5625
705,0.75
706,0.84375
707,0.78125
708,0.75
709,0.4375
710,0.46875
711,0.5
712,0.40625
713,0.3125
714,0.28125
715,0.125
716,0.15625
717,0.34375
718,0.375
719,0.1875
720,0.0625
721,0.125
722,0.21875
723,0.25
724,0.0625
725,0.03125
726,0.09375
727,0.0
728,0.34375
729,0.5
730,0.40625
731,0.65625
732,0.75
733,0.65625
734,0.78125
735,0.9375
736,0.75
737,0.75
738,0.78125
739,0.9375
740,0.875
741,0.78125
742,0.8125
743,0.5625
744,0.71875
745,0.71875
746,0.71875
747,0.53125
748,0.65625
749,0.78125
750,0.8125
751,0.84375
752,0.84375
753,0.90625
754,0.65625
755,0.59375
756,0.71875
757,0.78125
758,0.71875
759,0.75
760,0.78125
761,0.90625
762,0.90625
763,0.875
764,0.6875
765,0.71875
766,0.78125
767,0.6875
768,0.6875
769,0.59375
770,0.3125
771,0.25
772,0.25
773,0.34375
774,0.03125
775,0.15625
776,0.28125
777,0.125
778,0.375
779,0.4375
780,0.3125
781,0.09375
782,0.3125
783,0.09375
784,0.28125
785,0.53125
786,0.59375
787,0.625
788,0.8125
789,0.84375
790,0.875
791,0.6875
792,0.59375
793,0.75
794,0.625
795,0.40625
796,0.40625
797,0.375
798,0.375
799,0.53125
800,0.53125
801,0.40625
802,0.59375
803,0.40625
804,0.46875
805,0.46875
806,0.4375
807,0.40625
808,0.3125
809,0.21875
810,0.15625
811,0.15625
812,0.375
813,0.375
814,0.5
815,0.1875
816,0.09375
817,0.03125
818,0.03125
819,0.09375
820,0.15625
821,0.3125
822,0.15625
823,0.4375
824,0.21875
825,0.5
826,0.5625
827,0.28125
828,0.53125
829,0.75
830,0.78125
831,0.6875
832,0.71875
833,0.5625
834,0.59375
835,0.65625
836,0.75
837,0.65625
838,0.625
839,0.78125
840,0.5
841,0.8125
842,0.90625
843,0.90625
844,0.875
845,0.78125
846,0.59375
847,0.75
848,0.65625
849,0.71875
850,0.78125
851,0.90625
852,0.78125
853,0.8125
854,0.84375
855,0.71875
856,0.84375
857,0.875
858,0.875
859,0.90625
860,0.9375
861,0.9375
862,0.9375
863,0.75
864,0.9375
865,0.875
866,0.875
867,0.8125
868,0.90625
869,0.8125
870,0.84375
871,0.71875
872,0.625
873,0.46875
874,0.40625
875,0.375
876,0.375
877,0.75
878,0.8125
879,0.84375
880,0.78125
881,0.9375
882,0.9375
883,0.90625
884,0.9375
885,1.0
886,0.9375
887,0.875
888,0.9375
889,0.875
890,0.71875
891,0.78125
892,0.875
893,0.9375
894,0.8125
895,0.9375
896,0.90625
897,0.90625
898,0.78125
899,0.53125
900,0.8125
901,0.8125
902,0.96875
903,0.9375
904,0.6875
905,0.8125
906,0.65625
907,0.65625
908,0.59375
909,0.46875
910,0.5
911,0.375
912,0.34375
913,0.53125
914,0.4375
915,0.15625
916,0.1875
917,0.03125
918,0.1875
919,0.03125
920,0.125
921,0.0625
922,0.3125
923,0.4375
924,0.46875
925,0.6875
926,0.625
927,0.65625
928,0.65625
929,0.53125
930,0.59375
931,0.46875
932,0.53125
933,0.46875
934,0.5
935,0.34375
936,0.375
937,0.5625
938,0.46875
939,0.28125
940,0.5
941,0.75
942,0.625
943,0.78125
944,0.90625
945,0.84375
946,0.6875
947,0.8125
948,0.71875
949,0.875
950,0.78125
951,0.84375
952,0.875
953,0.96875
954,0.9375
955,0.96875
956,0.9375
957,0.84375
958,0.84375
959,0.8125
960,0.875
961,0.6875
962,0.5
963,0.53125
964,0.53125
965,0.59375
966,0.59375
967,0.65625
968,0.625
969,0.4375
970,0.71875
971,0.71875
972,0.84375
973,0.78125
974,0.8125
975,0.84375
976,0.78125
977,0.75
978,0.875
979,0.8125
980,0.9375
981,0.90625
982,0.90625
983,0.90625
984,0.8125
985,0.78125
986,0.71875
987,0.78125
988,0.78125
989,0.6875
990,0.78125
991,0.78125
992,0.5
993,0.40625
994,0.78125
995,0.8125
996,0.6875
997,0.5
998,0.53125
999,0.65625
