,Absolute Magnetisations Per Spin
0,0.625
1,0.53125
2,0.3125
3,0.34375
4,0.125
5,0.0
6,0.28125
7,0.25
8,0.53125
9,0.71875
10,0.46875
11,0.4375
12,0.53125
13,0.53125
14,0.75
15,0.65625
16,0.625
17,0.71875
18,0.5
19,0.53125
20,0.53125
21,0.71875
22,0.53125
23,0.5625
24,0.625
25,0.59375
26,0.46875
27,0.46875
28,0.46875
29,0.46875
30,0.1875
31,0.3125
32,0.15625
33,0.375
34,0.15625
35,0.09375
36,0.15625
37,0.0
38,0.28125
39,0.34375
40,0.53125
41,0.78125
42,0.75
43,0.6875
44,0.6875
45,0.5
46,0.46875
47,0.6875
48,0.625
49,0.625
50,0.59375
51,0.65625
52,0.46875
53,0.625
54,0.40625
55,0.1875
56,0.125
57,0.28125
58,0.15625
59,0.125
60,0.1875
61,0.21875
62,0.09375
63,0.15625
64,0.34375
65,0.375
66,0.5625
67,0.59375
68,0.4375
69,0.15625
70,0.1875
71,0.1875
72,0.03125
73,0.15625
74,0.0625
75,0.0625
76,0.3125
77,0.25
78,0.1875
79,0.21875
80,0.28125
81,0.15625
82,0.0625
83,0.0625
84,0.0
85,0.0625
86,0.15625
87,0.1875
88,0.28125
89,0.25
90,0.21875
91,0.15625
92,0.03125
93,0.25
94,0.25
95,0.34375
96,0.0625
97,0.1875
98,0.125
99,0.0625
100,0.0625
101,0.09375
102,0.21875
103,0.09375
104,0.1875
105,0.03125
106,0.09375
107,0.125
108,0.09375
109,0.125
110,0.09375
111,0.40625
112,0.59375
113,0.84375
114,0.90625
115,0.84375
116,0.75
117,0.84375
118,0.8125
119,0.8125
120,0.625
121,0.625
122,0.375
123,0.34375
124,0.1875
125,0.1875
126,0.125
127,0.0625
128,0.0
129,0.0625
130,0.0625
131,0.1875
132,0.46875
133,0.3125
134,0.15625
135,0.5
136,0.40625
137,0.46875
138,0.53125
139,0.71875
140,0.75
141,0.75
142,0.46875
143,0.4375
144,0.4375
145,0.34375
146,0.5
147,0.40625
148,0.1875
149,0.125
150,0.3125
151,0.34375
152,0.34375
153,0.15625
154,0.03125
155,0.125
156,0.28125
157,0.53125
158,0.46875
159,0.25
160,0.5625
161,0.3125
162,0.4375
163,0.34375
164,0.3125
165,0.5
166,0.53125
167,0.6875
168,0.40625
169,0.15625
170,0.125
171,0.3125
172,0.5625
173,0.5
174,0.34375
175,0.34375
176,0.46875
177,0.375
178,0.28125
179,0.40625
180,0.625
181,0.53125
182,0.6875
183,0.59375
184,0.53125
185,0.6875
186,0.6875
187,0.78125
188,0.6875
189,0.6875
190,0.59375
191,0.4375
192,0.21875
193,0.21875
194,0.1875
195,0.03125
196,0.0625
197,0.125
198,0.125
199,0.03125
200,0.15625
201,0.09375
202,0.125
203,0.375
204,0.25
205,0.3125
206,0.15625
207,0.03125
208,0.09375
209,0.125
210,0.15625
211,0.46875
212,0.1875
213,0.09375
214,0.0625
215,0.15625
216,0.125
217,0.0625
218,0.28125
219,0.34375
220,0.78125
221,0.625
222,0.65625
223,0.5625
224,0.625
225,0.53125
226,0.46875
227,0.40625
228,0.375
229,0.1875
230,0.40625
231,0.34375
232,0.53125
233,0.4375
234,0.6875
235,0.5625
236,0.4375
237,0.25
238,0.6875
239,0.78125
240,0.75
241,0.96875
242,0.78125
243,0.8125
244,0.5625
245,0.5625
246,0.3125
247,0.34375
248,0.5
249,0.46875
250,0.84375
251,0.8125
252,0.71875
253,0.65625
254,0.6875
255,0.78125
256,0.65625
257,0.5
258,0.34375
259,0.375
260,0.40625
261,0.71875
262,0.59375
263,0.65625
264,0.5625
265,0.375
266,0.125
267,0.03125
268,0.09375
269,0.03125
270,0.21875
271,0.3125
272,0.28125
273,0.28125
274,0.0625
275,0.0
276,0.03125
277,0.15625
278,0.0
279,0.09375
280,0.15625
281,0.28125
282,0.1875
283,0.15625
284,0.15625
285,0.3125
286,0.46875
287,0.4375
288,0.5
289,0.4375
290,0.34375
291,0.34375
292,0.3125
293,0.34375
294,0.3125
295,0.4375
296,0.3125
297,0.53125
298,0.71875
299,0.9375
300,0.90625
301,0.96875
302,0.75
303,0.59375
304,0.5625
305,0.5625
306,0.4375
307,0.625
308,0.84375
309,0.65625
310,0.28125
311,0.1875
312,0.15625
313,0.5
314,0.59375
315,0.5625
316,0.46875
317,0.53125
318,0.5
319,0.4375
320,0.40625
321,0.1875
322,0.28125
323,0.28125
324,0.34375
325,0.0625
326,0.0625
327,0.0625
328,0.09375
329,0.1875
330,0.5
331,0.375
332,0.3125
333,0.0625
334,0.375
335,0.34375
336,0.09375
337,0.125
338,0.03125
339,0.03125
340,0.25
341,0.09375
342,0.4375
343,0.5625
344,0.4375
345,0.28125
346,0.28125
347,0.25
348,0.25
349,0.09375
350,0.03125
351,0.15625
352,0.1875
353,0.5
354,0.5625
355,0.5625
356,0.6875
357,0.65625
358,0.65625
359,0.84375
360,0.90625
361,0.8125
362,0.875
363,0.75
364,0.53125
365,0.3125
366,0.09375
367,0.3125
368,0.5
369,0.3125
370,0.40625
371,0.09375
372,0.03125
373,0.1875
374,0.15625
375,0.125
376,0.0625
377,0.0625
378,0.09375
379,0.125
380,0.15625
381,0.3125
382,0.3125
383,0.28125
384,0.15625
385,0.09375
386,0.15625
387,0.03125
388,0.15625
389,0.03125
390,0.03125
391,0.15625
392,0.0625
393,0.25
394,0.15625
395,0.125
396,0.0
397,0.03125
398,0.25
399,0.15625
400,0.15625
401,0.09375
402,0.0
403,0.125
404,0.0625
405,0.03125
406,0.1875
407,0.15625
408,0.34375
409,0.3125
410,0.125
411,0.125
412,0.25
413,0.28125
414,0.25
415,0.09375
416,0.53125
417,0.46875
418,0.40625
419,0.3125
420,0.4375
421,0.3125
422,0.4375
423,0.53125
424,0.09375
425,0.3125
426,0.0625
427,0.34375
428,0.3125
429,0.0625
430,0.34375
431,0.375
432,0.3125
433,0.65625
434,0.71875
435,0.75
436,0.5625
437,0.71875
438,0.71875
439,0.5625
440,0.75
441,0.65625
442,0.8125
443,0.78125
444,0.6875
445,0.3125
446,0.3125
447,0.40625
448,0.53125
449,0.5625
450,0.25
451,0.25
452,0.28125
453,0.25
454,0.25
455,0.375
456,0.5
457,0.34375
458,0.25
459,0.34375
460,0.25
461,0.28125
462,0.25
463,0.375
464,0.3125
465,0.59375
466,0.6875
467,0.625
468,0.5
469,0.3125
470,0.53125
471,0.46875
472,0.28125
473,0.1875
474,0.21875
475,0.3125
476,0.28125
477,0.21875
478,0.28125
479,0.4375
480,0.3125
481,0.3125
482,0.3125
483,0.34375
484,0.46875
485,0.53125
486,0.65625
487,0.34375
488,0.03125
489,0.03125
490,0.0625
491,0.1875
492,0.1875
493,0.09375
494,0.0625
495,0.1875
496,0.03125
497,0.125
498,0.28125
499,0.5
500,0.4375
501,0.125
502,0.53125
503,0.59375
504,0.34375
505,0.53125
506,0.375
507,0.1875
508,0.1875
509,0.34375
510,0.3125
511,0.40625
512,0.25
513,0.15625
514,0.09375
515,0.15625
516,0.21875
517,0.03125
518,0.125
519,0.375
520,0.5
521,0.25
522,0.03125
523,0.28125
524,0.09375
525,0.21875
526,0.46875
527,0.71875
528,0.625
529,0.46875
530,0.40625
531,0.5
532,0.375
533,0.03125
534,0.03125
535,0.15625
536,0.0
537,0.1875
538,0.1875
539,0.28125
540,0.21875
541,0.25
542,0.09375
543,0.3125
544,0.53125
545,0.65625
546,0.4375
547,0.03125
548,0.28125
549,0.1875
550,0.03125
551,0.15625
552,0.0625
553,0.25
554,0.40625
555,0.34375
556,0.71875
557,0.59375
558,0.6875
559,0.84375
560,0.8125
561,0.5625
562,0.5
563,0.53125
564,0.59375
565,0.625
566,0.5
567,0.3125
568,0.375
569,0.28125
570,0.25
571,0.21875
572,0.25
573,0.375
574,0.21875
575,0.125
576,0.125
577,0.3125
578,0.09375
579,0.15625
580,0.25
581,0.0625
582,0.09375
583,0.28125
584,0.21875
585,0.125
586,0.0625
587,0.09375
588,0.3125
589,0.53125
590,0.53125
591,0.5
592,0.59375
593,0.59375
594,0.6875
595,0.28125
596,0.1875
597,0.15625
598,0.1875
599,0.15625
600,0.03125
601,0.25
602,0.46875
603,0.3125
604,0.0
605,0.15625
606,0.375
607,0.28125
608,0.3125
609,0.4375
610,0.28125
611,0.5
612,0.625
613,0.6875
614,0.625
615,0.59375
616,0.625
617,0.25
618,0.34375
619,0.28125
620,0.46875
621,0.5
622,0.375
623,0.1875
624,0.46875
625,0.5625
626,0.625
627,0.6875
628,0.65625
629,0.46875
630,0.59375
631,0.4375
632,0.4375
633,0.46875
634,0.53125
635,0.625
636,0.65625
637,0.59375
638,0.3125
639,0.1875
640,0.09375
641,0.125
642,0.375
643,0.4375
644,0.4375
645,0.4375
646,0.59375
647,0.71875
648,0.59375
649,0.71875
650,0.6875
651,0.71875
652,0.65625
653,0.34375
654,0.53125
655,0.3125
656,0.1875
657,0.09375
658,0.125
659,0.375
660,0.40625
661,0.1875
662,0.3125
663,0.125
664,0.0
665,0.09375
666,0.0625
667,0.125
668,0.09375
669,0.40625
670,0.46875
671,0.21875
672,0.21875
673,0.09375
674,0.1875
675,0.03125
676,0.09375
677,0.1875
678,0.125
679,0.09375
680,0.28125
681,0.4375
682,0.28125
683,0.09375
684,0.03125
685,0.0625
686,0.21875
687,0.03125
688,0.03125
689,0.15625
690,0.0625
691,0.03125
692,0.125
693,0.125
694,0.09375
695,0.03125
696,0.0625
697,0.09375
698,0.125
699,0.1875
700,0.09375
701,0.15625
702,0.0625
703,0.15625
704,0.09375
705,0.09375
706,0.09375
707,0.15625
708,0.1875
709,0.09375
710,0.28125
711,0.21875
712,0.21875
713,0.21875
714,0.15625
715,0.125
716,0.15625
717,0.1875
718,0.28125
719,0.25
720,0.40625
721,0.125
722,0.15625
723,0.09375
724,0.15625
725,0.125
726,0.21875
727,0.09375
728,0.28125
729,0.21875
730,0.375
731,0.125
732,0.125
733,0.0
734,0.0625
735,0.09375
736,0.1875
737,0.09375
738,0.125
739,0.375
740,0.46875
741,0.375
742,0.40625
743,0.28125
744,0.4375
745,0.3125
746,0.28125
747,0.0625
748,0.0625
749,0.0625
750,0.1875
751,0.0625
752,0.03125
753,0.21875
754,0.1875
755,0.1875
756,0.03125
757,0.28125
758,0.25
759,0.1875
760,0.3125
761,0.5625
762,0.625
763,0.40625
764,0.21875
765,0.25
766,0.3125
767,0.34375
768,0.46875
769,0.3125
770,0.28125
771,0.21875
772,0.03125
773,0.09375
774,0.21875
775,0.375
776,0.5
777,0.28125
778,0.34375
779,0.09375
780,0.0625
781,0.28125
782,0.25
783,0.28125
784,0.5625
785,0.5
786,0.6875
787,0.59375
788,0.5
789,0.46875
790,0.40625
791,0.625
792,0.46875
793,0.5625
794,0.5
795,0.25
796,0.1875
797,0.0
798,0.0625
799,0.28125
800,0.15625
801,0.375
802,0.1875
803,0.21875
804,0.0625
805,0.09375
806,0.3125
807,0.46875
808,0.6875
809,0.8125
810,0.84375
811,0.78125
812,0.625
813,0.40625
814,0.5
815,0.4375
816,0.5625
817,0.5625
818,0.40625
819,0.15625
820,0.46875
821,0.375
822,0.28125
823,0.21875
824,0.21875
825,0.25
826,0.5
827,0.625
828,0.71875
829,0.84375
830,0.625
831,0.65625
832,0.6875
833,0.5625
834,0.53125
835,0.15625
836,0.0625
837,0.34375
838,0.53125
839,0.59375
840,0.59375
841,0.5
842,0.53125
843,0.65625
844,0.5625
845,0.59375
846,0.46875
847,0.28125
848,0.125
849,0.3125
850,0.53125
851,0.59375
852,0.625
853,0.40625
854,0.53125
855,0.75
856,0.78125
857,0.65625
858,0.90625
859,0.6875
860,0.59375
861,0.5
862,0.75
863,0.375
864,0.28125
865,0.53125
866,0.4375
867,0.4375
868,0.34375
869,0.125
870,0.375
871,0.34375
872,0.375
873,0.4375
874,0.59375
875,0.34375
876,0.3125
877,0.3125
878,0.6875
879,0.65625
880,0.4375
881,0.34375
882,0.0625
883,0.15625
884,0.15625
885,0.3125
886,0.09375
887,0.0625
888,0.34375
889,0.53125
890,0.46875
891,0.25
892,0.15625
893,0.28125
894,0.25
895,0.375
896,0.1875
897,0.34375
898,0.25
899,0.46875
900,0.53125
901,0.34375
902,0.21875
903,0.15625
904,0.09375
905,0.25
906,0.21875
907,0.5
908,0.28125
909,0.15625
910,0.25
911,0.1875
912,0.0
913,0.125
914,0.25
915,0.3125
916,0.46875
917,0.46875
918,0.5
919,0.25
920,0.21875
921,0.21875
922,0.15625
923,0.21875
924,0.09375
925,0.21875
926,0.0625
927,0.125
928,0.09375
929,0.03125
930,0.09375
931,0.03125
932,0.125
933,0.375
934,0.3125
935,0.125
936,0.40625
937,0.375
938,0.4375
939,0.4375
940,0.5625
941,0.53125
942,0.5
943,0.59375
944,0.46875
945,0.34375
946,0.71875
947,0.5625
948,0.25
949,0.40625
950,0.4375
951,0.09375
952,0.1875
953,0.25
954,0.53125
955,0.3125
956,0.21875
957,0.15625
958,0.09375
959,0.03125
960,0.03125
961,0.0625
962,0.34375
963,0.28125
964,0.0625
965,0.09375
966,0.15625
967,0.1875
968,0.25
969,0.25
970,0.3125
971,0.3125
972,0.28125
973,0.625
974,0.625
975,0.53125
976,0.6875
977,0.40625
978,0.4375
979,0.3125
980,0.21875
981,0.25
982,0.15625
983,0.1875
984,0.15625
985,0.0
986,0.3125
987,0.21875
988,0.0625
989,0.03125
990,0.21875
991,0.40625
992,0.5625
993,0.5
994,0.5
995,0.65625
996,0.5625
997,0.5
998,0.4375
999,0.59375
