,Absolute Magnetisations Per Spin
0,0.78125
1,0.53125
2,0.28125
3,0.25
4,0.84375
5,0.65625
6,0.71875
7,0.40625
8,0.46875
9,0.84375
10,0.71875
11,0.21875
12,0.375
13,0.09375
14,0.375
15,0.8125
16,0.78125
17,0.9375
18,0.78125
19,0.75
20,0.15625
21,0.1875
22,0.6875
23,0.84375
24,0.09375
25,0.59375
26,0.15625
27,0.34375
28,0.96875
29,0.28125
30,0.15625
31,0.09375
32,0.65625
33,0.5625
34,0.25
35,0.46875
36,0.25
37,0.0
38,0.3125
39,0.3125
40,0.78125
41,0.90625
42,0.84375
43,0.75
44,0.28125
45,0.34375
46,0.75
47,0.8125
48,0.71875
49,0.65625
50,0.5625
51,0.25
52,0.59375
53,0.59375
54,0.78125
55,0.25
56,0.84375
57,0.59375
58,0.6875
59,0.84375
60,0.75
61,0.90625
62,0.53125
63,0.375
64,0.78125
65,0.75
66,0.0625
67,0.625
68,0.53125
69,0.6875
70,0.625
71,0.15625
72,0.25
73,0.875
74,0.4375
75,0.75
76,0.71875
77,0.4375
78,0.375
79,0.0625
80,0.21875
81,0.625
82,0.65625
83,0.34375
84,0.59375
85,0.34375
86,0.0625
87,0.75
88,0.5
89,0.25
90,0.4375
91,0.53125
92,0.6875
93,0.71875
94,0.875
95,0.40625
96,0.15625
97,0.46875
98,0.34375
99,0.34375
100,0.3125
101,0.78125
102,0.75
103,0.03125
104,0.34375
105,0.90625
106,0.59375
107,0.46875
108,0.9375
109,0.53125
110,0.5
111,0.28125
112,0.125
113,0.75
114,0.71875
115,0.875
116,0.6875
117,0.90625
118,0.6875
119,0.625
120,0.09375
121,0.5
122,0.875
123,0.125
124,0.3125
125,0.375
126,0.46875
127,0.53125
128,0.375
129,0.8125
130,0.15625
131,0.84375
132,0.59375
133,0.5625
134,0.625
135,0.375
136,0.8125
137,0.84375
138,0.59375
139,0.8125
140,0.84375
141,0.875
142,0.875
143,0.53125
144,0.96875
145,0.375
146,0.3125
147,0.0625
148,0.71875
149,0.59375
150,0.09375
151,0.21875
152,0.65625
153,0.59375
154,0.5
155,0.09375
156,0.8125
157,0.75
158,0.65625
159,0.84375
160,0.21875
161,0.875
162,0.78125
163,0.15625
164,0.25
165,0.5625
166,0.875
167,0.65625
168,0.0625
169,0.75
170,0.6875
171,0.09375
172,0.40625
173,0.8125
174,0.96875
175,0.9375
176,0.75
177,0.28125
178,0.625
179,0.46875
180,0.5
181,0.90625
182,0.46875
183,0.8125
184,0.625
185,0.75
186,0.59375
187,0.125
188,0.5625
189,0.5625
190,0.75
191,0.84375
192,0.4375
193,0.8125
194,0.3125
195,0.75
196,0.03125
197,0.34375
198,0.53125
199,0.71875
200,0.78125
201,0.125
202,0.90625
203,0.65625
204,0.21875
205,0.71875
206,0.875
207,0.09375
208,0.09375
209,0.4375
210,0.25
211,0.40625
212,0.5
213,0.5625
214,0.5
215,0.3125
216,0.5
217,0.875
218,0.78125
219,0.75
220,0.71875
221,0.09375
222,0.1875
223,0.96875
224,0.71875
225,0.53125
226,0.625
227,0.4375
228,0.53125
229,0.65625
230,0.59375
231,0.875
232,0.625
233,0.84375
234,0.53125
235,0.875
236,0.21875
237,0.6875
238,0.34375
239,0.03125
240,0.03125
241,0.5
242,0.875
243,0.84375
244,0.25
245,0.71875
246,0.875
247,0.59375
248,0.78125
249,0.0625
250,0.6875
251,0.53125
252,0.78125
253,0.03125
254,0.15625
255,0.125
256,0.78125
257,0.0
258,0.21875
259,0.75
260,0.21875
261,0.53125
262,0.4375
263,0.8125
264,0.8125
265,0.6875
266,0.78125
267,0.71875
268,0.96875
269,0.8125
270,0.59375
271,0.8125
272,0.75
273,0.25
274,0.28125
275,0.3125
276,0.25
277,0.875
278,0.0625
279,0.53125
280,0.75
281,0.78125
282,0.90625
283,0.375
284,0.53125
285,0.65625
286,0.53125
287,0.9375
288,0.78125
289,0.90625
290,0.5
291,0.40625
292,0.71875
293,0.78125
294,0.5625
295,0.71875
296,0.5625
297,0.9375
298,0.9375
299,0.8125
300,0.65625
301,0.59375
302,0.8125
303,0.84375
304,0.3125
305,0.875
306,1.0
307,0.1875
308,0.46875
309,0.625
310,0.28125
311,0.5
312,0.65625
313,0.5
314,0.375
315,0.4375
316,0.59375
317,0.3125
318,0.03125
319,0.65625
320,0.96875
321,0.8125
322,0.78125
323,0.59375
324,0.46875
325,0.875
326,0.5
327,0.6875
328,0.625
329,0.6875
330,0.75
331,0.5625
332,0.75
333,0.75
334,0.40625
335,0.125
336,0.53125
337,0.375
338,0.9375
339,0.46875
340,0.40625
341,0.65625
342,0.25
343,0.375
344,0.75
345,0.75
346,0.75
347,0.6875
348,0.1875
349,0.03125
350,0.90625
351,0.84375
352,0.78125
353,0.0
354,0.90625
355,0.46875
356,0.4375
357,0.25
358,0.375
359,0.625
360,0.40625
361,1.0
362,0.46875
363,0.40625
364,0.625
365,0.4375
366,0.59375
367,0.59375
368,0.53125
369,0.03125
370,0.90625
371,0.5625
372,0.78125
373,0.25
374,0.1875
375,0.3125
376,0.4375
377,0.96875
378,0.75
379,0.9375
380,0.90625
381,0.5625
382,1.0
383,0.9375
384,0.84375
385,0.71875
386,0.125
387,0.9375
388,0.5
389,0.1875
390,0.59375
391,0.1875
392,0.9375
393,0.53125
394,0.75
395,0.875
396,0.9375
397,0.71875
398,0.90625
399,0.65625
400,0.46875
401,0.0625
402,0.84375
403,0.0625
404,0.75
405,0.84375
406,0.625
407,0.75
408,0.875
409,0.8125
410,0.8125
411,0.8125
412,0.84375
413,0.84375
414,0.59375
415,0.5625
416,0.96875
417,0.65625
418,0.59375
419,0.78125
420,0.96875
421,0.1875
422,0.15625
423,0.71875
424,0.6875
425,0.75
426,0.78125
427,0.5
428,0.40625
429,0.71875
430,0.375
431,0.5625
432,0.84375
433,0.71875
434,0.71875
435,0.875
436,0.4375
437,0.84375
438,0.875
439,0.21875
440,0.53125
441,0.75
442,0.78125
443,0.71875
444,0.65625
445,0.625
446,0.65625
447,0.78125
448,0.53125
449,0.78125
450,0.375
451,0.25
452,0.25
453,0.0
454,0.71875
455,0.125
456,0.6875
457,0.5625
458,0.71875
459,0.96875
460,0.8125
461,0.59375
462,0.65625
463,0.25
464,0.21875
465,0.15625
466,0.1875
467,0.375
468,0.90625
469,0.15625
470,0.625
471,0.25
472,0.09375
473,0.78125
474,0.21875
475,0.6875
476,0.96875
477,0.75
478,0.78125
479,0.53125
480,0.0
481,0.71875
482,0.53125
483,0.90625
484,0.875
485,0.90625
486,0.96875
487,1.0
488,0.96875
489,0.5625
490,0.25
491,0.59375
492,0.6875
493,0.53125
494,0.75
495,0.8125
496,0.78125
497,0.8125
498,0.9375
499,0.875
500,0.6875
501,0.84375
502,0.875
503,0.5625
504,0.6875
505,0.9375
506,0.65625
507,0.09375
508,0.375
509,0.59375
510,0.34375
511,0.59375
512,0.40625
513,0.8125
514,0.65625
515,0.21875
516,0.9375
517,0.875
518,0.53125
519,0.40625
520,0.65625
521,0.625
522,0.15625
523,0.3125
524,0.5
525,0.875
526,0.0625
527,0.28125
528,0.09375
529,0.71875
530,0.1875
531,0.4375
532,0.15625
533,0.8125
534,0.6875
535,0.625
536,0.625
537,0.5625
538,0.59375
539,0.8125
540,0.4375
541,0.125
542,0.4375
543,0.34375
544,0.5625
545,0.59375
546,0.59375
547,0.71875
548,0.8125
549,0.0625
550,0.59375
551,0.46875
552,0.84375
553,0.78125
554,0.65625
555,0.8125
556,0.375
557,0.65625
558,0.5
559,0.84375
560,0.625
561,0.5
562,0.1875
563,0.46875
564,0.625
565,0.46875
566,0.75
567,0.65625
568,0.25
569,0.75
570,0.78125
571,0.78125
572,0.96875
573,0.625
574,0.59375
575,0.84375
576,0.3125
577,0.71875
578,0.1875
579,0.25
580,0.21875
581,0.96875
582,0.9375
583,0.75
584,0.59375
585,0.65625
586,0.25
587,0.4375
588,0.75
589,0.40625
590,0.5625
591,0.71875
592,0.625
593,0.03125
594,0.5
595,0.53125
596,0.71875
597,0.84375
598,0.5
599,0.5625
600,0.53125
601,0.53125
602,0.9375
603,0.59375
604,0.8125
605,0.3125
606,0.65625
607,0.9375
608,0.6875
609,0.78125
610,0.75
611,0.28125
612,0.53125
613,0.8125
614,0.84375
615,0.6875
616,0.40625
617,0.15625
618,0.15625
619,0.40625
620,0.65625
621,0.21875
622,0.4375
623,0.09375
624,0.84375
625,0.6875
626,0.6875
627,0.875
628,0.78125
629,0.90625
630,0.6875
631,0.9375
632,0.90625
633,0.71875
634,0.125
635,0.0
636,0.375
637,0.25
638,0.125
639,0.9375
640,0.09375
641,0.65625
642,0.875
643,0.875
644,0.9375
645,0.96875
646,0.5
647,0.5625
648,0.6875
649,0.5
650,0.4375
651,0.375
652,0.625
653,0.09375
654,0.03125
655,0.5
656,0.4375
657,0.5625
658,0.59375
659,0.03125
660,0.46875
661,0.59375
662,0.6875
663,0.625
664,0.53125
665,0.25
666,0.84375
667,0.75
668,0.125
669,0.53125
670,1.0
671,0.5625
672,0.59375
673,0.59375
674,0.5625
675,0.53125
676,0.8125
677,0.46875
678,0.09375
679,0.40625
680,0.40625
681,0.375
682,0.90625
683,0.28125
684,0.90625
685,0.5625
686,0.53125
687,0.21875
688,0.25
689,0.59375
690,0.9375
691,0.28125
692,0.0625
693,0.125
694,0.90625
695,0.53125
696,0.5
697,0.15625
698,0.1875
699,0.3125
700,0.65625
701,0.0625
702,0.84375
703,0.625
704,0.625
705,0.5
706,0.46875
707,0.5625
708,0.5625
709,0.3125
710,0.78125
711,0.40625
712,0.59375
713,0.6875
714,1.0
715,0.8125
716,0.96875
717,0.5
718,0.75
719,0.3125
720,0.625
721,0.96875
722,0.59375
723,0.625
724,0.5625
725,0.9375
726,0.59375
727,0.75
728,0.6875
729,0.15625
730,0.78125
731,0.75
732,0.84375
733,0.625
734,0.9375
735,0.09375
736,0.46875
737,0.3125
738,0.5625
739,0.34375
740,0.9375
741,0.34375
742,0.40625
743,0.71875
744,0.03125
745,0.78125
746,0.21875
747,0.8125
748,0.5
749,0.5625
750,0.75
751,0.46875
752,0.90625
753,0.59375
754,0.65625
755,0.71875
756,0.9375
757,0.65625
758,0.3125
759,0.6875
760,0.46875
761,0.5
762,0.28125
763,0.15625
764,0.71875
765,0.9375
766,1.0
767,0.875
768,0.71875
769,0.84375
770,0.5625
771,0.65625
772,0.875
773,0.28125
774,0.78125
775,0.59375
776,0.625
777,0.78125
778,0.875
779,0.46875
780,0.875
781,0.53125
782,0.46875
783,0.53125
784,0.84375
785,0.90625
786,0.75
787,0.875
788,0.125
789,0.0
790,0.65625
791,0.6875
792,0.65625
793,0.8125
794,0.84375
795,0.65625
796,0.75
797,0.625
798,0.625
799,0.875
800,0.03125
801,0.6875
802,0.625
803,0.28125
804,0.03125
805,0.5625
806,0.71875
807,0.8125
808,0.46875
809,0.40625
810,0.96875
811,0.46875
812,0.40625
813,0.8125
814,0.40625
815,0.71875
816,0.84375
817,0.65625
818,0.34375
819,0.84375
820,0.21875
821,0.53125
822,0.59375
823,0.9375
824,0.6875
825,0.71875
826,0.59375
827,0.78125
828,0.15625
829,0.6875
830,0.75
831,0.875
832,0.46875
833,0.875
834,0.96875
835,0.96875
836,0.375
837,0.375
838,0.15625
839,0.5625
840,0.3125
841,0.96875
842,0.40625
843,0.65625
844,0.84375
845,0.625
846,0.46875
847,0.0625
848,0.65625
849,0.625
850,0.6875
851,0.5625
852,0.5625
853,0.65625
854,0.34375
855,0.3125
856,0.3125
857,0.6875
858,0.90625
859,0.34375
860,0.75
861,0.84375
862,0.875
863,0.5
864,0.78125
865,0.0625
866,0.1875
867,0.90625
868,0.90625
869,0.9375
870,0.84375
871,0.6875
872,0.65625
873,0.5
874,0.15625
875,0.15625
876,0.6875
877,0.4375
878,0.8125
879,0.6875
880,0.5625
881,0.0625
882,0.59375
883,0.8125
884,0.65625
885,0.8125
886,0.5625
887,0.8125
888,0.78125
889,0.65625
890,0.9375
891,0.875
892,0.71875
893,0.5
894,0.90625
895,0.875
896,0.78125
897,0.0625
898,0.59375
899,0.5
900,0.46875
901,0.78125
902,0.5625
903,0.4375
904,0.875
905,0.09375
906,0.625
907,0.5
908,0.90625
909,0.71875
910,0.75
911,0.375
912,0.8125
913,0.6875
914,0.65625
915,0.46875
916,0.6875
917,0.84375
918,0.34375
919,0.5625
920,0.90625
921,0.59375
922,0.9375
923,0.59375
924,0.6875
925,0.25
926,0.78125
927,0.625
928,0.03125
929,0.90625
930,0.84375
931,0.75
932,0.9375
933,0.625
934,0.8125
935,0.78125
936,0.78125
937,0.90625
938,0.9375
939,0.4375
940,0.1875
941,0.6875
942,0.6875
943,0.75
944,0.8125
945,0.40625
946,0.03125
947,0.4375
948,0.75
949,0.375
950,0.09375
951,0.71875
952,0.03125
953,0.75
954,0.8125
955,0.9375
956,0.59375
957,0.40625
958,0.6875
959,0.625
960,0.59375
961,0.75
962,0.59375
963,0.6875
964,0.78125
965,0.9375
966,0.9375
967,0.9375
968,0.375
969,0.5
970,0.65625
971,0.625
972,0.40625
973,0.65625
974,0.96875
975,0.71875
976,0.5625
977,0.78125
978,0.8125
979,0.8125
980,0.8125
981,0.78125
982,0.6875
983,0.5
984,0.40625
985,0.78125
986,0.90625
987,0.9375
988,0.90625
989,0.8125
990,0.71875
991,0.75
992,0.84375
993,0.6875
994,0.75
995,0.6875
996,0.78125
997,0.375
998,0.375
999,0.75
1000,0.90625
1001,0.6875
1002,0.25
1003,0.6875
1004,0.5625
1005,0.21875
1006,0.4375
1007,0.5625
1008,0.6875
1009,0.75
1010,0.8125
1011,0.4375
1012,0.59375
1013,0.4375
1014,0.78125
1015,0.8125
1016,0.9375
1017,0.90625
1018,0.71875
1019,0.625
1020,0.84375
1021,0.96875
1022,0.03125
1023,0.25
1024,0.5
1025,0.59375
1026,0.0625
1027,0.5
1028,0.9375
1029,0.84375
1030,0.34375
1031,0.65625
1032,0.78125
1033,0.40625
1034,0.59375
1035,0.59375
1036,0.625
1037,0.90625
1038,0.875
1039,0.5625
1040,0.875
1041,0.65625
1042,0.5625
1043,0.5625
1044,0.875
1045,0.8125
1046,0.625
1047,0.4375
1048,0.75
1049,0.25
1050,0.65625
1051,0.78125
1052,0.4375
1053,0.46875
1054,0.8125
1055,0.53125
1056,0.03125
1057,0.46875
1058,0.84375
1059,0.34375
1060,0.6875
1061,0.90625
1062,0.09375
1063,0.59375
1064,0.375
1065,0.84375
1066,0.53125
1067,0.9375
1068,0.75
1069,0.78125
1070,0.8125
1071,0.875
1072,0.78125
1073,0.84375
1074,0.8125
1075,0.65625
1076,0.59375
1077,0.125
1078,0.03125
1079,0.625
1080,0.75
1081,0.59375
1082,0.15625
1083,0.5625
1084,0.78125
1085,0.625
1086,0.65625
1087,0.875
1088,0.375
1089,0.8125
1090,0.9375
1091,0.71875
1092,0.09375
1093,0.1875
1094,0.8125
1095,0.8125
1096,0.75
1097,0.875
1098,0.53125
1099,0.84375
1100,0.875
1101,0.96875
1102,0.84375
1103,0.6875
1104,0.75
1105,1.0
1106,0.09375
1107,0.21875
1108,0.1875
1109,0.09375
1110,0.84375
1111,0.5625
1112,0.75
1113,0.90625
1114,0.4375
1115,0.4375
1116,0.78125
1117,0.5
1118,0.875
1119,0.8125
1120,0.78125
1121,0.3125
1122,0.40625
1123,0.5625
1124,0.25
1125,0.5625
1126,0.75
1127,0.9375
1128,0.9375
1129,0.8125
1130,0.84375
1131,0.84375
1132,0.96875
1133,0.5625
1134,0.5625
1135,0.65625
1136,0.875
1137,0.59375
1138,0.875
1139,0.78125
1140,0.375
1141,0.3125
1142,0.15625
1143,0.5625
1144,0.1875
1145,0.625
1146,0.40625
1147,0.1875
1148,0.125
1149,0.40625
1150,0.15625
1151,0.625
1152,0.90625
1153,0.8125
1154,0.78125
1155,0.03125
1156,0.15625
1157,0.8125
1158,0.75
1159,0.0
1160,0.75
1161,0.9375
1162,0.15625
1163,0.25
1164,0.5625
1165,0.65625
1166,0.9375
1167,0.71875
1168,0.8125
1169,0.71875
1170,0.90625
1171,0.84375
1172,0.71875
1173,0.59375
1174,0.5625
1175,0.25
1176,0.1875
1177,0.59375
1178,0.65625
1179,0.71875
1180,0.90625
1181,0.875
1182,0.6875
1183,0.5625
1184,0.4375
1185,0.78125
1186,0.53125
1187,0.1875
1188,0.3125
1189,0.0625
1190,0.03125
1191,0.3125
1192,0.875
1193,0.90625
1194,0.4375
1195,0.6875
1196,0.84375
1197,0.28125
1198,0.46875
1199,0.59375
1200,0.53125
1201,0.8125
1202,0.25
1203,0.28125
1204,0.84375
1205,0.28125
1206,0.0
1207,0.71875
1208,0.90625
1209,0.3125
1210,0.78125
1211,0.9375
1212,0.9375
1213,0.28125
1214,0.375
1215,0.5625
1216,0.40625
1217,1.0
1218,0.84375
1219,0.71875
1220,0.40625
1221,0.84375
1222,0.40625
1223,0.21875
1224,0.625
1225,0.8125
1226,0.15625
1227,0.9375
1228,0.59375
1229,0.6875
1230,0.875
1231,0.875
1232,0.59375
1233,0.09375
1234,0.9375
1235,0.5625
1236,0.625
1237,0.4375
1238,0.5625
1239,0.90625
1240,0.71875
1241,0.3125
1242,0.65625
1243,0.78125
1244,0.65625
1245,0.65625
1246,0.71875
1247,0.71875
1248,0.90625
1249,0.40625
1250,0.53125
1251,0.71875
1252,0.875
1253,0.65625
1254,0.625
1255,0.71875
1256,0.375
1257,0.78125
1258,0.6875
1259,0.71875
1260,0.84375
1261,0.5625
1262,0.5
1263,0.375
1264,0.625
1265,0.625
1266,0.65625
1267,0.09375
1268,0.84375
1269,0.8125
1270,0.9375
1271,0.78125
1272,0.28125
1273,0.53125
1274,0.1875
1275,0.625
1276,0.34375
1277,0.9375
1278,0.8125
1279,0.625
1280,0.875
1281,0.84375
1282,0.625
1283,0.40625
1284,0.4375
1285,0.40625
1286,0.5
1287,0.21875
1288,0.875
1289,0.4375
1290,0.9375
1291,0.40625
1292,0.59375
1293,0.75
1294,0.375
1295,0.875
1296,0.875
1297,0.59375
1298,0.84375
1299,0.9375
1300,0.84375
1301,0.21875
1302,0.5625
1303,0.46875
1304,0.71875
1305,0.125
1306,0.34375
1307,0.46875
1308,0.4375
1309,0.84375
1310,0.90625
1311,0.28125
1312,0.65625
1313,0.84375
1314,0.71875
1315,0.875
1316,0.90625
1317,0.78125
1318,0.625
1319,0.5
1320,0.4375
1321,0.96875
1322,0.625
1323,0.34375
1324,0.125
1325,0.25
1326,0.6875
1327,0.84375
1328,0.8125
1329,0.09375
1330,0.09375
1331,0.28125
1332,0.28125
1333,0.21875
1334,0.21875
1335,0.59375
1336,0.5625
1337,0.90625
1338,0.6875
1339,0.3125
1340,0.6875
1341,0.84375
1342,0.75
1343,0.71875
1344,0.46875
1345,0.6875
1346,0.3125
1347,0.09375
1348,0.875
1349,0.875
1350,0.0625
1351,0.0
1352,0.6875
1353,0.71875
1354,0.375
1355,0.6875
1356,0.03125
1357,0.25
1358,0.375
1359,0.8125
1360,0.3125
1361,0.125
1362,0.46875
1363,0.59375
1364,0.34375
1365,0.71875
1366,0.1875
1367,0.8125
1368,0.78125
1369,0.875
1370,0.75
1371,0.15625
1372,0.21875
1373,0.53125
1374,0.53125
1375,0.875
1376,0.59375
1377,0.1875
1378,0.65625
1379,0.40625
1380,0.78125
1381,0.8125
1382,0.78125
1383,0.46875
1384,0.375
1385,0.9375
1386,0.875
1387,0.0625
1388,0.78125
1389,0.25
1390,0.5
1391,0.78125
1392,0.65625
1393,0.53125
1394,0.6875
1395,0.4375
1396,0.03125
1397,0.1875
1398,0.5625
1399,0.125
1400,0.0625
1401,0.78125
1402,0.4375
1403,0.65625
1404,0.53125
1405,0.78125
1406,0.5625
1407,0.25
1408,0.8125
1409,0.65625
1410,0.53125
1411,0.53125
1412,0.125
1413,0.3125
1414,0.5625
1415,0.5
1416,0.5625
1417,0.65625
1418,0.8125
1419,0.78125
1420,0.6875
1421,0.40625
1422,0.25
1423,0.28125
1424,0.46875
1425,0.53125
1426,0.4375
1427,0.0
1428,0.625
1429,0.40625
1430,0.96875
1431,0.40625
1432,0.65625
1433,0.40625
1434,0.8125
1435,0.71875
1436,0.25
1437,0.28125
1438,0.28125
1439,0.03125
1440,0.8125
1441,0.15625
1442,0.1875
1443,0.46875
1444,0.8125
1445,0.9375
1446,0.71875
1447,0.5625
1448,0.65625
1449,0.40625
1450,0.78125
1451,0.71875
1452,0.4375
1453,0.25
1454,0.59375
1455,0.65625
1456,0.46875
1457,0.78125
1458,0.90625
1459,0.59375
1460,0.75
1461,0.59375
1462,0.65625
1463,0.875
1464,0.84375
1465,1.0
1466,0.40625
1467,0.5
1468,0.21875
1469,0.71875
1470,0.78125
1471,0.625
1472,0.5
1473,0.375
1474,0.9375
1475,0.3125
1476,0.875
1477,0.75
1478,0.28125
1479,0.6875
1480,0.53125
1481,0.15625
1482,0.53125
1483,0.125
1484,0.9375
1485,0.875
1486,0.75
1487,0.59375
1488,0.15625
1489,0.5625
1490,0.53125
1491,0.9375
1492,0.25
1493,0.125
1494,0.25
1495,0.15625
1496,0.40625
1497,0.625
1498,0.78125
1499,0.53125
1500,0.59375
1501,0.1875
1502,0.28125
1503,0.59375
1504,0.46875
1505,0.84375
1506,0.46875
1507,0.875
1508,0.84375
1509,0.8125
1510,0.71875
1511,0.8125
1512,0.4375
1513,0.65625
1514,0.5
1515,0.9375
1516,0.625
1517,0.5625
1518,0.46875
1519,0.84375
1520,0.375
1521,0.84375
1522,0.71875
1523,0.78125
1524,0.03125
1525,0.5
1526,0.875
1527,0.90625
1528,0.5625
1529,0.53125
1530,0.90625
1531,0.90625
1532,0.96875
1533,0.75
1534,0.75
1535,0.9375
1536,0.75
1537,0.46875
1538,0.71875
1539,0.3125
1540,0.15625
1541,0.125
1542,0.8125
1543,0.8125
1544,0.75
1545,0.6875
1546,0.5
1547,0.40625
1548,0.75
1549,0.375
1550,0.59375
1551,0.53125
1552,0.71875
1553,0.75
1554,0.96875
1555,0.65625
1556,0.34375
1557,0.5
1558,0.03125
1559,0.65625
1560,0.5625
1561,0.4375
1562,0.84375
1563,0.59375
1564,0.46875
1565,0.78125
1566,0.78125
1567,0.25
1568,0.84375
1569,0.8125
1570,0.78125
1571,0.5
1572,0.875
1573,0.90625
1574,0.75
1575,0.625
1576,0.84375
1577,0.5
1578,0.78125
1579,0.0625
1580,0.625
1581,0.375
1582,0.375
1583,0.875
1584,0.78125
1585,0.1875
1586,0.15625
1587,0.09375
1588,0.1875
1589,0.21875
1590,0.53125
1591,0.71875
1592,0.8125
1593,0.375
1594,0.625
1595,0.65625
1596,0.875
1597,0.875
1598,0.3125
1599,0.28125
1600,1.0
1601,0.65625
1602,0.78125
1603,0.0625
1604,0.25
1605,0.46875
1606,0.90625
1607,0.3125
1608,0.6875
1609,0.59375
1610,0.6875
1611,0.84375
1612,0.03125
1613,0.5
1614,0.71875
1615,0.6875
1616,0.625
1617,0.125
1618,0.75
1619,0.6875
1620,0.46875
1621,0.625
1622,0.53125
1623,0.8125
1624,0.96875
1625,0.3125
1626,1.0
1627,0.53125
1628,0.5625
1629,0.40625
1630,0.65625
1631,0.3125
1632,0.03125
1633,0.3125
1634,0.625
1635,0.5625
1636,0.78125
1637,0.625
1638,0.8125
1639,0.09375
1640,0.5625
1641,0.25
1642,0.625
1643,0.875
1644,0.84375
1645,0.28125
1646,0.65625
1647,0.6875
1648,0.03125
1649,0.0625
1650,0.84375
1651,1.0
1652,0.8125
1653,0.46875
1654,0.75
1655,0.96875
1656,0.53125
1657,0.3125
1658,0.53125
1659,0.875
1660,0.0625
1661,0.625
1662,0.78125
1663,0.6875
1664,0.90625
1665,0.9375
1666,0.25
1667,0.8125
1668,0.71875
1669,0.65625
1670,0.84375
1671,0.875
1672,0.8125
1673,0.84375
1674,0.25
1675,0.34375
1676,0.65625
1677,0.90625
1678,0.84375
1679,0.46875
1680,0.9375
1681,0.6875
1682,0.6875
1683,0.625
1684,0.03125
1685,0.09375
1686,0.875
1687,0.8125
1688,0.46875
1689,0.4375
1690,0.1875
1691,0.6875
1692,0.875
1693,0.53125
1694,0.6875
1695,0.3125
1696,0.71875
1697,0.8125
1698,0.96875
1699,0.6875
1700,0.78125
1701,0.90625
1702,0.78125
1703,0.25
1704,0.4375
1705,0.09375
1706,0.75
1707,0.3125
1708,0.375
1709,0.78125
1710,0.78125
1711,0.78125
1712,0.5
1713,0.75
1714,0.53125
1715,0.375
1716,0.34375
1717,0.875
1718,1.0
1719,0.96875
1720,0.59375
1721,0.625
1722,0.59375
1723,0.28125
1724,0.40625
1725,0.8125
1726,0.6875
1727,0.15625
1728,0.8125
1729,0.71875
1730,0.40625
1731,0.4375
1732,0.65625
1733,0.65625
1734,0.5
1735,0.0625
1736,0.53125
1737,0.875
1738,0.9375
1739,0.78125
1740,0.625
1741,0.65625
1742,0.875
1743,0.53125
1744,0.0
1745,0.25
1746,0.84375
1747,0.65625
1748,0.5
1749,0.8125
1750,0.5625
1751,0.375
1752,0.375
1753,0.6875
1754,0.28125
1755,0.28125
1756,0.375
1757,0.84375
1758,0.875
1759,0.75
1760,0.875
1761,0.84375
1762,0.90625
1763,0.84375
1764,0.59375
1765,0.90625
1766,0.625
1767,0.4375
1768,0.59375
1769,0.625
1770,0.59375
1771,0.28125
1772,0.5
1773,0.8125
1774,0.5625
1775,0.59375
1776,0.75
1777,0.90625
1778,0.875
1779,0.90625
1780,0.59375
1781,0.8125
1782,0.28125
1783,0.375
1784,0.0
1785,0.28125
1786,0.71875
1787,0.3125
1788,0.59375
1789,0.4375
1790,0.125
1791,0.5625
1792,0.5
1793,0.09375
1794,0.40625
1795,0.1875
1796,0.78125
1797,0.75
1798,0.40625
1799,0.625
1800,0.875
1801,0.28125
1802,0.3125
1803,0.65625
1804,0.78125
1805,0.625
1806,0.40625
1807,0.34375
1808,0.4375
1809,0.84375
1810,0.28125
1811,0.65625
1812,0.84375
1813,0.875
1814,0.46875
1815,0.8125
1816,0.5625
1817,0.4375
1818,0.9375
1819,0.4375
1820,0.65625
1821,0.5625
1822,0.875
1823,0.40625
1824,0.8125
1825,0.75
1826,0.875
1827,0.34375
1828,0.875
1829,0.78125
1830,0.59375
1831,0.28125
1832,0.75
1833,0.875
1834,0.625
1835,0.46875
1836,0.09375
1837,0.59375
1838,0.09375
1839,0.5
1840,0.3125
1841,0.28125
1842,0.90625
1843,0.1875
1844,0.375
1845,0.46875
1846,0.65625
1847,0.875
1848,0.1875
1849,0.6875
1850,0.96875
1851,0.625
1852,0.90625
1853,0.5625
1854,0.4375
1855,0.90625
1856,0.5625
1857,0.15625
1858,0.3125
1859,0.34375
1860,0.59375
1861,0.21875
1862,0.59375
1863,0.78125
1864,0.6875
1865,0.21875
1866,0.4375
1867,0.84375
1868,0.8125
1869,0.46875
1870,0.53125
1871,0.5
1872,0.46875
1873,0.25
1874,0.71875
1875,0.9375
1876,0.28125
1877,0.78125
1878,0.6875
1879,0.53125
1880,0.3125
1881,0.125
1882,0.28125
1883,0.6875
1884,0.75
1885,0.59375
1886,0.84375
1887,0.8125
1888,0.40625
1889,0.6875
1890,0.875
1891,0.6875
1892,0.59375
1893,0.78125
1894,0.875
1895,0.78125
1896,0.4375
1897,0.625
1898,0.65625
1899,0.90625
1900,0.3125
1901,0.1875
1902,0.5
1903,0.46875
1904,0.71875
1905,0.75
1906,0.8125
1907,0.59375
1908,0.9375
1909,0.5625
1910,0.875
1911,0.875
1912,0.40625
1913,0.5625
1914,0.53125
1915,0.1875
1916,0.9375
1917,0.46875
1918,0.84375
1919,0.75
1920,0.875
1921,0.28125
1922,0.875
1923,0.75
1924,0.90625
1925,0.71875
1926,0.59375
1927,0.21875
1928,0.78125
1929,0.875
1930,0.875
1931,0.78125
1932,0.78125
1933,0.65625
1934,0.59375
1935,0.40625
1936,0.5625
1937,0.71875
1938,0.875
1939,0.40625
1940,0.5
1941,0.40625
1942,0.25
1943,0.40625
1944,0.53125
1945,0.125
1946,0.84375
1947,0.71875
1948,0.875
1949,0.78125
1950,0.59375
1951,0.46875
1952,0.59375
1953,0.625
1954,0.40625
1955,0.28125
1956,0.96875
1957,0.5
1958,0.3125
1959,0.53125
1960,0.5625
1961,0.71875
1962,0.46875
1963,0.21875
1964,0.78125
1965,0.1875
1966,0.34375
1967,0.8125
1968,0.09375
1969,0.5
1970,0.59375
1971,0.875
1972,0.71875
1973,0.78125
1974,0.03125
1975,0.09375
1976,0.71875
1977,0.8125
1978,0.90625
1979,0.625
1980,0.1875
1981,0.84375
1982,0.90625
1983,0.71875
1984,0.875
1985,0.4375
1986,0.1875
1987,0.90625
1988,0.75
1989,0.9375
1990,0.46875
1991,0.0625
1992,0.65625
1993,0.96875
1994,0.5625
1995,0.65625
1996,0.875
1997,0.5
1998,0.59375
1999,0.59375
2000,0.84375
2001,0.15625
2002,0.1875
2003,0.4375
2004,0.75
2005,0.40625
2006,0.46875
2007,0.90625
2008,0.90625
2009,0.9375
2010,0.46875
2011,0.65625
2012,0.75
2013,0.875
2014,0.59375
2015,0.75
2016,0.71875
2017,0.5625
2018,0.75
2019,0.9375
2020,0.6875
2021,0.8125
2022,0.65625
2023,0.5625
2024,0.5
2025,0.71875
2026,0.875
2027,0.4375
2028,0.96875
2029,0.5
2030,0.5625
2031,0.71875
2032,0.59375
2033,0.84375
2034,0.28125
2035,0.5625
2036,0.59375
2037,0.71875
2038,1.0
2039,0.8125
2040,0.53125
2041,0.8125
2042,0.78125
2043,0.59375
2044,0.84375
2045,0.59375
2046,0.75
2047,0.84375
2048,0.125
2049,0.4375
2050,0.71875
2051,0.0625
2052,0.84375
2053,0.53125
2054,0.53125
2055,0.9375
2056,0.78125
2057,0.875
2058,0.84375
2059,0.71875
2060,0.90625
2061,0.90625
2062,0.1875
2063,0.84375
2064,0.1875
2065,0.8125
2066,0.0
2067,0.84375
2068,0.84375
2069,0.4375
2070,0.3125
2071,0.65625
2072,0.6875
2073,0.9375
2074,0.3125
2075,0.8125
2076,0.5625
2077,0.75
2078,0.90625
2079,0.40625
2080,0.125
2081,0.71875
2082,0.125
2083,0.78125
2084,0.21875
2085,0.1875
2086,0.59375
2087,0.875
2088,0.78125
2089,0.71875
2090,0.65625
2091,0.78125
2092,0.03125
2093,0.40625
2094,0.84375
2095,0.15625
2096,0.53125
2097,0.75
2098,0.75
2099,0.3125
2100,0.1875
2101,0.78125
2102,0.625
2103,0.40625
2104,0.8125
2105,0.78125
2106,0.9375
2107,0.9375
2108,0.71875
2109,0.84375
2110,0.75
2111,0.75
2112,0.90625
2113,0.875
2114,0.9375
2115,0.09375
2116,0.9375
2117,0.25
2118,0.0625
2119,0.71875
2120,0.71875
2121,0.71875
2122,0.71875
2123,0.8125
2124,0.15625
2125,0.5
2126,0.71875
2127,0.8125
2128,0.6875
2129,0.4375
2130,0.625
2131,0.25
2132,0.1875
2133,0.15625
2134,0.84375
2135,0.71875
2136,0.3125
2137,0.28125
2138,0.9375
2139,0.875
2140,0.5
2141,0.8125
2142,0.625
2143,0.40625
2144,0.8125
2145,0.8125
2146,0.75
2147,0.84375
2148,0.875
2149,0.8125
2150,0.75
2151,0.75
2152,0.875
2153,0.90625
2154,0.46875
2155,0.0
2156,0.09375
2157,0.84375
2158,0.375
2159,0.84375
2160,0.09375
2161,0.34375
2162,0.125
2163,0.15625
2164,0.15625
2165,0.71875
2166,0.9375
2167,0.8125
2168,0.625
2169,0.53125
2170,0.6875
2171,0.8125
2172,0.84375
2173,0.4375
2174,0.1875
2175,0.5
2176,0.71875
2177,0.375
2178,0.75
2179,0.78125
2180,0.09375
2181,0.875
2182,0.65625
2183,0.59375
2184,0.0625
2185,0.8125
2186,0.90625
2187,0.71875
2188,0.03125
2189,0.75
2190,0.28125
2191,0.46875
2192,0.625
2193,0.9375
2194,0.9375
2195,0.8125
2196,0.65625
2197,0.9375
2198,0.59375
2199,0.6875
2200,0.34375
2201,0.875
2202,0.78125
2203,0.875
2204,0.8125
2205,0.90625
2206,0.8125
2207,0.90625
2208,0.53125
2209,0.34375
2210,0.46875
2211,0.1875
2212,0.96875
2213,0.84375
2214,0.75
2215,0.71875
2216,0.15625
2217,0.71875
2218,0.84375
2219,0.78125
2220,0.28125
2221,0.03125
2222,0.875
2223,0.1875
2224,0.25
2225,0.5625
2226,0.46875
2227,0.84375
2228,0.59375
2229,0.1875
2230,0.25
2231,0.84375
2232,0.8125
2233,0.71875
2234,0.8125
2235,0.40625
2236,0.21875
2237,0.53125
2238,0.59375
2239,0.75
2240,0.75
2241,0.71875
2242,0.15625
2243,0.25
2244,0.71875
2245,0.375
2246,0.09375
2247,0.21875
2248,0.78125
2249,0.84375
2250,0.625
2251,0.90625
2252,0.25
2253,0.4375
2254,0.46875
2255,0.875
2256,0.625
2257,0.53125
2258,0.8125
2259,0.8125
2260,0.4375
2261,0.75
2262,0.59375
2263,0.84375
2264,0.875
2265,0.46875
2266,0.875
2267,0.59375
2268,0.84375
2269,0.375
2270,0.46875
2271,0.09375
2272,0.375
2273,0.0625
2274,0.28125
2275,0.25
2276,0.3125
2277,0.4375
2278,0.5
2279,0.34375
2280,0.15625
2281,0.8125
2282,0.78125
2283,0.875
2284,0.9375
2285,0.90625
2286,0.90625
2287,0.71875
2288,0.6875
2289,0.875
2290,0.21875
2291,0.25
2292,0.78125
2293,0.90625
2294,0.53125
2295,0.3125
2296,0.625
2297,0.875
2298,0.59375
2299,0.9375
2300,0.34375
2301,0.5625
2302,0.375
2303,0.75
2304,0.65625
2305,0.875
2306,0.125
2307,0.65625
2308,0.75
2309,0.78125
2310,0.46875
2311,0.875
2312,0.84375
2313,0.75
2314,0.5625
2315,0.8125
2316,0.84375
2317,0.375
2318,0.28125
2319,0.5
2320,0.34375
2321,0.96875
2322,0.1875
2323,0.15625
2324,0.125
2325,0.59375
2326,0.3125
2327,0.6875
2328,0.96875
2329,0.65625
2330,0.90625
2331,0.34375
2332,0.65625
2333,0.875
2334,0.625
2335,0.875
2336,1.0
2337,0.5625
2338,0.6875
2339,0.78125
2340,0.5
2341,0.5
2342,0.15625
2343,0.84375
2344,1.0
2345,0.96875
2346,0.625
2347,0.84375
2348,0.1875
2349,0.78125
2350,0.375
2351,0.09375
2352,0.84375
2353,0.84375
2354,0.90625
2355,0.875
2356,0.65625
2357,0.9375
2358,0.09375
2359,0.1875
2360,0.6875
2361,0.40625
2362,0.75
2363,0.78125
2364,0.8125
2365,0.78125
2366,0.5
2367,0.46875
2368,0.25
2369,0.40625
2370,0.59375
2371,0.875
2372,0.75
2373,0.84375
2374,0.90625
2375,0.90625
2376,0.65625
2377,0.5
2378,0.84375
2379,0.78125
2380,0.25
2381,0.4375
2382,0.875
2383,0.34375
2384,0.625
2385,0.5
2386,0.46875
2387,0.46875
2388,0.03125
2389,0.8125
2390,0.71875
2391,0.03125
2392,0.40625
2393,0.625
2394,0.25
2395,0.5625
2396,0.96875
2397,0.78125
2398,0.84375
2399,0.15625
2400,0.875
2401,0.75
2402,0.96875
2403,0.75
2404,0.875
2405,0.59375
2406,0.9375
2407,0.6875
2408,0.875
2409,0.28125
2410,0.71875
2411,0.65625
2412,0.65625
2413,0.1875
2414,0.25
2415,0.9375
2416,0.84375
2417,0.78125
2418,0.90625
2419,0.75
2420,0.625
2421,0.84375
2422,0.9375
2423,0.71875
2424,0.78125
2425,0.71875
2426,0.5625
2427,0.15625
2428,0.84375
2429,0.6875
2430,0.625
2431,0.40625
2432,0.6875
2433,0.71875
2434,0.84375
2435,0.90625
2436,0.28125
2437,0.15625
2438,0.53125
2439,0.625
2440,0.75
2441,0.6875
2442,0.53125
2443,0.84375
2444,0.625
2445,0.375
2446,0.8125
2447,0.71875
2448,0.5625
2449,0.78125
2450,0.6875
2451,0.46875
2452,0.46875
2453,0.53125
2454,0.84375
2455,0.71875
2456,0.9375
2457,0.5625
2458,0.21875
2459,0.6875
2460,0.65625
2461,0.78125
2462,0.90625
2463,0.65625
2464,0.96875
2465,0.40625
2466,0.875
2467,0.34375
2468,0.75
2469,0.90625
2470,1.0
2471,0.65625
2472,0.75
2473,0.90625
2474,0.78125
2475,0.75
2476,0.8125
2477,0.84375
2478,0.5625
2479,0.125
2480,0.21875
2481,0.125
2482,0.6875
2483,0.78125
2484,0.0
2485,0.34375
2486,0.90625
2487,0.4375
2488,0.03125
2489,0.40625
2490,0.78125
2491,0.53125
2492,0.15625
2493,0.5625
2494,1.0
2495,0.53125
2496,0.4375
2497,0.09375
2498,0.0625
2499,0.25
2500,0.8125
2501,0.90625
2502,0.03125
2503,0.09375
2504,0.53125
2505,0.125
2506,0.0625
2507,0.59375
2508,0.125
2509,0.46875
2510,0.90625
2511,0.5
2512,0.84375
2513,0.75
2514,0.40625
2515,0.625
2516,0.75
2517,0.46875
2518,0.78125
2519,0.6875
2520,0.875
2521,0.1875
2522,0.4375
2523,0.28125
2524,0.8125
2525,0.71875
2526,0.90625
2527,0.9375
2528,0.9375
2529,0.84375
2530,0.625
2531,0.65625
2532,0.15625
2533,0.125
2534,0.8125
2535,0.6875
2536,0.75
2537,0.375
2538,0.25
2539,0.75
2540,0.0625
2541,0.34375
2542,0.1875
2543,0.6875
2544,0.9375
2545,0.4375
2546,0.25
2547,0.90625
2548,0.21875
2549,0.1875
2550,0.90625
2551,0.71875
2552,0.3125
2553,0.8125
2554,0.5
2555,0.96875
2556,0.15625
2557,0.34375
2558,0.875
2559,0.9375
2560,1.0
2561,0.375
2562,0.875
2563,0.125
2564,0.21875
2565,0.40625
2566,0.71875
2567,0.15625
2568,0.65625
2569,0.53125
2570,0.6875
2571,0.375
2572,0.875
2573,0.71875
2574,0.8125
2575,0.03125
2576,0.84375
2577,0.90625
2578,0.71875
2579,0.5
2580,0.4375
2581,0.1875
2582,0.125
2583,0.53125
2584,0.6875
2585,0.375
2586,0.34375
2587,0.34375
2588,0.59375
2589,0.4375
2590,0.9375
2591,0.3125
2592,0.9375
2593,0.875
2594,0.8125
2595,0.6875
2596,0.25
2597,0.0625
2598,0.6875
2599,0.625
2600,0.375
2601,0.875
2602,0.75
2603,0.5625
2604,0.4375
2605,0.3125
2606,0.75
2607,0.75
2608,0.78125
2609,0.6875
2610,0.84375
2611,0.84375
2612,0.8125
2613,0.15625
2614,0.625
2615,0.8125
2616,0.34375
2617,0.625
2618,0.75
2619,0.5625
2620,0.71875
2621,0.90625
2622,0.96875
2623,0.0
2624,0.5
2625,0.71875
2626,0.28125
2627,0.75
2628,0.90625
2629,0.625
2630,0.0625
2631,0.0625
2632,0.46875
2633,0.84375
2634,0.4375
2635,0.5625
2636,0.6875
2637,0.90625
2638,0.21875
2639,0.65625
2640,0.1875
2641,0.71875
2642,0.75
2643,0.84375
2644,0.78125
2645,0.65625
2646,0.78125
2647,0.90625
2648,0.8125
2649,0.90625
2650,0.125
2651,0.09375
2652,0.21875
2653,0.625
2654,0.875
2655,0.5625
2656,0.21875
2657,0.0
2658,0.375
2659,0.625
2660,0.8125
2661,0.8125
2662,0.875
2663,0.09375
2664,0.78125
2665,0.625
2666,0.71875
2667,0.5
2668,0.78125
2669,0.84375
2670,0.71875
2671,0.5625
2672,0.9375
2673,0.25
2674,0.6875
2675,0.375
2676,0.78125
2677,0.5625
2678,0.3125
2679,0.3125
2680,0.65625
2681,0.6875
2682,0.8125
2683,0.71875
2684,0.875
2685,0.75
2686,0.84375
2687,0.65625
2688,0.25
2689,0.9375
2690,0.40625
2691,0.9375
2692,0.90625
2693,0.875
2694,0.875
2695,0.6875
2696,0.9375
2697,1.0
2698,0.75
2699,0.84375
2700,0.9375
2701,0.84375
2702,0.90625
2703,0.75
2704,0.96875
2705,0.65625
2706,0.90625
2707,0.34375
2708,0.75
2709,0.3125
2710,0.625
2711,0.1875
2712,0.3125
2713,0.53125
2714,0.25
2715,0.3125
2716,0.375
2717,0.625
2718,0.84375
2719,0.5625
2720,0.6875
2721,0.8125
2722,0.15625
2723,0.40625
2724,0.8125
2725,0.8125
2726,0.65625
2727,0.25
2728,0.5
2729,0.53125
2730,0.71875
2731,0.5625
2732,0.40625
2733,0.03125
2734,0.4375
2735,0.78125
2736,0.625
2737,0.53125
2738,0.5625
2739,0.96875
2740,0.28125
2741,0.5
2742,0.84375
2743,0.6875
2744,0.40625
2745,0.28125
2746,0.40625
2747,0.5625
2748,0.59375
2749,0.6875
2750,0.71875
2751,0.3125
2752,0.53125
2753,0.5625
2754,0.5625
2755,0.65625
2756,0.75
2757,0.84375
2758,0.84375
2759,0.3125
2760,0.21875
2761,0.90625
2762,0.625
2763,0.59375
2764,0.40625
2765,0.8125
2766,0.25
2767,0.03125
2768,0.6875
2769,0.5
2770,0.21875
2771,0.40625
2772,0.03125
2773,0.15625
2774,0.375
2775,0.0625
2776,0.15625
2777,0.53125
2778,0.125
2779,0.5
2780,0.375
2781,0.5625
2782,0.75
2783,0.75
2784,0.90625
2785,0.84375
2786,0.875
2787,0.8125
2788,0.5625
2789,0.65625
2790,0.125
2791,0.875
2792,0.65625
2793,0.875
2794,0.625
2795,0.875
2796,0.8125
2797,0.625
2798,0.8125
2799,0.3125
2800,0.4375
2801,0.5625
2802,0.59375
2803,0.15625
2804,0.6875
2805,0.53125
2806,0.59375
2807,0.6875
2808,0.84375
2809,0.5625
2810,0.71875
2811,0.875
2812,0.90625
2813,0.375
2814,0.0625
2815,0.09375
2816,0.40625
2817,0.8125
2818,0.53125
2819,0.9375
2820,0.59375
2821,0.9375
2822,0.3125
2823,0.96875
2824,0.90625
2825,0.78125
2826,0.9375
2827,0.6875
2828,0.0625
2829,0.875
2830,0.625
2831,0.71875
2832,0.625
2833,0.09375
2834,0.78125
2835,0.375
2836,0.78125
2837,1.0
2838,0.3125
2839,0.59375
2840,0.8125
2841,0.8125
2842,0.9375
2843,0.125
2844,0.75
2845,0.96875
2846,0.53125
2847,0.3125
2848,0.0
2849,0.375
2850,0.125
2851,0.875
2852,0.0625
2853,0.40625
2854,0.8125
2855,0.0625
2856,0.625
2857,0.78125
2858,0.15625
2859,0.78125
2860,0.46875
2861,0.46875
2862,0.84375
2863,0.65625
2864,0.1875
2865,0.71875
2866,0.21875
2867,0.125
2868,0.90625
2869,0.90625
2870,0.875
2871,0.03125
2872,0.34375
2873,0.15625
2874,0.8125
2875,0.78125
2876,0.71875
2877,0.53125
2878,0.84375
2879,0.71875
2880,0.96875
2881,0.75
2882,0.875
2883,0.71875
2884,0.71875
2885,0.375
2886,0.59375
2887,0.59375
2888,0.75
2889,1.0
2890,0.6875
2891,0.59375
2892,0.6875
2893,0.9375
2894,0.75
2895,0.21875
2896,0.65625
2897,0.96875
2898,0.875
2899,0.65625
2900,0.65625
2901,0.90625
2902,0.28125
2903,0.8125
2904,0.9375
2905,0.625
2906,0.28125
2907,0.0625
2908,0.09375
2909,0.90625
2910,0.6875
2911,0.0625
2912,0.84375
2913,0.84375
2914,0.8125
2915,0.75
2916,0.71875
2917,0.90625
2918,0.9375
2919,0.21875
2920,0.65625
2921,0.8125
2922,0.3125
2923,0.1875
2924,0.65625
2925,0.5625
2926,0.46875
2927,0.1875
2928,0.0625
2929,0.15625
2930,0.40625
2931,0.75
2932,0.90625
2933,0.65625
2934,0.59375
2935,0.65625
2936,0.0625
2937,0.40625
2938,0.4375
2939,0.8125
2940,0.625
2941,0.375
2942,0.90625
2943,1.0
2944,0.84375
2945,0.3125
2946,0.03125
2947,0.8125
2948,0.65625
2949,0.5
2950,0.1875
2951,0.65625
2952,0.625
2953,0.21875
2954,0.0
2955,0.34375
2956,0.90625
2957,0.875
2958,0.59375
2959,0.1875
2960,0.875
2961,0.40625
2962,0.46875
2963,0.46875
2964,0.65625
2965,0.1875
2966,0.59375
2967,0.6875
2968,0.875
2969,0.75
2970,0.90625
2971,0.4375
2972,0.5625
2973,0.9375
2974,0.625
2975,0.8125
2976,0.8125
2977,0.65625
2978,0.875
2979,0.8125
2980,0.875
2981,0.625
2982,0.40625
2983,0.53125
2984,0.90625
2985,0.5625
2986,0.96875
2987,0.46875
2988,0.53125
2989,0.6875
2990,0.9375
2991,0.90625
2992,0.78125
2993,0.75
2994,0.71875
2995,0.65625
2996,0.15625
2997,0.5
2998,0.71875
2999,0.84375
3000,0.53125
3001,0.03125
3002,0.15625
3003,0.78125
3004,0.34375
3005,0.0625
3006,0.40625
3007,0.53125
3008,0.59375
3009,0.25
3010,0.0625
3011,0.15625
3012,0.8125
3013,0.28125
3014,0.96875
3015,0.75
3016,0.84375
3017,0.53125
3018,0.8125
3019,0.59375
3020,0.875
3021,0.8125
3022,0.625
3023,0.875
3024,0.96875
3025,0.78125
3026,0.6875
3027,0.1875
3028,0.53125
3029,0.8125
3030,0.53125
3031,0.03125
3032,0.21875
3033,0.625
3034,0.4375
3035,0.03125
3036,0.46875
3037,0.28125
3038,0.4375
3039,0.75
3040,0.96875
3041,0.78125
3042,0.84375
3043,0.34375
3044,0.40625
3045,0.9375
3046,0.875
3047,0.90625
3048,0.6875
3049,0.40625
3050,0.625
3051,0.15625
3052,0.125
3053,0.9375
3054,0.375
3055,0.4375
3056,0.3125
3057,0.375
3058,0.6875
3059,0.53125
3060,0.625
3061,0.25
3062,0.09375
3063,0.03125
3064,0.875
3065,0.75
3066,0.78125
3067,1.0
3068,0.65625
3069,0.9375
3070,0.75
3071,0.8125
3072,0.90625
3073,0.3125
3074,0.09375
3075,0.6875
3076,0.75
3077,0.90625
3078,0.78125
3079,0.40625
3080,0.59375
3081,0.59375
3082,0.96875
3083,0.40625
3084,0.875
3085,0.125
3086,0.625
3087,0.4375
3088,0.0625
3089,0.03125
3090,0.0625
3091,0.3125
3092,0.15625
3093,0.75
3094,1.0
3095,0.90625
3096,0.71875
3097,0.8125
3098,0.03125
3099,0.40625
3100,0.84375
3101,0.8125
3102,0.75
3103,0.34375
3104,0.625
3105,0.53125
3106,0.40625
3107,0.25
3108,0.1875
3109,0.71875
3110,0.84375
3111,0.65625
3112,0.90625
3113,0.40625
3114,0.65625
3115,0.75
3116,0.875
3117,0.71875
3118,0.625
3119,0.125
3120,0.125
3121,0.125
3122,0.65625
3123,0.9375
3124,0.21875
3125,0.5
3126,0.6875
3127,0.71875
3128,0.5
3129,0.625
3130,0.84375
3131,0.46875
3132,0.75
3133,0.5
3134,0.1875
3135,0.625
3136,0.21875
3137,0.84375
3138,0.75
3139,0.625
3140,0.9375
3141,0.46875
3142,0.625
3143,0.9375
3144,0.34375
3145,0.8125
3146,0.625
3147,0.125
3148,0.0625
3149,0.90625
3150,0.1875
3151,0.96875
3152,0.375
3153,0.53125
3154,0.59375
3155,0.59375
3156,0.84375
3157,0.21875
3158,0.46875
3159,0.8125
3160,0.5
3161,0.875
3162,0.6875
3163,0.78125
3164,0.5
3165,0.15625
3166,0.15625
3167,0.65625
3168,0.03125
3169,0.1875
3170,0.8125
3171,0.4375
3172,0.09375
3173,0.8125
3174,0.0625
3175,0.40625
3176,0.96875
3177,0.90625
3178,0.96875
3179,0.53125
3180,0.8125
3181,0.90625
3182,0.5
3183,0.5
3184,0.59375
3185,0.5625
3186,0.59375
3187,0.78125
3188,0.25
3189,0.71875
3190,0.90625
3191,0.71875
3192,0.875
3193,0.875
3194,0.78125
3195,0.625
3196,0.78125
3197,0.71875
3198,0.0625
3199,0.28125
3200,0.125
3201,0.75
3202,0.03125
3203,0.6875
3204,0.0
3205,0.53125
3206,0.9375
3207,0.9375
3208,0.4375
3209,0.09375
3210,0.40625
3211,0.4375
3212,0.625
3213,0.375
3214,0.90625
3215,0.8125
3216,0.625
3217,0.90625
3218,0.8125
3219,0.0625
3220,0.75
3221,0.59375
3222,0.5625
3223,0.6875
3224,0.625
3225,0.6875
3226,0.75
3227,0.3125
3228,0.71875
3229,0.8125
3230,0.84375
3231,0.25
3232,0.6875
3233,0.4375
3234,0.5
3235,0.15625
3236,0.8125
3237,0.1875
3238,0.03125
3239,0.46875
3240,0.34375
3241,0.8125
3242,0.53125
3243,0.71875
3244,0.90625
3245,0.65625
3246,0.84375
3247,0.75
3248,0.65625
3249,0.90625
3250,0.9375
3251,0.25
3252,0.625
3253,0.65625
3254,0.59375
3255,0.9375
3256,0.8125
3257,0.6875
3258,0.875
3259,0.09375
3260,0.6875
3261,0.65625
3262,0.53125
3263,0.5
3264,0.53125
3265,0.8125
3266,0.6875
3267,0.5
3268,0.46875
3269,0.9375
3270,0.46875
3271,0.8125
3272,0.71875
3273,0.75
3274,0.25
3275,0.5625
3276,0.625
3277,0.78125
3278,0.5
3279,0.6875
3280,0.34375
3281,0.40625
3282,0.875
3283,0.75
3284,0.375
3285,0.71875
3286,0.78125
3287,0.96875
3288,0.84375
3289,0.40625
3290,0.8125
3291,0.8125
3292,0.9375
3293,0.0
3294,0.8125
3295,0.75
3296,0.71875
3297,0.3125
3298,0.9375
3299,0.75
3300,0.5625
3301,0.5625
3302,0.9375
3303,0.875
3304,0.71875
3305,0.53125
3306,0.75
3307,0.9375
3308,0.71875
3309,0.84375
3310,0.8125
3311,0.3125
3312,0.9375
3313,0.75
3314,0.46875
3315,0.3125
3316,0.8125
3317,0.4375
3318,0.875
3319,0.65625
3320,0.71875
3321,0.5
3322,0.0625
3323,0.375
3324,0.15625
3325,0.5625
3326,0.875
3327,0.65625
3328,0.65625
3329,0.96875
3330,0.84375
3331,0.90625
3332,0.34375
3333,0.1875
3334,0.5625
3335,0.21875
3336,0.15625
3337,0.28125
3338,0.875
3339,0.375
3340,0.78125
3341,0.75
3342,0.1875
3343,0.53125
3344,0.84375
3345,0.0625
3346,0.5625
3347,0.90625
3348,0.6875
3349,0.59375
3350,0.0
3351,0.6875
3352,0.90625
3353,0.9375
3354,0.03125
3355,0.40625
3356,0.9375
3357,0.625
3358,0.8125
3359,0.15625
3360,0.6875
3361,0.65625
3362,0.875
3363,0.78125
3364,0.96875
3365,0.84375
3366,0.34375
3367,0.90625
3368,0.5625
3369,0.8125
3370,0.5625
3371,0.71875
3372,0.53125
3373,0.875
3374,0.875
3375,0.71875
3376,0.59375
3377,0.875
3378,0.84375
3379,0.75
3380,0.0
3381,0.78125
3382,0.25
3383,0.03125
3384,0.5625
3385,0.3125
3386,0.1875
3387,0.09375
3388,0.6875
3389,0.71875
3390,0.90625
3391,0.78125
3392,0.8125
3393,0.75
3394,0.46875
3395,0.15625
3396,0.6875
3397,0.1875
3398,0.5
3399,0.6875
3400,0.96875
3401,0.96875
3402,0.1875
3403,0.1875
3404,0.34375
3405,0.75
3406,0.96875
3407,0.53125
3408,0.09375
3409,0.46875
3410,0.125
3411,0.25
3412,0.125
3413,0.75
3414,0.875
3415,0.5625
3416,0.8125
3417,0.125
3418,0.21875
3419,0.8125
3420,0.3125
3421,0.28125
3422,0.25
3423,0.46875
3424,0.0625
3425,0.75
3426,0.4375
3427,0.84375
3428,0.90625
3429,0.4375
3430,0.84375
3431,0.78125
3432,0.625
3433,0.9375
3434,0.65625
3435,0.03125
3436,0.90625
3437,0.625
3438,0.25
3439,0.125
3440,0.53125
3441,0.5
3442,0.59375
3443,0.625
3444,0.46875
3445,0.90625
3446,0.8125
3447,0.84375
3448,0.15625
3449,0.84375
3450,0.53125
3451,0.84375
3452,0.96875
3453,0.375
3454,0.4375
3455,0.125
3456,0.75
3457,0.90625
3458,0.90625
3459,0.65625
3460,0.78125
3461,0.09375
3462,0.53125
3463,0.5
3464,0.0625
3465,0.90625
3466,0.0625
3467,0.09375
3468,0.875
3469,0.75
3470,0.6875
3471,0.75
3472,0.65625
3473,0.625
3474,0.625
3475,0.90625
3476,0.9375
3477,0.6875
3478,0.125
3479,0.53125
3480,0.4375
3481,0.71875
3482,0.125
3483,0.71875
3484,0.3125
3485,0.875
3486,0.46875
3487,0.4375
3488,0.90625
3489,0.84375
3490,0.96875
3491,0.875
3492,0.5625
3493,0.84375
3494,0.59375
3495,0.09375
3496,0.40625
3497,0.65625
3498,0.15625
3499,0.4375
3500,0.84375
3501,0.8125
3502,0.65625
3503,0.84375
3504,0.3125
3505,0.25
3506,0.75
3507,0.65625
3508,0.6875
3509,0.9375
3510,0.78125
3511,0.84375
3512,0.625
3513,0.84375
3514,0.3125
3515,0.875
3516,0.21875
3517,0.84375
3518,0.75
3519,0.3125
3520,0.90625
3521,0.5625
3522,0.1875
3523,0.5
3524,0.75
3525,0.78125
3526,0.8125
3527,0.125
3528,0.1875
3529,0.65625
3530,0.75
3531,0.78125
3532,0.4375
3533,0.75
3534,0.75
3535,0.46875
3536,0.03125
3537,0.15625
3538,0.5625
3539,0.5
3540,0.34375
3541,0.25
3542,0.5625
3543,0.84375
3544,0.53125
3545,0.8125
3546,0.875
3547,0.71875
3548,0.625
3549,0.84375
3550,0.90625
3551,0.71875
3552,0.9375
3553,0.75
3554,0.96875
3555,0.84375
3556,0.0625
3557,0.4375
3558,0.8125
3559,0.5
3560,0.59375
3561,0.6875
3562,0.90625
3563,0.75
3564,0.875
3565,0.8125
3566,0.5
3567,0.90625
3568,0.90625
3569,0.4375
3570,0.125
3571,0.65625
3572,0.75
3573,0.78125
3574,0.46875
3575,0.34375
3576,0.46875
3577,0.75
3578,0.0625
3579,0.8125
3580,0.0
3581,0.9375
3582,0.65625
3583,0.5
3584,0.75
3585,0.6875
3586,0.9375
3587,0.9375
3588,0.875
3589,0.53125
3590,0.4375
3591,0.84375
3592,0.875
3593,0.6875
3594,0.9375
3595,0.84375
3596,0.84375
3597,0.9375
3598,0.21875
3599,0.1875
3600,0.03125
3601,0.5625
3602,0.5
3603,0.9375
3604,0.90625
3605,0.3125
3606,0.46875
3607,0.875
3608,0.40625
3609,0.0625
3610,0.21875
3611,0.5625
3612,0.65625
3613,0.96875
3614,0.5625
3615,0.9375
3616,0.625
3617,0.625
3618,0.875
3619,0.59375
3620,0.75
3621,0.375
3622,0.0
3623,0.28125
3624,0.59375
3625,0.8125
3626,0.6875
3627,0.90625
3628,0.6875
3629,0.65625
3630,0.9375
3631,0.96875
3632,0.6875
3633,0.71875
3634,0.4375
3635,0.71875
3636,0.5625
3637,0.78125
3638,0.9375
3639,0.65625
3640,0.21875
3641,0.25
3642,0.71875
3643,0.28125
3644,0.75
3645,0.9375
3646,0.8125
3647,0.5625
3648,0.5625
3649,0.625
3650,0.9375
3651,1.0
3652,0.71875
3653,0.78125
3654,0.6875
3655,0.09375
3656,0.84375
3657,0.625
3658,0.78125
3659,0.65625
3660,0.6875
3661,0.09375
3662,0.03125
3663,0.53125
3664,0.65625
3665,0.4375
3666,0.84375
3667,0.46875
3668,0.0625
3669,0.90625
3670,0.25
3671,0.40625
3672,0.5625
3673,0.5
3674,0.3125
3675,0.59375
3676,0.03125
3677,0.375
3678,0.9375
3679,0.90625
3680,0.9375
3681,0.59375
3682,0.75
3683,0.71875
3684,0.90625
3685,0.125
3686,0.5625
3687,0.59375
3688,0.84375
3689,0.0
3690,0.0625
3691,0.0625
3692,0.3125
3693,0.65625
3694,0.59375
3695,0.78125
3696,0.84375
3697,0.9375
3698,0.8125
3699,0.53125
3700,0.71875
3701,0.09375
3702,0.90625
3703,0.53125
3704,0.96875
3705,0.9375
3706,0.65625
3707,0.375
3708,0.53125
3709,0.375
3710,0.09375
3711,0.65625
3712,0.625
3713,0.8125
3714,0.5
3715,0.40625
3716,0.8125
3717,0.03125
3718,0.4375
3719,0.78125
3720,0.6875
3721,0.71875
3722,0.875
3723,0.34375
3724,0.84375
3725,0.90625
3726,0.375
3727,0.5625
3728,0.21875
3729,0.28125
3730,0.6875
3731,0.03125
3732,0.78125
3733,0.875
3734,0.9375
3735,0.375
3736,0.59375
3737,0.65625
3738,0.75
3739,0.21875
3740,0.40625
3741,0.8125
3742,0.5625
3743,0.78125
3744,0.84375
3745,0.40625
3746,0.3125
3747,0.78125
3748,0.75
3749,0.3125
3750,0.71875
3751,0.75
3752,0.65625
3753,0.21875
3754,0.375
3755,0.375
3756,0.25
3757,0.125
3758,0.6875
3759,0.84375
3760,0.875
3761,0.65625
3762,0.8125
3763,0.75
3764,0.9375
3765,1.0
3766,0.84375
3767,0.78125
3768,0.625
3769,0.65625
3770,0.6875
3771,0.1875
3772,0.4375
3773,0.71875
3774,0.6875
3775,0.59375
3776,1.0
3777,0.9375
3778,0.9375
3779,0.71875
3780,0.46875
3781,0.34375
3782,0.34375
3783,0.5625
3784,0.375
3785,0.25
3786,0.46875
3787,0.09375
3788,0.375
3789,0.4375
3790,0.1875
3791,0.8125
3792,0.09375
3793,0.8125
3794,0.46875
3795,0.875
3796,0.9375
3797,0.6875
3798,0.75
3799,0.78125
3800,0.75
3801,0.71875
3802,0.90625
3803,0.96875
3804,0.8125
3805,0.9375
3806,0.65625
3807,0.65625
3808,0.0625
3809,0.78125
3810,0.75
3811,0.03125
3812,0.1875
3813,0.53125
3814,0.40625
3815,0.46875
3816,0.0625
3817,0.0625
3818,0.84375
3819,0.78125
3820,0.78125
3821,0.625
3822,0.75
3823,0.6875
3824,0.46875
3825,0.96875
3826,0.53125
3827,0.40625
3828,0.71875
3829,0.59375
3830,0.90625
3831,0.71875
3832,0.25
3833,0.875
3834,0.53125
3835,0.40625
3836,0.5625
3837,0.34375
3838,0.21875
3839,0.8125
3840,0.78125
3841,0.6875
3842,0.9375
3843,0.625
3844,0.625
3845,0.4375
3846,0.90625
3847,0.625
3848,0.53125
3849,0.125
3850,0.96875
3851,0.53125
3852,0.5625
3853,0.84375
3854,0.75
3855,0.375
3856,0.9375
3857,0.90625
3858,0.25
3859,0.5
3860,0.34375
3861,0.8125
3862,0.75
3863,0.75
3864,0.53125
3865,0.34375
3866,0.84375
3867,0.75
3868,0.4375
3869,0.0625
3870,0.03125
3871,0.3125
3872,0.125
3873,0.59375
3874,0.75
3875,0.9375
3876,0.84375
3877,0.625
3878,0.9375
3879,0.40625
3880,0.6875
3881,0.3125
3882,0.03125
3883,0.15625
3884,0.8125
3885,0.875
3886,0.6875
3887,0.8125
3888,0.65625
3889,0.71875
3890,0.21875
3891,0.15625
3892,0.65625
3893,0.1875
3894,0.84375
3895,0.5625
3896,0.75
3897,0.78125
3898,0.28125
3899,0.5
3900,0.65625
3901,0.71875
3902,0.75
3903,0.78125
3904,0.71875
3905,0.84375
3906,0.625
3907,0.21875
3908,0.0
3909,0.78125
3910,0.1875
3911,0.53125
3912,0.96875
3913,0.15625
3914,0.03125
3915,0.46875
3916,0.1875
3917,0.46875
3918,0.46875
3919,0.0
3920,0.28125
3921,0.75
3922,0.5625
3923,0.21875
3924,0.65625
3925,0.5625
3926,0.65625
3927,0.5
3928,0.0
3929,0.3125
3930,0.34375
3931,0.25
3932,0.34375
3933,0.40625
3934,0.6875
3935,0.625
3936,0.4375
3937,0.90625
3938,0.59375
3939,0.4375
3940,0.875
3941,0.59375
3942,0.75
3943,0.40625
3944,0.8125
3945,0.53125
3946,0.03125
3947,0.03125
3948,0.1875
3949,0.5625
3950,0.21875
3951,0.5
3952,0.40625
3953,0.90625
3954,0.78125
3955,0.75
3956,0.5
3957,0.3125
3958,0.03125
3959,0.71875
3960,0.9375
3961,0.75
3962,0.59375
3963,0.40625
3964,0.71875
3965,0.34375
3966,0.34375
3967,0.5625
3968,0.65625
3969,0.53125
3970,0.71875
3971,0.40625
3972,0.03125
3973,0.65625
3974,0.65625
3975,0.75
3976,0.90625
3977,0.0625
3978,0.34375
3979,0.65625
3980,0.03125
3981,0.15625
3982,0.4375
3983,0.84375
3984,0.0625
3985,0.875
3986,0.40625
3987,0.8125
3988,0.5625
3989,0.625
3990,0.40625
3991,0.75
3992,0.0625
3993,0.65625
3994,0.625
3995,0.4375
3996,0.59375
3997,0.8125
3998,0.46875
3999,0.59375
4000,0.96875
4001,0.875
4002,0.96875
4003,0.5625
4004,0.71875
4005,0.53125
4006,0.84375
4007,0.6875
4008,0.21875
4009,0.8125
4010,0.75
4011,0.71875
4012,0.40625
4013,0.90625
4014,0.65625
4015,0.71875
4016,0.15625
4017,0.875
4018,0.34375
4019,0.0625
4020,0.1875
4021,0.28125
4022,0.625
4023,0.875
4024,0.6875
4025,0.84375
4026,0.125
4027,0.25
4028,0.21875
4029,0.53125
4030,0.875
4031,0.125
4032,0.6875
4033,0.5625
4034,0.0
4035,0.0625
4036,0.375
4037,0.15625
4038,0.21875
4039,0.4375
4040,0.5
4041,0.40625
4042,0.6875
4043,0.875
4044,0.8125
4045,0.6875
4046,0.53125
4047,0.71875
4048,0.15625
4049,0.6875
4050,0.90625
4051,0.25
4052,0.15625
4053,0.40625
4054,0.21875
4055,0.09375
4056,0.25
4057,0.5625
4058,0.96875
4059,0.84375
4060,0.125
4061,0.625
4062,0.53125
4063,0.71875
4064,0.8125
4065,0.9375
4066,0.78125
4067,0.71875
4068,0.6875
4069,0.6875
4070,0.78125
4071,0.875
4072,0.8125
4073,0.625
4074,0.5625
4075,0.75
4076,0.8125
4077,0.59375
4078,0.71875
4079,0.53125
4080,0.84375
4081,0.0625
4082,0.8125
4083,0.46875
4084,0.78125
4085,0.875
4086,0.78125
4087,0.25
4088,0.6875
4089,0.8125
4090,0.53125
4091,0.40625
4092,0.28125
4093,0.6875
4094,0.96875
4095,0.6875
4096,0.90625
4097,0.8125
4098,0.46875
4099,0.84375
4100,0.90625
4101,0.59375
4102,0.71875
4103,0.96875
4104,0.6875
4105,0.34375
4106,0.5
4107,0.84375
4108,0.15625
4109,0.1875
4110,0.4375
4111,0.28125
4112,0.34375
4113,0.5
4114,0.875
4115,0.53125
4116,0.40625
4117,0.5
4118,0.8125
4119,0.5
4120,0.90625
4121,0.34375
4122,0.28125
4123,0.15625
4124,0.6875
4125,0.53125
4126,0.8125
4127,0.5
4128,0.8125
4129,0.625
4130,0.65625
4131,0.84375
4132,0.8125
4133,0.09375
4134,0.21875
4135,0.90625
4136,0.625
4137,0.875
4138,0.875
4139,0.84375
4140,0.09375
4141,0.15625
4142,0.5
4143,0.0
4144,0.625
4145,0.09375
4146,0.75
4147,0.8125
4148,0.6875
4149,0.59375
4150,0.46875
4151,0.4375
4152,0.75
4153,0.78125
4154,0.8125
4155,0.5
4156,0.0
4157,0.03125
4158,0.8125
4159,0.8125
4160,0.75
4161,0.9375
4162,0.875
4163,0.4375
4164,0.5
4165,0.75
4166,0.65625
4167,0.875
4168,0.28125
4169,0.78125
4170,0.6875
4171,0.5
4172,0.875
4173,0.59375
4174,0.71875
4175,0.5625
4176,0.65625
4177,1.0
4178,0.78125
4179,0.1875
4180,0.65625
4181,0.625
4182,0.28125
4183,0.75
4184,0.84375
4185,0.5625
4186,0.8125
4187,0.125
4188,0.25
4189,0.28125
4190,0.53125
4191,0.0
4192,0.5625
4193,0.84375
4194,0.40625
4195,0.125
4196,0.65625
4197,0.78125
4198,0.375
4199,0.65625
4200,0.90625
4201,0.625
4202,0.84375
4203,0.75
4204,0.65625
4205,0.71875
4206,0.875
4207,0.78125
4208,0.34375
4209,0.625
4210,0.8125
4211,0.8125
4212,0.84375
4213,0.3125
4214,0.96875
4215,0.78125
4216,0.625
4217,0.40625
4218,0.09375
4219,0.25
4220,0.9375
4221,0.1875
4222,0.40625
4223,0.40625
4224,0.46875
4225,0.84375
4226,0.8125
4227,0.9375
4228,0.875
4229,0.28125
4230,0.84375
4231,0.9375
4232,0.75
4233,0.90625
4234,0.5625
4235,0.625
4236,0.71875
4237,0.5625
4238,0.59375
4239,0.46875
4240,0.625
4241,0.84375
4242,0.625
4243,0.59375
4244,0.71875
4245,0.78125
4246,0.65625
4247,0.65625
4248,0.96875
4249,0.5
4250,0.375
4251,0.6875
4252,0.5
4253,0.90625
4254,0.84375
4255,0.8125
4256,0.9375
4257,0.75
4258,0.84375
4259,0.46875
4260,0.5625
4261,0.8125
4262,0.875
4263,0.875
4264,0.1875
4265,0.53125
4266,0.5
4267,0.71875
4268,0.65625
4269,0.25
4270,0.1875
4271,0.0625
4272,0.25
4273,0.5625
4274,0.125
4275,0.59375
4276,0.09375
4277,0.78125
4278,0.84375
4279,0.15625
4280,0.46875
4281,0.5
4282,0.8125
4283,0.5
4284,0.8125
4285,0.625
4286,0.375
4287,0.5
4288,0.46875
4289,0.1875
4290,0.625
4291,0.53125
4292,0.65625
4293,0.8125
4294,0.15625
4295,0.75
4296,0.34375
4297,0.6875
4298,0.78125
4299,0.5
4300,0.84375
4301,0.0625
4302,0.625
4303,0.75
4304,0.71875
4305,0.65625
4306,0.78125
4307,0.40625
4308,0.875
4309,0.5
4310,0.59375
4311,0.8125
4312,0.375
4313,0.65625
4314,0.90625
4315,0.34375
4316,0.90625
4317,0.8125
4318,0.84375
4319,0.78125
4320,0.8125
4321,0.5
4322,0.875
4323,0.9375
4324,0.3125
4325,0.9375
4326,0.71875
4327,0.71875
4328,0.40625
4329,0.65625
4330,0.75
4331,0.5625
4332,0.6875
4333,0.28125
4334,0.25
4335,0.03125
4336,0.65625
4337,0.53125
4338,0.8125
4339,0.75
4340,0.0625
4341,0.1875
4342,0.9375
4343,0.1875
4344,0.40625
4345,0.15625
4346,0.59375
4347,0.96875
4348,0.25
4349,0.46875
4350,0.71875
4351,0.90625
4352,0.8125
4353,0.09375
4354,0.75
4355,0.21875
4356,0.65625
4357,0.125
4358,0.9375
4359,0.71875
4360,0.875
4361,0.875
4362,0.59375
4363,0.78125
4364,0.90625
4365,0.875
4366,0.6875
4367,0.71875
4368,0.65625
4369,0.84375
4370,0.84375
4371,0.9375
4372,0.46875
4373,0.875
4374,0.96875
4375,0.8125
4376,0.25
4377,0.6875
4378,0.5
4379,0.875
4380,0.78125
4381,0.125
4382,0.59375
4383,0.40625
4384,0.375
4385,0.4375
4386,0.875
4387,0.84375
4388,0.59375
4389,0.65625
4390,0.75
4391,0.1875
4392,0.71875
4393,0.1875
4394,0.59375
4395,0.1875
4396,0.71875
4397,0.25
4398,0.90625
4399,0.84375
4400,0.65625
4401,0.59375
4402,0.8125
4403,0.6875
4404,0.6875
4405,0.4375
4406,0.875
4407,0.5625
4408,0.5625
4409,0.71875
4410,0.90625
4411,0.46875
4412,0.71875
4413,0.5
4414,0.375
4415,0.25
4416,0.90625
4417,0.875
4418,0.3125
4419,0.40625
4420,0.03125
4421,0.3125
4422,0.28125
4423,0.40625
4424,0.71875
4425,0.5
4426,0.65625
4427,0.5625
4428,0.6875
4429,0.6875
4430,0.5625
4431,0.1875
4432,0.875
4433,0.75
4434,0.96875
4435,0.5
4436,0.15625
4437,0.5
4438,0.59375
4439,0.90625
4440,0.6875
4441,0.28125
4442,0.03125
4443,0.8125
4444,0.28125
4445,0.125
4446,0.5
4447,0.125
4448,0.53125
4449,0.1875
4450,0.5
4451,0.65625
4452,0.6875
4453,0.59375
4454,0.84375
4455,0.84375
4456,0.71875
4457,0.90625
4458,0.28125
4459,0.25
4460,0.84375
4461,0.40625
4462,0.71875
4463,0.84375
4464,0.34375
4465,0.875
4466,0.53125
4467,0.875
4468,0.9375
4469,0.71875
4470,0.71875
4471,0.625
4472,0.0625
4473,0.71875
4474,0.84375
4475,0.5
4476,0.84375
4477,0.8125
4478,0.75
4479,0.3125
4480,0.8125
4481,0.65625
4482,0.65625
4483,0.78125
4484,0.75
4485,0.4375
4486,0.5625
4487,0.84375
4488,0.84375
4489,0.59375
4490,0.5
4491,0.84375
4492,0.78125
4493,0.375
4494,0.15625
4495,0.625
4496,0.65625
4497,0.71875
4498,0.84375
4499,0.5
4500,0.71875
4501,0.875
4502,0.8125
4503,0.09375
4504,0.09375
4505,0.09375
4506,0.78125
4507,0.71875
4508,0.78125
4509,0.84375
4510,0.6875
4511,0.75
4512,0.53125
4513,0.59375
4514,0.65625
4515,0.5625
4516,0.84375
4517,0.03125
4518,0.8125
4519,0.40625
4520,0.71875
4521,0.71875
4522,0.28125
4523,0.75
4524,0.90625
4525,0.4375
4526,0.03125
4527,0.375
4528,0.8125
4529,0.25
4530,0.4375
4531,0.8125
4532,0.875
4533,0.375
4534,0.375
4535,0.5
4536,0.84375
4537,0.5625
4538,0.40625
4539,0.25
4540,0.09375
4541,0.53125
4542,0.59375
4543,0.53125
4544,0.1875
4545,0.375
4546,0.4375
4547,0.21875
4548,0.71875
4549,0.09375
4550,0.25
4551,0.625
4552,0.65625
4553,0.375
4554,0.5
4555,0.75
4556,0.84375
4557,0.8125
4558,0.5625
4559,0.0625
4560,0.15625
4561,0.8125
4562,0.8125
4563,0.875
4564,0.625
4565,0.28125
4566,0.125
4567,0.8125
4568,0.3125
4569,0.28125
4570,0.5625
4571,0.53125
4572,0.84375
4573,0.96875
4574,0.25
4575,0.46875
4576,0.625
4577,0.71875
4578,0.78125
4579,0.53125
4580,0.84375
4581,0.78125
4582,0.5
4583,0.59375
4584,0.03125
4585,0.25
4586,0.34375
4587,0.09375
4588,0.34375
4589,0.0
4590,0.59375
4591,0.71875
4592,0.0625
4593,0.78125
4594,0.21875
4595,0.46875
4596,0.78125
4597,0.9375
4598,0.65625
4599,0.90625
4600,0.9375
4601,0.8125
4602,0.65625
4603,0.8125
4604,0.5
4605,0.6875
4606,0.84375
4607,0.78125
4608,1.0
4609,0.75
4610,0.5625
4611,0.875
4612,0.53125
4613,0.28125
4614,0.90625
4615,0.71875
4616,0.375
4617,0.78125
4618,0.75
4619,0.71875
4620,0.5625
4621,0.75
4622,0.59375
4623,0.8125
4624,0.71875
4625,0.71875
4626,0.03125
4627,0.21875
4628,0.40625
4629,0.59375
4630,0.6875
4631,0.84375
4632,0.65625
4633,0.78125
4634,0.3125
4635,0.90625
4636,0.78125
4637,0.9375
4638,0.71875
4639,0.28125
4640,0.71875
4641,0.78125
4642,0.90625
4643,0.84375
4644,0.75
4645,0.875
4646,0.9375
4647,0.46875
4648,0.65625
4649,0.5625
4650,0.78125
4651,0.3125
4652,0.03125
4653,0.53125
4654,0.78125
4655,0.84375
4656,0.40625
4657,0.6875
4658,0.96875
4659,1.0
4660,0.53125
4661,0.375
4662,0.8125
4663,0.90625
4664,0.625
4665,0.15625
4666,0.46875
4667,0.46875
4668,0.46875
4669,0.875
4670,0.21875
4671,0.5625
4672,0.375
4673,0.9375
4674,0.71875
4675,0.8125
4676,0.25
4677,0.75
4678,0.65625
4679,0.8125
4680,0.65625
4681,0.625
4682,0.46875
4683,0.46875
4684,0.90625
4685,0.71875
4686,0.40625
4687,0.28125
4688,0.625
4689,0.5625
4690,0.3125
4691,0.0625
4692,0.125
4693,0.6875
4694,0.625
4695,0.375
4696,0.84375
4697,0.8125
4698,0.5625
4699,0.40625
4700,0.1875
4701,0.375
4702,0.34375
4703,0.65625
4704,0.75
4705,0.9375
4706,0.1875
4707,0.40625
4708,0.84375
4709,0.75
4710,0.84375
4711,0.875
4712,0.875
4713,0.78125
4714,0.8125
4715,0.8125
4716,0.8125
4717,0.71875
4718,0.75
4719,0.90625
4720,0.59375
4721,0.5625
4722,0.3125
4723,0.21875
4724,0.1875
4725,0.25
4726,0.53125
4727,0.34375
4728,0.75
4729,0.3125
4730,0.375
4731,0.96875
4732,0.875
4733,0.875
4734,0.8125
4735,0.84375
4736,0.875
4737,0.90625
4738,0.75
4739,0.53125
4740,0.71875
4741,0.59375
4742,0.6875
4743,0.15625
4744,0.90625
4745,0.6875
4746,0.71875
4747,0.28125
4748,0.84375
4749,0.875
4750,0.75
4751,0.71875
4752,0.5625
4753,0.625
4754,0.59375
4755,0.5625
4756,0.625
4757,0.25
4758,0.75
4759,0.8125
4760,0.84375
4761,0.875
4762,0.4375
4763,0.65625
4764,0.1875
4765,0.4375
4766,0.875
4767,0.96875
4768,0.59375
4769,0.40625
4770,0.75
4771,0.71875
4772,0.90625
4773,0.875
4774,0.59375
4775,0.6875
4776,0.84375
4777,0.75
4778,0.34375
4779,0.375
4780,0.375
4781,0.53125
4782,0.8125
4783,0.53125
4784,0.28125
4785,0.90625
4786,0.34375
4787,0.71875
4788,0.78125
4789,0.78125
4790,0.34375
4791,0.90625
4792,0.625
4793,0.71875
4794,0.03125
4795,0.59375
4796,0.34375
4797,0.5625
4798,0.53125
4799,0.71875
4800,0.53125
4801,0.78125
4802,0.84375
4803,0.8125
4804,0.8125
4805,0.71875
4806,0.53125
4807,0.125
4808,0.34375
4809,0.46875
4810,0.5
4811,0.5
4812,0.15625
4813,0.5
4814,0.03125
4815,0.78125
4816,0.59375
4817,0.53125
4818,0.6875
4819,0.53125
4820,0.09375
4821,0.90625
4822,0.96875
4823,0.3125
4824,0.34375
4825,0.84375
4826,0.6875
4827,0.65625
4828,0.84375
4829,0.96875
4830,0.875
4831,0.96875
4832,0.25
4833,0.5625
4834,0.15625
4835,0.15625
4836,0.84375
4837,0.28125
4838,0.25
4839,0.1875
4840,0.625
4841,0.28125
4842,0.90625
4843,0.1875
4844,0.875
4845,0.4375
4846,0.71875
4847,0.34375
4848,0.65625
4849,0.53125
4850,0.5625
4851,0.90625
4852,0.6875
4853,0.84375
4854,0.25
4855,1.0
4856,0.75
4857,0.78125
4858,0.40625
4859,0.375
4860,0.4375
4861,0.0625
4862,0.8125
4863,0.65625
4864,0.84375
4865,0.53125
4866,0.78125
4867,0.8125
4868,0.375
4869,0.0
4870,0.75
4871,0.53125
4872,0.6875
4873,0.9375
4874,0.6875
4875,0.71875
4876,0.03125
4877,0.71875
4878,0.9375
4879,0.6875
4880,0.65625
4881,0.4375
4882,0.78125
4883,0.9375
4884,0.96875
4885,0.75
4886,0.78125
4887,0.6875
4888,0.71875
4889,0.3125
4890,0.90625
4891,0.28125
4892,0.90625
4893,0.34375
4894,0.59375
4895,0.5625
4896,0.3125
4897,0.40625
4898,0.875
4899,0.90625
4900,0.625
4901,0.65625
4902,0.75
4903,0.65625
4904,0.5
4905,0.8125
4906,0.71875
4907,0.625
4908,0.0625
4909,0.09375
4910,0.875
4911,0.59375
4912,0.0625
4913,0.21875
4914,0.21875
4915,0.46875
4916,0.625
4917,0.4375
4918,0.0625
4919,0.90625
4920,0.65625
4921,0.78125
4922,0.03125
4923,0.53125
4924,0.71875
4925,0.96875
4926,0.6875
4927,0.78125
4928,0.90625
4929,0.21875
4930,0.84375
4931,0.90625
4932,0.65625
4933,0.09375
4934,0.6875
4935,0.875
4936,0.84375
4937,0.6875
4938,0.125
4939,0.0625
4940,0.71875
4941,0.125
4942,0.625
4943,0.78125
4944,0.84375
4945,0.4375
4946,0.21875
4947,0.78125
4948,0.5625
4949,0.6875
4950,0.78125
4951,0.875
4952,0.90625
4953,0.625
4954,0.28125
4955,0.75
4956,0.84375
4957,0.03125
4958,0.34375
4959,0.53125
4960,0.3125
4961,0.6875
4962,0.28125
4963,0.4375
4964,0.875
4965,0.65625
4966,0.78125
4967,0.03125
4968,0.34375
4969,0.59375
4970,0.125
4971,0.6875
4972,0.625
4973,0.71875
4974,0.40625
4975,0.1875
4976,0.15625
4977,0.0
4978,0.4375
4979,0.25
4980,0.84375
4981,0.90625
4982,0.71875
4983,0.375
4984,0.53125
4985,0.46875
4986,0.34375
4987,0.75
4988,0.75
4989,0.84375
4990,0.1875
4991,0.6875
4992,0.5
4993,0.625
4994,0.53125
4995,0.8125
4996,0.84375
4997,0.6875
4998,0.0625
4999,0.03125
5000,0.625
5001,0.3125
5002,0.8125
5003,0.71875
5004,1.0
5005,0.4375
5006,0.90625
5007,0.875
5008,0.90625
5009,0.9375
5010,0.78125
5011,0.84375
5012,0.90625
5013,0.25
5014,0.53125
5015,0.6875
5016,0.71875
5017,0.8125
5018,0.3125
5019,0.34375
5020,0.75
5021,0.875
5022,0.25
5023,0.125
5024,0.875
5025,0.96875
5026,0.53125
5027,0.59375
5028,0.21875
5029,0.09375
5030,0.65625
5031,0.6875
5032,0.78125
5033,0.875
5034,0.9375
5035,0.1875
5036,0.75
5037,0.90625
5038,0.625
5039,0.25
5040,0.8125
5041,0.78125
5042,0.5625
5043,0.5625
5044,0.40625
5045,0.9375
5046,0.09375
5047,0.65625
5048,0.71875
5049,0.03125
5050,0.8125
5051,0.375
5052,0.1875
5053,0.71875
5054,0.90625
5055,0.5625
5056,0.71875
5057,0.8125
5058,0.3125
5059,0.4375
5060,0.78125
5061,0.46875
5062,0.78125
5063,0.125
5064,0.90625
5065,0.40625
5066,0.34375
5067,0.28125
5068,0.75
5069,0.84375
5070,0.6875
5071,0.59375
5072,0.6875
5073,0.90625
5074,0.65625
5075,0.4375
5076,0.78125
5077,0.75
5078,0.8125
5079,0.25
5080,0.3125
5081,0.0625
5082,0.84375
5083,0.59375
5084,0.625
5085,0.78125
5086,0.4375
5087,0.125
5088,0.125
5089,0.09375
5090,0.0625
5091,0.46875
5092,0.09375
5093,0.65625
5094,0.3125
5095,0.28125
5096,0.6875
5097,0.71875
5098,0.875
5099,0.84375
5100,0.9375
5101,0.21875
5102,0.9375
5103,0.71875
5104,0.6875
5105,0.5625
5106,0.875
5107,0.28125
5108,0.78125
5109,0.75
5110,0.90625
5111,0.6875
5112,0.6875
5113,0.75
5114,0.84375
5115,0.53125
5116,0.8125
5117,0.5625
5118,0.625
5119,0.84375
5120,0.71875
5121,0.5625
5122,0.53125
5123,0.03125
5124,0.5
5125,0.78125
5126,0.8125
5127,0.78125
5128,0.65625
5129,0.71875
5130,0.5
5131,0.75
5132,0.0625
5133,0.5625
5134,0.71875
5135,0.125
5136,0.9375
5137,0.78125
5138,0.65625
5139,0.90625
5140,0.78125
5141,0.125
5142,0.03125
5143,0.6875
5144,0.71875
5145,0.15625
5146,0.71875
5147,0.6875
5148,0.375
5149,0.4375
5150,0.84375
5151,0.5625
5152,0.875
5153,0.875
5154,0.71875
5155,0.90625
5156,0.46875
5157,0.6875
5158,0.15625
5159,0.53125
5160,0.3125
5161,0.46875
5162,0.75
5163,0.875
5164,0.6875
5165,0.59375
5166,0.09375
5167,0.96875
5168,0.90625
5169,0.6875
5170,0.71875
5171,0.65625
5172,0.28125
5173,0.6875
5174,0.6875
5175,0.8125
5176,0.375
5177,0.8125
5178,0.40625
5179,0.53125
5180,0.78125
5181,0.78125
5182,0.75
5183,0.3125
5184,0.78125
5185,0.28125
5186,0.8125
5187,0.40625
5188,0.125
5189,0.375
5190,0.8125
5191,0.9375
5192,0.5
5193,0.09375
5194,0.15625
5195,0.84375
5196,0.40625
5197,0.5625
5198,0.09375
5199,0.4375
5200,0.78125
5201,0.78125
5202,0.84375
5203,0.84375
5204,0.375
5205,0.6875
5206,0.875
5207,0.78125
5208,0.03125
5209,0.59375
5210,0.59375
5211,0.625
5212,0.96875
5213,0.78125
5214,0.96875
5215,0.875
5216,0.4375
5217,0.375
5218,0.53125
5219,0.71875
5220,0.65625
5221,0.5
5222,0.625
5223,0.84375
5224,0.3125
5225,0.25
5226,0.53125
5227,0.375
5228,0.25
5229,0.875
5230,0.75
5231,0.8125
5232,0.1875
5233,0.15625
5234,0.90625
5235,0.9375
5236,0.15625
5237,0.71875
5238,0.375
5239,0.03125
5240,0.25
5241,0.5
5242,0.5625
5243,0.5
5244,0.0625
5245,0.78125
5246,0.75
5247,0.875
5248,0.78125
5249,0.03125
5250,0.375
5251,0.53125
5252,0.71875
5253,0.9375
5254,0.3125
5255,0.875
5256,0.875
5257,0.71875
5258,0.5
5259,0.25
5260,0.8125
5261,0.625
5262,0.28125
5263,1.0
5264,0.875
5265,0.65625
5266,0.84375
5267,0.84375
5268,0.4375
5269,0.71875
5270,0.96875
5271,0.96875
5272,0.6875
5273,0.75
5274,0.9375
5275,0.84375
5276,0.53125
5277,0.78125
5278,0.65625
5279,0.96875
5280,0.0625
5281,0.09375
5282,0.75
5283,0.65625
5284,0.90625
5285,0.21875
5286,0.59375
5287,0.28125
5288,0.75
5289,0.84375
5290,0.625
5291,0.875
5292,0.75
5293,0.75
5294,0.84375
5295,0.71875
5296,0.59375
5297,0.34375
5298,0.6875
5299,0.90625
5300,0.875
5301,0.5625
5302,0.53125
5303,0.65625
5304,0.78125
5305,0.65625
5306,0.0625
5307,0.71875
5308,0.75
5309,0.75
5310,0.125
5311,0.65625
5312,0.90625
5313,0.6875
5314,0.5625
5315,0.1875
5316,0.53125
5317,0.84375
5318,0.84375
5319,0.5625
5320,0.34375
5321,0.6875
5322,0.78125
5323,0.875
5324,0.28125
5325,0.1875
5326,0.875
5327,0.625
5328,0.09375
5329,0.21875
5330,0.53125
5331,0.53125
5332,0.9375
5333,0.6875
5334,0.75
5335,0.4375
5336,0.53125
5337,0.90625
5338,0.46875
5339,0.78125
5340,0.40625
5341,0.6875
5342,0.59375
5343,0.8125
5344,0.78125
5345,0.75
5346,0.84375
5347,0.90625
5348,0.71875
5349,0.15625
5350,1.0
5351,0.375
5352,0.875
5353,0.40625
5354,0.21875
5355,0.875
5356,0.8125
5357,0.65625
5358,0.78125
5359,0.65625
5360,0.625
5361,1.0
5362,0.9375
5363,0.90625
5364,0.65625
5365,0.9375
5366,0.625
5367,0.8125
5368,0.875
5369,0.78125
5370,0.65625
5371,0.9375
5372,0.03125
5373,0.5
5374,0.125
5375,0.8125
5376,0.6875
5377,0.59375
5378,0.84375
5379,0.90625
5380,1.0
5381,0.6875
5382,0.21875
5383,0.25
5384,0.03125
5385,0.25
5386,0.78125
5387,0.40625
5388,0.9375
5389,0.71875
5390,0.625
5391,0.5
5392,0.78125
5393,0.75
5394,0.28125
5395,0.1875
5396,0.34375
5397,0.15625
5398,0.625
5399,0.8125
5400,0.625
5401,0.875
5402,0.8125
5403,0.75
5404,0.75
5405,0.03125
5406,0.5
5407,0.8125
5408,0.78125
5409,0.21875
5410,0.71875
5411,0.75
5412,0.15625
5413,0.53125
5414,0.5625
5415,0.71875
5416,0.5625
5417,0.625
5418,0.78125
5419,0.8125
5420,0.65625
5421,0.6875
5422,0.375
5423,0.65625
5424,0.4375
5425,0.84375
5426,0.8125
5427,0.75
5428,0.96875
5429,0.84375
5430,0.5625
5431,0.65625
5432,0.0
5433,0.9375
5434,0.40625
5435,0.53125
5436,0.09375
5437,0.78125
5438,0.4375
5439,0.78125
5440,1.0
5441,0.4375
5442,0.03125
5443,0.6875
5444,0.875
5445,0.46875
5446,0.34375
5447,0.9375
5448,0.96875
5449,0.0625
5450,0.09375
5451,0.53125
5452,0.75
5453,0.5
5454,0.875
5455,0.71875
5456,0.1875
5457,0.71875
5458,0.65625
5459,0.5625
5460,0.1875
5461,0.21875
5462,0.34375
5463,0.625
5464,0.6875
5465,0.75
5466,0.90625
5467,0.0625
5468,0.15625
5469,0.78125
5470,0.9375
5471,0.5625
5472,0.6875
5473,0.40625
5474,0.90625
5475,0.6875
5476,0.8125
5477,0.46875
5478,0.59375
5479,0.9375
5480,0.3125
5481,0.9375
5482,0.4375
5483,0.84375
5484,0.9375
5485,0.125
5486,0.4375
5487,0.90625
5488,0.875
5489,0.71875
5490,0.90625
5491,0.71875
5492,0.8125
5493,0.90625
5494,0.34375
5495,0.875
5496,0.9375
5497,0.4375
5498,0.21875
5499,0.09375
5500,0.625
5501,0.6875
5502,0.53125
5503,0.84375
5504,0.8125
5505,0.125
5506,0.1875
5507,0.84375
5508,0.78125
5509,0.71875
5510,0.6875
5511,0.71875
5512,0.125
5513,0.375
5514,0.03125
5515,0.53125
5516,0.375
5517,0.6875
5518,0.3125
5519,0.625
5520,0.3125
5521,0.78125
5522,0.375
5523,0.03125
5524,0.25
5525,0.1875
5526,0.90625
5527,0.46875
5528,0.40625
5529,0.1875
5530,0.46875
5531,0.3125
5532,0.03125
5533,0.71875
5534,0.15625
5535,0.21875
5536,0.4375
5537,0.0
5538,0.1875
5539,0.25
5540,0.28125
5541,0.75
5542,0.4375
5543,0.90625
5544,1.0
5545,0.28125
5546,0.09375
5547,0.34375
5548,0.625
5549,0.3125
5550,0.34375
5551,0.6875
5552,0.59375
5553,0.84375
5554,0.96875
5555,0.53125
5556,0.9375
5557,0.03125
5558,0.5625
5559,0.59375
5560,0.1875
5561,0.5
5562,0.375
5563,0.90625
5564,0.84375
5565,0.09375
5566,0.75
5567,0.8125
5568,0.71875
5569,0.84375
5570,0.84375
5571,0.875
5572,0.75
5573,0.84375
5574,0.96875
5575,0.6875
5576,0.96875
5577,0.8125
5578,0.625
5579,1.0
5580,0.1875
5581,0.78125
5582,0.6875
5583,0.1875
5584,0.3125
5585,0.1875
5586,0.3125
5587,0.84375
5588,0.6875
5589,0.875
5590,0.71875
5591,0.3125
5592,0.84375
5593,0.78125
5594,0.03125
5595,0.46875
5596,0.84375
5597,0.6875
5598,0.8125
5599,0.8125
5600,0.75
5601,0.65625
5602,0.0
5603,0.15625
5604,0.625
5605,0.8125
5606,0.375
5607,0.3125
5608,0.5625
5609,0.53125
5610,0.84375
5611,0.5
5612,0.625
5613,0.625
5614,0.3125
5615,0.1875
5616,0.8125
5617,0.90625
5618,0.90625
5619,0.96875
5620,0.84375
5621,0.8125
5622,0.71875
5623,0.53125
5624,0.8125
5625,0.65625
5626,0.84375
5627,0.9375
5628,0.5
5629,0.09375
5630,0.71875
5631,0.84375
5632,0.375
5633,0.625
5634,0.03125
5635,0.21875
5636,0.78125
5637,0.4375
5638,0.53125
5639,0.8125
5640,0.53125
5641,0.75
5642,0.4375
5643,0.84375
5644,0.71875
5645,0.21875
5646,0.90625
5647,0.84375
5648,0.6875
5649,0.5
5650,0.90625
5651,0.90625
5652,0.46875
5653,0.46875
5654,0.75
5655,0.4375
5656,0.8125
5657,0.65625
5658,0.46875
5659,0.625
5660,0.5625
5661,0.8125
5662,0.8125
5663,0.9375
5664,0.8125
5665,0.9375
5666,0.625
5667,0.40625
5668,0.875
5669,0.96875
5670,0.84375
5671,0.1875
5672,0.9375
5673,0.84375
5674,0.9375
5675,0.59375
5676,0.75
5677,0.40625
5678,0.75
5679,0.125
5680,0.59375
5681,0.84375
5682,0.5
5683,0.46875
5684,0.46875
5685,0.40625
5686,0.59375
5687,0.5625
5688,0.59375
5689,0.21875
5690,0.875
5691,0.65625
5692,0.40625
5693,0.59375
5694,0.78125
5695,0.625
5696,0.84375
5697,0.5
5698,0.8125
5699,0.21875
5700,0.25
5701,0.5625
5702,0.90625
5703,0.65625
5704,0.125
5705,0.375
5706,0.40625
5707,0.8125
5708,0.53125
5709,0.75
5710,0.53125
5711,0.25
5712,0.21875
5713,0.21875
5714,0.65625
5715,0.875
5716,0.625
5717,0.65625
5718,0.84375
5719,0.84375
5720,0.5625
5721,0.59375
5722,0.375
5723,0.6875
5724,0.84375
5725,0.96875
5726,0.8125
5727,0.46875
5728,0.875
5729,0.75
5730,0.75
5731,0.375
5732,0.71875
5733,0.53125
5734,0.78125
5735,0.46875
5736,0.75
5737,0.46875
5738,0.65625
5739,0.125
5740,0.96875
5741,0.8125
5742,0.84375
5743,0.78125
5744,0.8125
5745,0.75
5746,0.5625
5747,0.53125
5748,0.28125
5749,0.84375
5750,0.125
5751,0.78125
5752,0.625
5753,0.84375
5754,0.78125
5755,0.78125
5756,0.375
5757,0.3125
5758,0.46875
5759,0.90625
5760,1.0
5761,0.59375
5762,0.8125
5763,0.71875
5764,0.1875
5765,0.21875
5766,0.46875
5767,0.46875
5768,0.46875
5769,0.5625
5770,0.96875
5771,0.5625
5772,0.40625
5773,0.125
5774,0.625
5775,0.5625
5776,0.625
5777,0.8125
5778,0.65625
5779,0.90625
5780,0.8125
5781,0.15625
5782,0.1875
5783,0.34375
5784,0.8125
5785,0.75
5786,0.84375
5787,0.875
5788,0.78125
5789,0.875
5790,0.90625
5791,0.8125
5792,0.4375
5793,0.8125
5794,0.875
5795,0.90625
5796,0.625
5797,0.25
5798,0.125
5799,0.8125
5800,0.75
5801,0.625
5802,0.90625
5803,0.84375
5804,0.90625
5805,0.21875
5806,0.3125
5807,0.65625
5808,0.75
5809,0.90625
5810,0.3125
5811,0.09375
5812,0.84375
5813,0.5
5814,0.46875
5815,0.5
5816,0.65625
5817,0.875
5818,0.15625
5819,0.78125
5820,0.40625
5821,0.75
5822,0.8125
5823,0.71875
5824,0.59375
5825,0.1875
5826,0.8125
5827,0.6875
5828,1.0
5829,0.21875
5830,0.40625
5831,0.65625
5832,0.78125
5833,0.40625
5834,0.84375
5835,0.78125
5836,0.75
5837,0.90625
5838,0.90625
5839,0.875
5840,0.71875
5841,0.78125
5842,0.71875
5843,0.375
5844,0.65625
5845,0.71875
5846,0.375
5847,0.53125
5848,0.28125
5849,0.875
5850,0.78125
5851,0.5625
5852,0.59375
5853,0.125
5854,0.40625
5855,0.78125
5856,0.65625
5857,0.25
5858,0.375
5859,0.625
5860,0.875
5861,0.9375
5862,0.84375
5863,0.5625
5864,0.15625
5865,0.375
5866,0.375
5867,0.4375
5868,0.625
5869,0.34375
5870,0.0625
5871,0.9375
5872,0.71875
5873,0.28125
5874,0.03125
5875,0.0625
5876,0.0625
5877,0.78125
5878,0.71875
5879,0.8125
5880,0.71875
5881,0.75
5882,0.3125
5883,0.5625
5884,0.875
5885,0.9375
5886,0.78125
5887,0.8125
5888,0.9375
5889,0.90625
5890,0.71875
5891,0.40625
5892,0.96875
5893,0.34375
5894,0.21875
5895,0.0625
5896,0.8125
5897,0.78125
5898,0.65625
5899,0.0
5900,0.15625
5901,0.21875
5902,0.40625
5903,0.625
5904,0.125
5905,0.53125
5906,0.1875
5907,0.6875
5908,0.9375
5909,0.78125
5910,0.90625
5911,0.90625
5912,0.78125
5913,0.5625
5914,0.59375
5915,0.5
5916,0.5
5917,0.59375
5918,0.40625
5919,0.71875
5920,0.75
5921,0.4375
5922,0.46875
5923,0.8125
5924,0.875
5925,0.65625
5926,0.8125
5927,0.5625
5928,0.875
5929,0.8125
5930,0.0625
5931,0.34375
5932,0.65625
5933,0.0625
5934,0.75
5935,0.25
5936,0.75
5937,0.6875
5938,0.0
5939,0.75
5940,0.625
5941,0.625
5942,0.0625
5943,0.375
5944,0.6875
5945,0.3125
5946,0.375
5947,0.875
5948,0.875
5949,0.65625
5950,0.84375
5951,0.375
5952,0.09375
5953,0.0625
5954,0.25
5955,0.71875
5956,0.25
5957,0.71875
5958,0.96875
5959,0.875
5960,0.5
5961,0.25
5962,0.71875
5963,0.75
5964,0.5625
5965,0.625
5966,0.78125
5967,0.09375
5968,0.75
5969,0.40625
5970,0.0625
5971,0.78125
5972,0.21875
5973,0.375
5974,0.96875
5975,0.8125
5976,0.875
5977,0.53125
5978,0.46875
5979,0.53125
5980,0.5
5981,0.59375
5982,0.375
5983,0.625
5984,0.34375
5985,0.84375
5986,0.65625
5987,0.59375
5988,0.625
5989,0.75
5990,0.34375
5991,0.34375
5992,0.25
5993,0.59375
5994,0.875
5995,0.75
5996,0.65625
5997,0.6875
5998,0.375
5999,0.5
6000,0.03125
6001,0.4375
6002,0.6875
6003,0.84375
6004,0.40625
6005,0.90625
6006,0.84375
6007,0.5625
6008,0.84375
6009,0.375
6010,0.9375
6011,0.75
6012,0.84375
6013,0.90625
6014,0.71875
6015,0.25
6016,0.59375
6017,0.6875
6018,0.84375
6019,0.3125
6020,0.46875
6021,0.75
6022,0.09375
6023,0.0
6024,0.8125
6025,0.78125
6026,0.875
6027,0.1875
6028,0.21875
6029,0.46875
6030,0.9375
6031,0.1875
6032,0.96875
6033,0.15625
6034,0.9375
6035,0.59375
6036,0.46875
6037,0.9375
6038,0.28125
6039,0.9375
6040,0.53125
6041,0.46875
6042,0.71875
6043,0.25
6044,0.0625
6045,0.90625
6046,0.5625
6047,0.5625
6048,0.65625
6049,0.375
6050,0.0625
6051,0.0
6052,0.125
6053,0.84375
6054,0.375
6055,0.90625
6056,0.0625
6057,0.75
6058,0.4375
6059,0.8125
6060,0.6875
6061,0.78125
6062,0.625
6063,0.78125
6064,0.84375
6065,0.6875
6066,0.6875
6067,0.21875
6068,0.5625
6069,0.625
6070,0.625
6071,0.375
6072,0.375
6073,0.1875
6074,0.4375
6075,0.78125
6076,0.75
6077,0.9375
6078,0.71875
6079,0.25
6080,0.5
6081,0.6875
6082,0.78125
6083,0.21875
6084,0.875
6085,0.71875
6086,0.9375
6087,0.78125
6088,0.84375
6089,0.75
6090,0.6875
6091,0.59375
6092,0.84375
6093,0.75
6094,0.0625
6095,0.625
6096,0.46875
6097,0.84375
6098,0.8125
6099,0.5625
6100,0.875
6101,0.96875
6102,0.65625
6103,0.59375
6104,0.875
6105,0.78125
6106,0.84375
6107,0.96875
6108,0.59375
6109,0.46875
6110,0.53125
6111,0.6875
6112,0.625
6113,0.78125
6114,0.84375
6115,0.8125
6116,0.53125
6117,1.0
6118,0.25
6119,0.75
6120,0.59375
6121,0.40625
6122,0.53125
6123,0.90625
6124,0.65625
6125,0.75
6126,0.0
6127,0.78125
6128,0.03125
6129,0.09375
6130,0.8125
6131,0.9375
6132,0.375
6133,0.28125
6134,0.03125
6135,0.15625
6136,0.71875
6137,0.71875
6138,0.90625
6139,0.8125
6140,0.78125
6141,0.84375
6142,0.84375
6143,0.84375
6144,0.71875
6145,0.1875
6146,0.40625
6147,0.78125
6148,0.8125
6149,0.0625
6150,0.5
6151,0.5
6152,0.71875
6153,0.90625
6154,0.09375
6155,0.9375
6156,0.1875
6157,0.71875
6158,0.84375
6159,0.84375
6160,0.75
6161,0.40625
6162,0.5
6163,0.71875
6164,0.625
6165,0.78125
6166,0.75
6167,0.59375
6168,0.5625
6169,0.1875
6170,0.3125
6171,0.65625
6172,0.53125
6173,0.0
6174,0.0625
6175,0.5625
6176,0.84375
6177,0.65625
6178,0.15625
6179,0.65625
6180,0.375
6181,0.84375
6182,0.84375
6183,0.71875
6184,0.84375
6185,0.65625
6186,0.59375
6187,0.65625
6188,0.90625
6189,0.3125
6190,0.875
6191,0.4375
6192,0.96875
6193,0.4375
6194,0.875
6195,0.875
6196,0.15625
6197,0.65625
6198,0.59375
6199,0.46875
6200,0.625
6201,0.09375
6202,1.0
6203,0.46875
6204,0.15625
6205,0.25
6206,0.46875
6207,0.40625
6208,0.25
6209,0.59375
6210,0.90625
6211,0.625
6212,0.5
6213,0.8125
6214,0.1875
6215,0.84375
6216,0.75
6217,0.4375
6218,0.875
6219,0.28125
6220,0.71875
6221,0.6875
6222,0.75
6223,0.65625
6224,0.71875
6225,0.28125
6226,0.40625
6227,0.21875
6228,0.0625
6229,0.90625
6230,0.09375
6231,0.78125
6232,0.625
6233,0.03125
6234,0.78125
6235,0.90625
6236,0.5
6237,0.625
6238,0.5625
6239,0.59375
6240,0.78125
6241,0.9375
6242,0.84375
6243,0.6875
6244,0.9375
6245,0.625
6246,0.09375
6247,0.65625
6248,0.6875
6249,0.3125
6250,0.6875
6251,0.5
6252,0.875
6253,0.03125
6254,0.09375
6255,0.5625
6256,0.25
6257,0.09375
6258,0.125
6259,0.1875
6260,0.75
6261,0.4375
6262,0.96875
6263,0.34375
6264,0.09375
6265,0.125
6266,0.53125
6267,0.0
6268,0.28125
6269,0.65625
6270,0.8125
6271,0.5
6272,0.3125
6273,0.40625
6274,0.84375
6275,0.75
6276,0.8125
6277,0.8125
6278,0.84375
6279,0.90625
6280,0.6875
6281,0.90625
6282,0.59375
6283,0.40625
6284,0.59375
6285,0.84375
6286,0.75
6287,0.5625
6288,0.78125
6289,0.875
6290,0.8125
6291,0.75
6292,0.65625
6293,0.46875
6294,0.65625
6295,0.78125
6296,0.84375
6297,0.59375
6298,0.96875
6299,0.8125
6300,0.84375
6301,0.96875
6302,0.78125
6303,0.3125
6304,0.8125
6305,0.15625
6306,0.90625
6307,0.25
6308,0.53125
6309,0.5
6310,0.3125
6311,0.21875
6312,0.53125
6313,0.34375
6314,0.65625
6315,0.65625
6316,0.40625
6317,0.03125
6318,0.25
6319,0.9375
6320,0.84375
6321,0.8125
6322,0.875
6323,0.5
6324,0.71875
6325,0.625
6326,0.53125
6327,0.59375
6328,0.875
6329,0.78125
6330,0.375
6331,0.5
6332,0.71875
6333,0.65625
6334,0.8125
6335,0.625
6336,0.8125
6337,0.21875
6338,0.46875
6339,0.6875
6340,0.875
6341,0.90625
6342,0.4375
6343,0.71875
6344,0.625
6345,0.90625
6346,0.71875
6347,0.84375
6348,0.84375
6349,0.53125
6350,0.09375
6351,0.375
6352,0.84375
6353,0.71875
6354,0.75
6355,0.8125
6356,0.75
6357,0.40625
6358,0.8125
6359,0.53125
6360,0.8125
6361,0.8125
6362,0.8125
6363,0.625
6364,0.65625
6365,0.5625
6366,0.84375
6367,0.5
6368,0.65625
6369,0.59375
6370,0.75
6371,0.5
6372,0.96875
6373,0.59375
6374,0.71875
6375,0.90625
6376,0.84375
6377,0.75
6378,0.75
6379,0.28125
6380,0.59375
6381,0.28125
6382,0.65625
6383,0.0625
6384,0.28125
6385,0.0625
6386,0.65625
6387,0.5625
6388,0.625
6389,0.8125
6390,0.84375
6391,0.75
6392,0.625
6393,0.75
6394,0.5625
6395,0.90625
6396,0.34375
6397,0.34375
6398,0.90625
6399,0.6875
6400,0.84375
6401,0.40625
6402,0.4375
6403,0.875
6404,0.90625
6405,0.78125
6406,0.90625
6407,0.0625
6408,0.53125
6409,0.25
6410,0.75
6411,0.65625
6412,0.875
6413,0.5625
6414,0.71875
6415,0.53125
6416,0.34375
6417,0.5625
6418,0.09375
6419,0.15625
6420,0.625
6421,0.9375
6422,0.625
6423,0.125
6424,0.53125
6425,0.84375
6426,0.875
6427,0.375
6428,0.375
6429,0.59375
6430,0.5
6431,0.09375
6432,0.875
6433,0.53125
6434,0.96875
6435,0.96875
6436,0.46875
6437,0.875
6438,0.71875
6439,0.84375
6440,0.3125
6441,0.25
6442,0.5
6443,0.59375
6444,0.96875
6445,0.84375
6446,0.5625
6447,0.625
6448,0.28125
6449,0.3125
6450,0.75
6451,0.875
6452,0.625
6453,0.59375
6454,0.75
6455,0.53125
6456,0.40625
6457,0.53125
6458,0.625
6459,0.28125
6460,0.96875
6461,0.78125
6462,0.4375
6463,0.28125
6464,0.3125
6465,0.3125
6466,0.125
6467,0.875
6468,0.75
6469,0.9375
6470,0.71875
6471,0.625
6472,0.84375
6473,0.71875
6474,0.40625
6475,0.8125
6476,0.40625
6477,0.75
6478,0.625
6479,0.75
6480,0.03125
6481,0.34375
6482,0.875
6483,0.96875
6484,0.625
6485,0.4375
6486,0.5625
6487,0.03125
6488,0.5
6489,0.4375
6490,0.6875
6491,0.9375
6492,0.4375
6493,0.78125
6494,0.03125
6495,0.84375
6496,0.65625
6497,0.8125
6498,0.71875
6499,0.5
6500,0.59375
6501,0.21875
6502,0.8125
6503,0.46875
6504,0.125
6505,0.8125
6506,0.90625
6507,0.875
6508,0.65625
6509,0.34375
6510,0.40625
6511,0.0625
6512,0.5625
6513,0.75
6514,0.9375
6515,0.75
6516,0.0625
6517,0.46875
6518,0.34375
6519,0.21875
6520,0.1875
6521,0.84375
6522,0.90625
6523,0.8125
6524,0.8125
6525,0.875
6526,0.9375
6527,0.4375
6528,0.1875
6529,0.84375
6530,0.6875
6531,0.75
6532,0.6875
6533,0.875
6534,0.90625
6535,0.46875
6536,0.5625
6537,0.6875
6538,0.46875
6539,0.8125
6540,0.75
6541,0.8125
6542,0.75
6543,0.53125
6544,0.75
6545,0.65625
6546,0.46875
6547,0.59375
6548,0.59375
6549,0.75
6550,0.96875
6551,0.9375
6552,0.9375
6553,0.6875
6554,0.8125
6555,0.9375
6556,0.78125
6557,0.5
6558,0.6875
6559,0.0625
6560,0.1875
6561,0.21875
6562,0.875
6563,0.8125
6564,0.21875
6565,0.75
6566,0.84375
6567,0.84375
6568,0.0625
6569,0.1875
6570,0.25
6571,0.8125
6572,0.5
6573,0.8125
6574,0.375
6575,0.4375
6576,0.9375
6577,0.5
6578,0.25
6579,0.1875
6580,0.90625
6581,0.78125
6582,0.59375
6583,0.875
6584,0.75
6585,0.125
6586,0.59375
6587,0.5625
6588,0.6875
6589,0.4375
6590,0.40625
6591,0.375
6592,0.0625
6593,0.21875
6594,0.125
6595,0.1875
6596,0.5
6597,0.3125
6598,0.90625
6599,0.75
6600,0.78125
6601,0.5625
6602,0.625
6603,0.875
6604,0.1875
6605,0.6875
6606,0.875
6607,0.875
6608,0.65625
6609,0.4375
6610,0.59375
6611,0.375
6612,0.4375
6613,0.71875
6614,0.875
6615,0.75
6616,0.28125
6617,0.09375
6618,0.25
6619,0.8125
6620,0.9375
6621,1.0
6622,0.125
6623,0.375
6624,0.03125
6625,0.875
6626,0.78125
6627,0.8125
6628,0.6875
6629,0.03125
6630,0.59375
6631,0.75
6632,0.84375
6633,0.5
6634,0.3125
6635,0.6875
6636,0.6875
6637,0.84375
6638,0.8125
6639,0.53125
6640,0.21875
6641,0.4375
6642,0.5
6643,0.40625
6644,0.90625
6645,0.90625
6646,0.5
6647,0.75
6648,0.6875
6649,0.125
6650,0.96875
6651,0.84375
6652,0.71875
6653,0.90625
6654,0.15625
6655,0.84375
6656,0.71875
6657,0.875
6658,0.5
6659,0.3125
6660,0.8125
6661,0.6875
6662,0.375
6663,0.53125
6664,0.3125
6665,0.65625
6666,0.625
