,Absolute Magnetisations Per Spin
0,0.125
1,0.0625
2,0.03125
3,0.15625
4,0.25
5,0.28125
6,0.53125
7,0.375
8,0.25
9,0.28125
10,0.1875
11,0.25
12,0.46875
13,0.40625
14,0.59375
15,0.71875
16,0.71875
17,0.5
18,0.46875
19,0.5625
20,0.40625
21,0.34375
22,0.28125
23,0.09375
24,0.375
25,0.46875
26,0.0
27,0.25
28,0.1875
29,0.0
30,0.28125
31,0.25
32,0.03125
33,0.1875
34,0.09375
35,0.09375
36,0.125
37,0.0625
38,0.0625
39,0.0
40,0.09375
41,0.15625
42,0.125
43,0.21875
44,0.28125
45,0.40625
46,0.375
47,0.28125
48,0.0
49,0.28125
50,0.09375
51,0.21875
52,0.28125
53,0.15625
54,0.03125
55,0.03125
56,0.4375
57,0.53125
58,0.25
59,0.34375
60,0.28125
61,0.3125
62,0.28125
63,0.34375
64,0.53125
65,0.375
66,0.3125
67,0.25
68,0.1875
69,0.15625
70,0.03125
71,0.0
72,0.1875
73,0.125
74,0.03125
75,0.125
76,0.34375
77,0.21875
78,0.125
79,0.125
80,0.1875
81,0.03125
82,0.21875
83,0.1875
84,0.03125
85,0.09375
86,0.0625
87,0.34375
88,0.25
89,0.25
90,0.34375
91,0.3125
92,0.0625
93,0.03125
94,0.0625
95,0.0
96,0.15625
97,0.0625
98,0.0
99,0.03125
100,0.3125
101,0.40625
102,0.28125
103,0.3125
104,0.1875
105,0.4375
106,0.65625
107,0.5625
108,0.3125
109,0.1875
110,0.0
111,0.0625
112,0.1875
113,0.03125
114,0.0
115,0.28125
116,0.15625
117,0.28125
118,0.125
119,0.0
120,0.0625
121,0.25
122,0.09375
123,0.09375
124,0.3125
125,0.21875
126,0.40625
127,0.4375
128,0.40625
129,0.40625
130,0.5
131,0.3125
132,0.34375
133,0.375
134,0.125
135,0.375
136,0.59375
137,0.59375
138,0.5
139,0.1875
140,0.0
141,0.125
142,0.15625
143,0.03125
144,0.0625
145,0.03125
146,0.25
147,0.34375
148,0.25
149,0.5
150,0.34375
151,0.03125
152,0.1875
153,0.03125
154,0.0625
155,0.1875
156,0.09375
157,0.3125
158,0.375
159,0.1875
160,0.09375
161,0.0
162,0.03125
163,0.09375
164,0.21875
165,0.125
166,0.0625
167,0.0625
168,0.0625
169,0.03125
170,0.09375
171,0.0625
172,0.21875
173,0.34375
174,0.4375
175,0.21875
176,0.125
177,0.1875
178,0.03125
179,0.25
180,0.25
181,0.0625
182,0.09375
183,0.1875
184,0.03125
185,0.125
186,0.5
187,0.46875
188,0.53125
189,0.53125
190,0.4375
191,0.5
192,0.53125
193,0.65625
194,0.59375
195,0.46875
196,0.53125
197,0.34375
198,0.28125
199,0.53125
200,0.3125
201,0.28125
202,0.1875
203,0.3125
204,0.0625
205,0.0625
206,0.15625
207,0.28125
208,0.25
209,0.0625
210,0.03125
211,0.03125
212,0.21875
213,0.0
214,0.0
215,0.125
216,0.0
217,0.03125
218,0.0
219,0.3125
220,0.1875
221,0.5625
222,0.5
223,0.28125
224,0.40625
225,0.34375
226,0.53125
227,0.65625
228,0.6875
229,0.9375
230,0.9375
231,0.875
232,0.875
233,0.65625
234,0.75
235,0.65625
236,0.6875
237,0.75
238,0.78125
239,0.65625
240,0.4375
241,0.4375
242,0.34375
243,0.15625
244,0.15625
245,0.0625
246,0.0
247,0.1875
248,0.0625
249,0.03125
250,0.0
251,0.0625
252,0.1875
253,0.375
254,0.375
255,0.3125
256,0.65625
257,0.46875
258,0.59375
259,0.5
260,0.5625
261,0.53125
262,0.53125
263,0.375
264,0.25
265,0.03125
266,0.0
267,0.15625
268,0.21875
269,0.40625
270,0.34375
271,0.59375
272,0.46875
273,0.1875
274,0.0
275,0.09375
276,0.125
277,0.25
278,0.15625
279,0.3125
280,0.25
281,0.03125
282,0.125
283,0.375
284,0.34375
285,0.3125
286,0.21875
287,0.09375
288,0.03125
289,0.03125
290,0.0625
291,0.15625
292,0.3125
293,0.4375
294,0.28125
295,0.25
296,0.21875
297,0.25
298,0.4375
299,0.4375
300,0.15625
301,0.125
302,0.1875
303,0.125
304,0.25
305,0.03125
306,0.1875
307,0.25
308,0.1875
309,0.4375
310,0.59375
311,0.21875
312,0.0625
313,0.15625
314,0.25
315,0.3125
316,0.46875
317,0.1875
318,0.5
319,0.4375
320,0.34375
321,0.375
322,0.1875
323,0.25
324,0.40625
325,0.03125
326,0.09375
327,0.0625
328,0.40625
329,0.28125
330,0.375
331,0.21875
332,0.34375
333,0.25
334,0.3125
335,0.0625
336,0.125
337,0.375
338,0.34375
339,0.375
340,0.21875
341,0.03125
342,0.1875
343,0.46875
344,0.78125
345,0.625
346,0.375
347,0.53125
348,0.40625
349,0.375
350,0.34375
351,0.53125
352,0.6875
353,0.5
354,0.5
355,0.3125
356,0.46875
357,0.59375
358,0.46875
359,0.5
360,0.34375
361,0.28125
362,0.40625
363,0.4375
364,0.1875
365,0.15625
366,0.25
367,0.375
368,0.4375
369,0.28125
370,0.3125
371,0.125
372,0.0625
373,0.09375
374,0.0625
375,0.34375
376,0.21875
377,0.03125
378,0.3125
379,0.4375
380,0.5625
381,0.34375
382,0.0
383,0.03125
384,0.21875
385,0.21875
386,0.375
387,0.125
388,0.375
389,0.59375
390,0.6875
391,0.625
392,0.34375
393,0.25
394,0.40625
395,0.21875
396,0.1875
397,0.28125
398,0.34375
399,0.4375
400,0.5625
401,0.28125
402,0.28125
403,0.40625
404,0.46875
405,0.46875
406,0.21875
407,0.09375
408,0.09375
409,0.03125
410,0.03125
411,0.125
412,0.0
413,0.375
414,0.25
415,0.53125
416,0.3125
417,0.5
418,0.3125
419,0.3125
420,0.09375
421,0.4375
422,0.3125
423,0.5625
424,0.375
425,0.53125
426,0.34375
427,0.28125
428,0.09375
429,0.21875
430,0.28125
431,0.03125
432,0.0625
433,0.1875
434,0.53125
435,0.40625
436,0.28125
437,0.3125
438,0.3125
439,0.28125
440,0.3125
441,0.53125
442,0.46875
443,0.25
444,0.28125
445,0.15625
446,0.0
447,0.0
448,0.40625
449,0.40625
450,0.34375
451,0.1875
452,0.15625
453,0.09375
454,0.25
455,0.59375
456,0.375
457,0.15625
458,0.0
459,0.3125
460,0.25
461,0.5
462,0.5625
463,0.6875
464,0.59375
465,0.71875
466,0.71875
467,0.75
468,0.4375
469,0.21875
470,0.28125
471,0.46875
472,0.5
473,0.09375
474,0.15625
475,0.1875
476,0.03125
477,0.0
478,0.1875
479,0.0625
480,0.21875
481,0.0625
482,0.28125
483,0.125
484,0.03125
485,0.0625
486,0.0
487,0.0625
488,0.09375
489,0.0625
490,0.09375
491,0.09375
492,0.15625
493,0.3125
494,0.0625
495,0.0
496,0.15625
497,0.15625
498,0.0
499,0.125
500,0.125
501,0.09375
502,0.1875
503,0.03125
504,0.1875
505,0.4375
506,0.375
507,0.375
508,0.59375
509,0.6875
510,0.65625
511,0.78125
512,0.8125
513,0.71875
514,0.46875
515,0.34375
516,0.375
517,0.34375
518,0.5625
519,0.4375
520,0.4375
521,0.1875
522,0.40625
523,0.5625
524,0.5
525,0.40625
526,0.15625
527,0.0625
528,0.15625
529,0.09375
530,0.03125
531,0.21875
532,0.0625
533,0.125
534,0.3125
535,0.25
536,0.375
537,0.40625
538,0.5625
539,0.53125
540,0.09375
541,0.09375
542,0.15625
543,0.09375
544,0.3125
545,0.21875
546,0.3125
547,0.15625
548,0.15625
549,0.25
550,0.25
551,0.34375
552,0.5
553,0.53125
554,0.25
555,0.25
556,0.21875
557,0.15625
558,0.03125
559,0.03125
560,0.09375
561,0.1875
562,0.03125
563,0.3125
564,0.5
565,0.25
566,0.0625
567,0.3125
568,0.125
569,0.28125
570,0.4375
571,0.25
572,0.25
573,0.15625
574,0.34375
575,0.5
576,0.34375
577,0.5
578,0.625
579,0.40625
580,0.53125
581,0.28125
582,0.25
583,0.09375
584,0.125
585,0.0
586,0.09375
587,0.125
588,0.09375
589,0.1875
590,0.0625
591,0.125
592,0.125
593,0.1875
594,0.09375
595,0.34375
596,0.28125
597,0.4375
598,0.375
599,0.375
600,0.40625
601,0.25
602,0.375
603,0.25
604,0.3125
605,0.25
606,0.40625
607,0.3125
608,0.28125
609,0.375
610,0.1875
611,0.5
612,0.5
613,0.65625
614,0.34375
615,0.125
616,0.03125
617,0.03125
618,0.03125
619,0.125
620,0.15625
621,0.0
622,0.1875
623,0.28125
624,0.34375
625,0.125
626,0.0
627,0.09375
628,0.28125
629,0.28125
630,0.09375
631,0.3125
632,0.25
633,0.15625
634,0.15625
635,0.09375
636,0.03125
637,0.21875
638,0.1875
639,0.5
640,0.4375
641,0.40625
642,0.09375
643,0.03125
644,0.0
645,0.09375
646,0.1875
647,0.3125
648,0.03125
649,0.5625
650,0.375
651,0.46875
652,0.21875
653,0.1875
654,0.3125
655,0.375
656,0.34375
657,0.28125
658,0.09375
659,0.1875
660,0.21875
661,0.0625
662,0.09375
663,0.21875
664,0.3125
665,0.125
666,0.25
667,0.03125
668,0.46875
669,0.59375
670,0.4375
671,0.3125
672,0.1875
673,0.0
674,0.125
675,0.3125
676,0.1875
677,0.28125
678,0.25
679,0.1875
680,0.09375
681,0.1875
682,0.09375
683,0.03125
684,0.15625
685,0.03125
686,0.1875
687,0.25
688,0.0625
689,0.09375
690,0.40625
691,0.4375
692,0.1875
693,0.28125
694,0.53125
695,0.25
696,0.25
697,0.28125
698,0.21875
699,0.03125
700,0.1875
701,0.0625
702,0.0625
703,0.09375
704,0.0
705,0.09375
706,0.4375
707,0.1875
708,0.0625
709,0.09375
710,0.0625
711,0.0625
712,0.25
713,0.25
714,0.5
715,0.5
716,0.40625
717,0.3125
718,0.25
719,0.34375
720,0.28125
721,0.40625
722,0.375
723,0.375
724,0.40625
725,0.71875
726,0.75
727,0.53125
728,0.65625
729,0.65625
730,0.84375
731,0.6875
732,0.53125
733,0.5625
734,0.40625
735,0.4375
736,0.4375
737,0.1875
738,0.375
739,0.28125
740,0.125
741,0.5
742,0.28125
743,0.71875
744,0.75
745,0.59375
746,0.8125
747,0.84375
748,0.6875
749,0.5
750,0.25
751,0.0625
752,0.09375
753,0.34375
754,0.25
755,0.625
756,0.3125
757,0.4375
758,0.4375
759,0.46875
760,0.625
761,0.75
762,0.5
763,0.53125
764,0.65625
765,0.59375
766,0.34375
767,0.28125
768,0.25
769,0.125
770,0.0
771,0.0625
772,0.09375
773,0.125
774,0.125
775,0.03125
776,0.03125
777,0.25
778,0.3125
779,0.375
780,0.40625
781,0.34375
782,0.0625
783,0.0625
784,0.09375
785,0.15625
786,0.0625
787,0.21875
788,0.5
789,0.28125
790,0.1875
791,0.34375
792,0.28125
793,0.21875
794,0.25
795,0.1875
796,0.25
797,0.25
798,0.3125
799,0.375
800,0.15625
801,0.15625
802,0.25
803,0.21875
804,0.15625
805,0.3125
806,0.3125
807,0.25
808,0.1875
809,0.0625
810,0.03125
811,0.15625
812,0.03125
813,0.0625
814,0.1875
815,0.15625
816,0.25
817,0.25
818,0.25
819,0.28125
820,0.46875
821,0.25
822,0.21875
823,0.21875
824,0.5625
825,0.4375
826,0.28125
827,0.1875
828,0.03125
829,0.25
830,0.46875
831,0.78125
832,0.8125
833,0.84375
834,0.71875
835,0.40625
836,0.15625
837,0.03125
838,0.03125
839,0.0625
840,0.125
841,0.25
842,0.0
843,0.3125
844,0.34375
845,0.34375
846,0.46875
847,0.5625
848,0.53125
849,0.6875
850,0.625
851,0.5625
852,0.5
853,0.375
854,0.15625
855,0.15625
856,0.09375
857,0.15625
858,0.46875
859,0.46875
860,0.46875
861,0.4375
862,0.25
863,0.5625
864,0.5
865,0.875
866,0.90625
867,0.84375
868,0.78125
869,0.8125
870,0.6875
871,0.90625
872,0.6875
873,0.78125
874,0.8125
875,0.6875
876,0.6875
877,0.71875
878,0.71875
879,0.6875
880,0.875
881,0.75
882,0.625
883,0.59375
884,0.625
885,0.53125
886,0.6875
887,0.78125
888,0.78125
889,0.6875
890,0.375
891,0.46875
892,0.46875
893,0.3125
894,0.1875
895,0.03125
896,0.21875
897,0.3125
898,0.65625
899,0.6875
900,0.3125
901,0.4375
902,0.5
903,0.4375
904,0.34375
905,0.40625
906,0.34375
907,0.3125
908,0.34375
909,0.3125
910,0.375
911,0.5
912,0.4375
913,0.40625
914,0.40625
915,0.5
916,0.40625
917,0.40625
918,0.375
919,0.46875
920,0.3125
921,0.34375
922,0.34375
923,0.53125
924,0.65625
925,0.5
926,0.34375
927,0.09375
928,0.03125
929,0.125
930,0.5
931,0.40625
932,0.40625
933,0.5
934,0.53125
935,0.28125
936,0.40625
937,0.28125
938,0.3125
939,0.09375
940,0.0
941,0.09375
942,0.1875
943,0.09375
944,0.25
945,0.28125
946,0.1875
947,0.03125
948,0.09375
949,0.21875
950,0.15625
951,0.09375
952,0.125
953,0.28125
954,0.5
955,0.28125
956,0.21875
957,0.375
958,0.34375
959,0.46875
960,0.53125
961,0.40625
962,0.3125
963,0.15625
964,0.34375
965,0.03125
966,0.3125
967,0.21875
968,0.21875
969,0.25
970,0.28125
971,0.25
972,0.09375
973,0.03125
974,0.09375
975,0.125
976,0.34375
977,0.28125
978,0.34375
979,0.09375
980,0.03125
981,0.0
982,0.03125
983,0.03125
984,0.21875
985,0.125
986,0.21875
987,0.03125
988,0.0625
989,0.125
990,0.25
991,0.1875
992,0.09375
993,0.25
994,0.125
995,0.1875
996,0.125
997,0.34375
998,0.34375
999,0.5
