,Absolute Magnetisations Per Spin
0,0.9375
1,0.84375
2,0.6875
3,0.78125
4,0.6875
5,0.6875
6,0.5625
7,0.71875
8,0.71875
9,0.75
10,0.5625
11,0.375
12,0.1875
13,0.46875
14,0.4375
15,0.40625
16,0.21875
17,0.25
18,0.0
19,0.03125
20,0.34375
21,0.28125
22,0.21875
23,0.125
24,0.28125
25,0.3125
26,0.1875
27,0.15625
28,0.03125
29,0.1875
30,0.09375
31,0.21875
32,0.28125
33,0.09375
34,0.3125
35,0.34375
36,0.28125
37,0.25
38,0.375
39,0.1875
40,0.375
41,0.34375
42,0.28125
43,0.25
44,0.15625
45,0.09375
46,0.09375
47,0.25
48,0.03125
49,0.0625
50,0.1875
51,0.21875
52,0.5
53,0.40625
54,0.3125
55,0.4375
56,0.5625
57,0.59375
58,0.59375
59,0.5
60,0.8125
61,0.65625
62,0.625
63,0.65625
64,0.5
65,0.34375
66,0.3125
67,0.34375
68,0.625
69,0.65625
70,0.84375
71,0.75
72,0.5625
73,0.6875
74,0.75
75,0.5625
76,0.4375
77,0.125
78,0.1875
79,0.125
80,0.0625
81,0.09375
82,0.09375
83,0.5
84,0.375
85,0.3125
86,0.46875
87,0.5625
88,0.28125
89,0.15625
90,0.4375
91,0.21875
92,0.5
93,0.5
94,0.625
95,0.375
96,0.71875
97,0.40625
98,0.375
99,0.53125
100,0.53125
101,0.46875
102,0.6875
103,0.40625
104,0.0
105,0.09375
106,0.1875
107,0.25
108,0.53125
109,0.5
110,0.625
111,0.34375
112,0.34375
113,0.3125
114,0.25
115,0.25
116,0.5
117,0.28125
118,0.3125
119,0.34375
120,0.40625
121,0.625
122,0.53125
123,0.3125
124,0.46875
125,0.53125
126,0.375
127,0.4375
128,0.25
129,0.5
130,0.5625
131,0.5
132,0.53125
133,0.40625
134,0.4375
135,0.40625
136,0.21875
137,0.03125
138,0.0625
139,0.125
140,0.25
141,0.40625
142,0.09375
143,0.3125
144,0.5
145,0.375
146,0.46875
147,0.34375
148,0.125
149,0.09375
150,0.375
151,0.15625
152,0.15625
153,0.125
154,0.09375
155,0.1875
156,0.0
157,0.03125
158,0.03125
159,0.03125
160,0.03125
161,0.46875
162,0.5
163,0.46875
164,0.21875
165,0.0
166,0.0625
167,0.0625
168,0.09375
169,0.03125
170,0.125
171,0.03125
172,0.03125
173,0.03125
174,0.125
175,0.25
176,0.125
177,0.4375
178,0.25
179,0.21875
180,0.1875
181,0.34375
182,0.375
183,0.3125
184,0.21875
185,0.28125
186,0.15625
187,0.09375
188,0.0625
189,0.0
190,0.03125
191,0.375
192,0.59375
193,0.40625
194,0.3125
195,0.40625
196,0.3125
197,0.0625
198,0.125
199,0.28125
200,0.0625
201,0.28125
202,0.4375
203,0.34375
204,0.4375
205,0.53125
206,0.28125
207,0.25
208,0.15625
209,0.34375
210,0.375
211,0.65625
212,0.78125
213,0.6875
214,0.78125
215,0.84375
216,0.5
217,0.6875
218,0.40625
219,0.4375
220,0.6875
221,0.46875
222,0.28125
223,0.5
224,0.375
225,0.09375
226,0.15625
227,0.09375
228,0.21875
229,0.1875
230,0.125
231,0.03125
232,0.0625
233,0.28125
234,0.09375
235,0.03125
236,0.09375
237,0.125
238,0.34375
239,0.0625
240,0.0625
241,0.125
242,0.1875
243,0.34375
244,0.09375
245,0.03125
246,0.0
247,0.21875
248,0.25
249,0.15625
250,0.03125
251,0.0
252,0.15625
253,0.3125
254,0.6875
255,0.5
256,0.5
257,0.59375
258,0.625
259,0.6875
260,0.46875
261,0.3125
262,0.5
263,0.375
264,0.59375
265,0.5
266,0.53125
267,0.53125
268,0.6875
269,0.5625
270,0.59375
271,0.59375
272,0.375
273,0.25
274,0.5
275,0.5625
276,0.4375
277,0.0625
278,0.0625
279,0.3125
280,0.125
281,0.03125
282,0.3125
283,0.28125
284,0.28125
285,0.0625
286,0.0
287,0.0625
288,0.375
289,0.09375
290,0.0625
291,0.3125
292,0.3125
293,0.1875
294,0.09375
295,0.21875
296,0.40625
297,0.5
298,0.5625
299,0.46875
300,0.3125
301,0.03125
302,0.1875
303,0.03125
304,0.125
305,0.125
306,0.03125
307,0.21875
308,0.28125
309,0.03125
310,0.125
311,0.0
312,0.125
313,0.34375
314,0.375
315,0.53125
316,0.625
317,0.5625
318,0.625
319,0.6875
320,0.65625
321,0.65625
322,0.625
323,0.25
324,0.34375
325,0.625
326,0.6875
327,0.78125
328,0.6875
329,0.65625
330,0.71875
331,0.75
332,0.65625
333,0.6875
334,0.5
335,0.75
336,0.65625
337,0.71875
338,0.5625
339,0.53125
340,0.65625
341,0.59375
342,0.71875
343,0.65625
344,0.75
345,0.71875
346,0.75
347,0.46875
348,0.4375
349,0.53125
350,0.15625
351,0.125
352,0.125
353,0.0
354,0.15625
355,0.09375
356,0.0
357,0.09375
358,0.0
359,0.09375
360,0.03125
361,0.03125
362,0.03125
363,0.03125
364,0.03125
365,0.0625
366,0.0625
367,0.0
368,0.15625
369,0.28125
370,0.0625
371,0.09375
372,0.0625
373,0.21875
374,0.21875
375,0.1875
376,0.375
377,0.34375
378,0.4375
379,0.25
380,0.46875
381,0.65625
382,0.71875
383,0.53125
384,0.65625
385,0.46875
386,0.75
387,0.8125
388,0.9375
389,0.8125
390,0.8125
391,0.78125
392,0.75
393,0.8125
394,0.75
395,0.65625
396,0.5
397,0.4375
398,0.59375
399,0.375
400,0.3125
401,0.40625
402,0.3125
403,0.34375
404,0.15625
405,0.1875
406,0.0625
407,0.0625
408,0.125
409,0.0625
410,0.1875
411,0.34375
412,0.4375
413,0.59375
414,0.4375
415,0.28125
416,0.25
417,0.21875
418,0.0625
419,0.375
420,0.5625
421,0.53125
422,0.5625
423,0.53125
424,0.65625
425,0.78125
426,0.375
427,0.4375
428,0.09375
429,0.21875
430,0.15625
431,0.0625
432,0.03125
433,0.09375
434,0.28125
435,0.375
436,0.375
437,0.1875
438,0.09375
439,0.4375
440,0.3125
441,0.03125
442,0.0625
443,0.03125
444,0.125
445,0.28125
446,0.28125
447,0.09375
448,0.3125
449,0.3125
450,0.3125
451,0.25
452,0.15625
453,0.15625
454,0.15625
455,0.03125
456,0.125
457,0.125
458,0.09375
459,0.03125
460,0.25
461,0.125
462,0.15625
463,0.3125
464,0.03125
465,0.125
466,0.03125
467,0.03125
468,0.03125
469,0.09375
470,0.40625
471,0.4375
472,0.6875
473,0.65625
474,0.5
475,0.78125
476,0.6875
477,0.59375
478,0.4375
479,0.34375
480,0.40625
481,0.46875
482,0.21875
483,0.25
484,0.28125
485,0.03125
486,0.21875
487,0.0
488,0.125
489,0.0625
490,0.0625
491,0.0625
492,0.28125
493,0.0
494,0.03125
495,0.25
496,0.15625
497,0.3125
498,0.28125
499,0.34375
500,0.40625
501,0.3125
502,0.375
503,0.125
504,0.09375
505,0.125
506,0.1875
507,0.1875
508,0.25
509,0.15625
510,0.1875
511,0.1875
512,0.0
513,0.03125
514,0.1875
515,0.15625
516,0.09375
517,0.125
518,0.1875
519,0.1875
520,0.15625
521,0.46875
522,0.59375
523,0.8125
524,0.90625
525,0.875
526,0.8125
527,0.4375
528,0.4375
529,0.5
530,0.15625
531,0.5
532,0.6875
533,0.78125
534,0.65625
535,0.625
536,0.375
537,0.40625
538,0.375
539,0.625
540,0.53125
541,0.375
542,0.46875
543,0.5625
544,0.46875
545,0.4375
546,0.625
547,0.53125
548,0.25
549,0.1875
550,0.125
551,0.03125
552,0.125
553,0.03125
554,0.03125
555,0.21875
556,0.4375
557,0.5625
558,0.375
559,0.21875
560,0.09375
561,0.15625
562,0.15625
563,0.375
564,0.40625
565,0.4375
566,0.46875
567,0.53125
568,0.34375
569,0.28125
570,0.28125
571,0.28125
572,0.03125
573,0.0625
574,0.25
575,0.65625
576,0.53125
577,0.5625
578,0.46875
579,0.4375
580,0.375
581,0.4375
582,0.25
583,0.375
584,0.1875
585,0.0625
586,0.03125
587,0.1875
588,0.21875
589,0.03125
590,0.0
591,0.03125
592,0.3125
593,0.40625
594,0.40625
595,0.34375
596,0.46875
597,0.28125
598,0.21875
599,0.21875
600,0.0
601,0.125
602,0.03125
603,0.09375
604,0.1875
605,0.25
606,0.125
607,0.21875
608,0.5625
609,0.59375
610,0.8125
611,0.59375
612,0.625
613,0.59375
614,0.625
615,0.53125
616,0.34375
617,0.40625
618,0.53125
619,0.25
620,0.59375
621,0.46875
622,0.375
623,0.46875
624,0.40625
625,0.34375
626,0.46875
627,0.46875
628,0.28125
629,0.125
630,0.15625
631,0.46875
632,0.5625
633,0.59375
634,0.59375
635,0.875
636,0.84375
637,0.78125
638,0.78125
639,0.71875
640,0.71875
641,0.65625
642,0.46875
643,0.34375
644,0.28125
645,0.5625
646,0.625
647,0.5
648,0.4375
649,0.75
650,0.40625
651,0.40625
652,0.59375
653,0.625
654,0.5625
655,0.8125
656,0.625
657,0.53125
658,0.625
659,0.65625
660,0.625
661,0.6875
662,0.71875
663,0.6875
664,0.65625
665,0.21875
666,0.0625
667,0.34375
668,0.09375
669,0.0625
670,0.03125
671,0.03125
672,0.0625
673,0.1875
674,0.34375
675,0.28125
676,0.3125
677,0.59375
678,0.6875
679,0.5625
680,0.78125
681,0.625
682,0.65625
683,0.5625
684,0.5625
685,0.5
686,0.5625
687,0.5625
688,0.78125
689,0.71875
690,0.6875
691,0.5625
692,0.65625
693,0.59375
694,0.46875
695,0.34375
696,0.3125
697,0.5
698,0.6875
699,0.875
700,0.65625
701,0.53125
702,0.71875
703,0.65625
704,0.40625
705,0.46875
706,0.65625
707,0.75
708,0.625
709,0.21875
710,0.09375
711,0.09375
712,0.15625
713,0.28125
714,0.15625
715,0.09375
716,0.21875
717,0.0625
718,0.34375
719,0.34375
720,0.21875
721,0.1875
722,0.21875
723,0.09375
724,0.4375
725,0.75
726,0.5
727,0.625
728,0.75
729,0.84375
730,0.75
731,0.6875
732,0.75
733,0.65625
734,0.53125
735,0.59375
736,0.59375
737,0.625
738,0.46875
739,0.34375
740,0.15625
741,0.15625
742,0.0
743,0.375
744,0.1875
745,0.21875
746,0.0625
747,0.15625
748,0.34375
749,0.4375
750,0.34375
751,0.4375
752,0.5
753,0.5
754,0.46875
755,0.53125
756,0.375
757,0.46875
758,0.25
759,0.28125
760,0.40625
761,0.1875
762,0.03125
763,0.09375
764,0.03125
765,0.0625
766,0.34375
767,0.21875
768,0.34375
769,0.40625
770,0.375
771,0.28125
772,0.0
773,0.21875
774,0.21875
775,0.0625
776,0.0
777,0.09375
778,0.0
779,0.125
780,0.0625
781,0.25
782,0.0625
783,0.40625
784,0.5
785,0.46875
786,0.46875
787,0.28125
788,0.0
789,0.15625
790,0.03125
791,0.21875
792,0.5
793,0.59375
794,0.40625
795,0.3125
796,0.21875
797,0.25
798,0.0625
799,0.1875
800,0.3125
801,0.53125
802,0.09375
803,0.25
804,0.25
805,0.34375
806,0.34375
807,0.34375
808,0.21875
809,0.375
810,0.46875
811,0.4375
812,0.53125
813,0.46875
814,0.375
815,0.40625
816,0.5625
817,0.3125
818,0.21875
819,0.15625
820,0.15625
821,0.0625
822,0.09375
823,0.4375
824,0.5625
825,0.59375
826,0.71875
827,0.625
828,0.3125
829,0.34375
830,0.25
831,0.4375
832,0.375
833,0.125
834,0.34375
835,0.4375
836,0.40625
837,0.15625
838,0.40625
839,0.21875
840,0.0625
841,0.125
842,0.125
843,0.25
844,0.0
845,0.09375
846,0.03125
847,0.15625
848,0.125
849,0.09375
850,0.1875
851,0.09375
852,0.3125
853,0.53125
854,0.4375
855,0.21875
856,0.34375
857,0.15625
858,0.28125
859,0.3125
860,0.15625
861,0.03125
862,0.21875
863,0.1875
864,0.09375
865,0.1875
866,0.09375
867,0.15625
868,0.34375
869,0.09375
870,0.0
871,0.15625
872,0.3125
873,0.3125
874,0.59375
875,0.4375
876,0.53125
877,0.5625
878,0.03125
879,0.21875
880,0.125
881,0.03125
882,0.15625
883,0.21875
884,0.03125
885,0.0625
886,0.21875
887,0.3125
888,0.125
889,0.25
890,0.15625
891,0.25
892,0.21875
893,0.125
894,0.15625
895,0.15625
896,0.1875
897,0.25
898,0.4375
899,0.40625
900,0.1875
901,0.375
902,0.15625
903,0.375
904,0.34375
905,0.25
906,0.25
907,0.375
908,0.25
909,0.09375
910,0.125
911,0.28125
912,0.3125
913,0.0625
914,0.1875
915,0.3125
916,0.21875
917,0.34375
918,0.1875
919,0.0
920,0.15625
921,0.3125
922,0.28125
923,0.21875
924,0.125
925,0.1875
926,0.34375
927,0.3125
928,0.1875
929,0.15625
930,0.53125
931,0.625
932,0.53125
933,0.6875
934,0.09375
935,0.1875
936,0.25
937,0.09375
938,0.15625
939,0.40625
940,0.25
941,0.03125
942,0.0
943,0.34375
944,0.09375
945,0.0
946,0.375
947,0.25
948,0.21875
949,0.25
950,0.34375
951,0.59375
952,0.53125
953,0.6875
954,0.8125
955,0.78125
956,0.5625
957,0.46875
958,0.46875
959,0.46875
960,0.625
961,0.53125
962,0.4375
963,0.3125
964,0.25
965,0.25
966,0.3125
967,0.1875
968,0.125
969,0.40625
970,0.28125
971,0.25
972,0.34375
973,0.375
974,0.40625
975,0.625
976,0.65625
977,0.6875
978,0.625
979,0.46875
980,0.5
981,0.28125
982,0.28125
983,0.125
984,0.375
985,0.375
986,0.3125
987,0.5
988,0.46875
989,0.28125
990,0.21875
991,0.0625
992,0.125
993,0.28125
994,0.375
995,0.3125
996,0.3125
997,0.65625
998,0.6875
999,0.71875
