,Absolute Magnetisations Per Spin
0,0.28125
1,0.125
2,0.1875
3,0.34375
4,0.3125
5,0.34375
6,0.15625
7,0.125
8,0.03125
9,0.03125
10,0.125
11,0.1875
12,0.125
13,0.0625
14,0.0
15,0.03125
16,0.03125
17,0.1875
18,0.125
19,0.25
20,0.15625
21,0.0625
22,0.25
23,0.15625
24,0.46875
25,0.34375
26,0.375
27,0.53125
28,0.5625
29,0.5625
30,0.625
31,0.59375
32,0.4375
33,0.71875
34,0.65625
35,0.5625
36,0.3125
37,0.125
38,0.03125
39,0.09375
40,0.25
41,0.34375
42,0.34375
43,0.21875
44,0.1875
45,0.28125
46,0.28125
47,0.0625
48,0.09375
49,0.21875
50,0.09375
51,0.1875
52,0.0
53,0.0625
54,0.03125
55,0.09375
56,0.0
57,0.125
58,0.3125
59,0.125
60,0.15625
61,0.0625
62,0.09375
63,0.15625
64,0.1875
65,0.125
66,0.1875
67,0.0
68,0.03125
69,0.03125
70,0.15625
71,0.40625
72,0.5
73,0.8125
74,0.875
75,0.75
76,0.78125
77,0.71875
78,0.5625
79,0.6875
80,0.75
81,0.71875
82,0.6875
83,0.625
84,0.71875
85,0.65625
86,0.75
87,0.59375
88,0.65625
89,0.75
90,0.75
91,0.625
92,0.53125
93,0.53125
94,0.71875
95,0.71875
96,0.8125
97,0.75
98,0.4375
99,0.28125
100,0.375
101,0.03125
102,0.21875
103,0.0625
104,0.15625
105,0.03125
106,0.0625
107,0.03125
108,0.0625
109,0.125
110,0.03125
111,0.1875
112,0.09375
113,0.0625
114,0.03125
115,0.0625
116,0.21875
117,0.25
118,0.1875
119,0.3125
120,0.125
121,0.15625
122,0.25
123,0.3125
124,0.03125
125,0.0
126,0.0625
127,0.28125
128,0.375
129,0.09375
130,0.09375
131,0.03125
132,0.03125
133,0.15625
134,0.1875
135,0.21875
136,0.25
137,0.4375
138,0.375
139,0.3125
140,0.375
141,0.40625
142,0.625
143,0.6875
144,0.75
145,0.59375
146,0.5625
147,0.5
148,0.03125
149,0.5
150,0.6875
151,0.71875
152,0.53125
153,0.46875
154,0.6875
155,0.5
156,0.5
157,0.5
158,0.75
159,0.8125
160,0.6875
161,0.6875
162,0.59375
163,0.625
164,0.8125
165,0.8125
166,0.84375
167,0.9375
168,0.90625
169,0.90625
170,0.78125
171,0.6875
172,0.78125
173,0.9375
174,0.84375
175,0.8125
176,0.71875
177,0.90625
178,0.90625
179,0.96875
180,0.9375
181,0.78125
182,0.875
183,0.875
184,0.8125
185,0.65625
186,0.75
187,0.78125
188,0.78125
189,0.8125
190,0.8125
191,0.75
192,0.65625
193,0.75
194,0.625
195,0.625
196,0.5
197,0.4375
198,0.46875
199,0.71875
200,0.53125
201,0.4375
202,0.28125
203,0.03125
204,0.3125
205,0.46875
206,0.46875
207,0.625
208,0.5625
209,0.6875
210,0.71875
211,0.65625
212,0.71875
213,0.6875
214,0.625
215,0.625
216,0.625
217,0.71875
218,0.625
219,0.59375
220,0.59375
221,0.65625
222,0.875
223,0.71875
224,0.875
225,0.84375
226,0.78125
227,0.78125
228,0.71875
229,0.40625
230,0.375
231,0.09375
232,0.125
233,0.0
234,0.375
235,0.5625
236,0.5
237,0.34375
238,0.34375
239,0.34375
240,0.46875
241,0.59375
242,0.875
243,0.96875
244,0.96875
245,0.9375
246,0.78125
247,0.90625
248,0.78125
249,0.96875
250,0.96875
251,0.9375
252,0.90625
253,0.84375
254,0.78125
255,0.8125
256,0.8125
257,0.8125
258,0.84375
259,0.75
260,0.6875
261,0.84375
262,0.90625
263,0.9375
264,0.8125
265,0.9375
266,0.9375
267,1.0
268,0.90625
269,0.90625
270,0.5625
271,0.65625
272,0.59375
273,0.625
274,0.34375
275,0.375
276,0.625
277,0.8125
278,0.625
279,0.75
280,0.8125
281,0.65625
282,0.5625
283,0.46875
284,0.59375
285,0.71875
286,0.71875
287,0.65625
288,0.65625
289,0.53125
290,0.375
291,0.4375
292,0.4375
293,0.5625
294,0.65625
295,0.65625
296,0.625
297,0.46875
298,0.5625
299,0.59375
300,0.59375
301,0.78125
302,0.75
303,0.65625
304,0.53125
305,0.5625
306,0.71875
307,0.625
308,0.5625
309,0.34375
310,0.46875
311,0.5
312,0.3125
313,0.21875
314,0.09375
315,0.375
316,0.15625
317,0.0625
318,0.46875
319,0.1875
320,0.71875
321,0.71875
322,0.625
323,0.53125
324,0.65625
325,0.6875
326,0.6875
327,0.625
328,0.625
329,0.46875
330,0.5
331,0.53125
332,0.65625
333,0.75
334,0.84375
335,0.71875
336,0.84375
337,0.59375
338,0.6875
339,0.53125
340,0.625
341,0.5625
342,0.625
343,0.46875
344,0.53125
345,0.3125
346,0.34375
347,0.28125
348,0.5625
349,0.59375
350,0.75
351,0.53125
352,0.59375
353,0.625
354,0.34375
355,0.25
356,0.28125
357,0.46875
358,0.59375
359,0.65625
360,0.65625
361,0.625
362,0.40625
363,0.21875
364,0.375
365,0.46875
366,0.4375
367,0.375
368,0.1875
369,0.1875
370,0.4375
371,0.40625
372,0.1875
373,0.3125
374,0.34375
375,0.53125
376,0.8125
377,0.6875
378,0.53125
379,0.65625
380,0.6875
381,0.6875
382,0.59375
383,0.46875
384,0.3125
385,0.4375
386,0.40625
387,0.40625
388,0.46875
389,0.21875
390,0.375
391,0.4375
392,0.5625
393,0.4375
394,0.53125
395,0.4375
396,0.40625
397,0.28125
398,0.375
399,0.125
400,0.03125
401,0.09375
402,0.1875
403,0.28125
404,0.1875
405,0.34375
406,0.125
407,0.21875
408,0.15625
409,0.125
410,0.03125
411,0.0625
412,0.0
413,0.03125
414,0.125
415,0.09375
416,0.0625
417,0.25
418,0.21875
419,0.28125
420,0.1875
421,0.15625
422,0.0625
423,0.09375
424,0.125
425,0.0625
426,0.0625
427,0.1875
428,0.03125
429,0.375
430,0.59375
431,0.71875
432,0.71875
433,0.59375
434,0.53125
435,0.375
436,0.46875
437,0.375
438,0.40625
439,0.40625
440,0.15625
441,0.21875
442,0.03125
443,0.09375
444,0.125
445,0.34375
446,0.375
447,0.375
448,0.25
449,0.34375
450,0.125
451,0.1875
452,0.375
453,0.15625
454,0.1875
455,0.03125
456,0.09375
457,0.0625
458,0.1875
459,0.25
460,0.0625
461,0.0625
462,0.09375
463,0.0625
464,0.03125
465,0.03125
466,0.125
467,0.125
468,0.5
469,0.5625
470,0.6875
471,0.5625
472,0.53125
473,0.21875
474,0.1875
475,0.1875
476,0.28125
477,0.3125
478,0.46875
479,0.625
480,0.5625
481,0.4375
482,0.4375
483,0.53125
484,0.84375
485,0.9375
486,0.90625
487,0.625
488,0.6875
489,0.46875
490,0.5
491,0.5625
492,0.53125
493,0.34375
494,0.125
495,0.03125
496,0.1875
497,0.3125
498,0.34375
499,0.65625
500,0.71875
501,0.4375
502,0.25
503,0.0625
504,0.125
505,0.03125
506,0.125
507,0.25
508,0.0625
509,0.0
510,0.21875
511,0.09375
512,0.15625
513,0.15625
514,0.15625
515,0.375
516,0.53125
517,0.65625
518,0.84375
519,0.71875
520,0.21875
521,0.0
522,0.1875
523,0.4375
524,0.34375
525,0.125
526,0.3125
527,0.34375
528,0.28125
529,0.25
530,0.59375
531,0.78125
532,0.78125
533,0.78125
534,0.8125
535,0.8125
536,0.90625
537,0.46875
538,0.375
539,0.59375
540,0.65625
541,0.5
542,0.5
543,0.46875
544,0.53125
545,0.6875
546,0.84375
547,0.6875
548,0.625
549,0.84375
550,0.875
551,0.65625
552,0.6875
553,0.8125
554,0.65625
555,0.53125
556,0.53125
557,0.59375
558,0.71875
559,0.75
560,0.75
561,0.9375
562,0.8125
563,0.9375
564,0.96875
565,1.0
566,0.90625
567,0.75
568,0.65625
569,0.53125
570,0.5
571,0.625
572,0.375
573,0.21875
574,0.125
575,0.0
576,0.21875
577,0.125
578,0.03125
579,0.03125
580,0.21875
581,0.40625
582,0.4375
583,0.46875
584,0.28125
585,0.4375
586,0.53125
587,0.125
588,0.28125
589,0.3125
590,0.09375
591,0.15625
592,0.125
593,0.0
594,0.0625
595,0.15625
596,0.40625
597,0.5
598,0.5
599,0.65625
600,0.59375
601,0.65625
602,0.4375
603,0.46875
604,0.6875
605,0.6875
606,0.6875
607,0.59375
608,0.5625
609,0.5625
610,0.75
611,0.90625
612,0.84375
613,0.9375
614,0.8125
615,0.71875
616,0.5
617,0.40625
618,0.53125
619,0.65625
620,0.65625
621,0.46875
622,0.28125
623,0.40625
624,0.25
625,0.125
626,0.28125
627,0.28125
628,0.46875
629,0.53125
630,0.5
631,0.28125
632,0.34375
633,0.4375
634,0.625
635,0.75
636,0.75
637,0.90625
638,0.78125
639,0.8125
640,0.84375
641,0.9375
642,0.75
643,0.71875
644,0.6875
645,0.59375
646,0.75
647,0.78125
648,0.78125
649,0.65625
650,0.5625
651,0.59375
652,0.5
653,0.59375
654,0.3125
655,0.25
656,0.25
657,0.0625
658,0.0
659,0.125
660,0.25
661,0.28125
662,0.25
663,0.21875
664,0.0
665,0.0
666,0.21875
667,0.40625
668,0.5
669,0.4375
670,0.59375
671,0.5625
672,0.40625
673,0.34375
674,0.53125
675,0.21875
676,0.34375
677,0.5
678,0.375
679,0.15625
680,0.0625
681,0.09375
682,0.03125
683,0.0625
684,0.0625
685,0.1875
686,0.3125
687,0.46875
688,0.4375
689,0.625
690,0.53125
691,0.4375
692,0.34375
693,0.40625
694,0.375
695,0.3125
696,0.46875
697,0.53125
698,0.5
699,0.5625
700,0.4375
701,0.4375
702,0.5
703,0.15625
704,0.25
705,0.28125
706,0.46875
707,0.65625
708,0.71875
709,0.6875
710,0.625
711,0.78125
712,0.8125
713,0.84375
714,0.8125
715,0.8125
716,0.875
717,0.78125
718,0.6875
719,0.625
720,0.6875
721,0.84375
722,0.78125
723,0.90625
724,1.0
725,0.90625
726,0.9375
727,0.9375
728,0.90625
729,0.90625
730,0.9375
731,0.75
732,0.3125
733,0.25
734,0.46875
735,0.53125
736,0.4375
737,0.5625
738,0.5625
739,0.21875
740,0.09375
741,0.25
742,0.21875
743,0.09375
744,0.125
745,0.0
746,0.25
747,0.34375
748,0.25
749,0.125
750,0.125
751,0.15625
752,0.03125
753,0.0625
754,0.21875
755,0.125
756,0.03125
757,0.40625
758,0.59375
759,0.6875
760,0.65625
761,0.8125
762,0.8125
763,0.59375
764,0.75
765,0.6875
766,0.84375
767,0.8125
768,0.75
769,0.75
770,0.84375
771,0.875
772,0.90625
773,0.875
774,0.8125
775,0.625
776,0.625
777,0.625
778,0.59375
779,0.625
780,0.59375
781,0.59375
782,0.625
783,0.59375
784,0.6875
785,0.75
786,0.65625
787,0.65625
788,0.53125
789,0.53125
790,0.4375
791,0.28125
792,0.40625
793,0.40625
794,0.15625
795,0.03125
796,0.03125
797,0.03125
798,0.0
799,0.1875
800,0.1875
801,0.25
802,0.3125
803,0.4375
804,0.40625
805,0.59375
806,0.8125
807,0.75
808,0.71875
809,0.6875
810,0.75
811,0.8125
812,0.84375
813,0.6875
814,0.78125
815,0.90625
816,0.84375
817,0.8125
818,0.625
819,0.40625
820,0.71875
821,0.84375
822,0.84375
823,0.75
824,0.8125
825,0.8125
826,0.8125
827,0.65625
828,0.6875
829,0.78125
830,0.84375
831,0.6875
832,0.5625
833,0.875
834,0.90625
835,0.78125
836,0.84375
837,0.84375
838,0.875
839,0.875
840,0.8125
841,0.65625
842,0.8125
843,0.8125
844,0.84375
845,0.9375
846,0.875
847,0.84375
848,0.875
849,0.9375
850,0.90625
851,0.90625
852,0.875
853,0.78125
854,0.875
855,0.875
856,0.59375
857,0.40625
858,0.25
859,0.53125
860,0.53125
861,0.53125
862,0.375
863,0.5625
864,0.6875
865,0.84375
866,0.78125
867,0.6875
868,0.75
869,0.65625
870,0.40625
871,0.40625
872,0.4375
873,0.40625
874,0.59375
875,0.90625
876,0.90625
877,0.6875
878,0.84375
879,0.59375
880,0.4375
881,0.34375
882,0.34375
883,0.5
884,0.71875
885,0.65625
886,0.71875
887,0.875
888,0.8125
889,0.71875
890,0.65625
891,0.8125
892,0.71875
893,0.59375
894,0.3125
895,0.40625
896,0.25
897,0.375
898,0.34375
899,0.4375
900,0.4375
901,0.375
902,0.4375
903,0.5625
904,0.59375
905,0.625
906,0.53125
907,0.78125
908,0.8125
909,0.78125
910,0.8125
911,0.875
912,0.875
913,0.9375
914,0.9375
915,0.8125
916,0.65625
917,0.71875
918,0.71875
919,0.75
920,0.8125
921,0.75
922,0.625
923,0.5
924,0.5625
925,0.625
926,0.65625
927,0.71875
928,0.5
929,0.53125
930,0.4375
931,0.4375
932,0.34375
933,0.46875
934,0.40625
935,0.3125
936,0.0
937,0.09375
938,0.3125
939,0.375
940,0.46875
941,0.65625
942,0.53125
943,0.25
944,0.09375
945,0.1875
946,0.3125
947,0.5
948,0.46875
949,0.375
950,0.59375
951,0.1875
952,0.1875
953,0.34375
954,0.625
955,0.625
956,0.625
957,0.71875
958,0.71875
959,0.71875
960,0.625
961,0.46875
962,0.59375
963,0.8125
964,0.875
965,0.875
966,0.84375
967,0.75
968,0.6875
969,0.875
970,0.75
971,0.8125
972,0.65625
973,0.625
974,0.40625
975,0.4375
976,0.65625
977,0.53125
978,0.375
979,0.53125
980,0.6875
981,0.625
982,0.78125
983,0.75
984,0.78125
985,0.5625
986,0.59375
987,0.40625
988,0.15625
989,0.03125
990,0.25
991,0.4375
992,0.40625
993,0.21875
994,0.28125
995,0.28125
996,0.3125
997,0.21875
998,0.4375
999,0.46875
