,Absolute Magnetisations Per Spin
0,0.5625
1,0.40625
2,0.625
3,0.78125
4,0.75
5,0.6875
6,0.4375
7,0.3125
8,0.34375
9,0.25
10,0.4375
11,0.5625
12,0.625
13,0.46875
14,0.34375
15,0.59375
16,0.3125
17,0.34375
18,0.28125
19,0.375
20,0.28125
21,0.1875
22,0.03125
23,0.125
24,0.125
25,0.34375
26,0.3125
27,0.375
28,0.34375
29,0.53125
30,0.375
31,0.3125
32,0.4375
33,0.28125
34,0.0625
35,0.25
36,0.28125
37,0.03125
38,0.1875
39,0.21875
40,0.5625
41,0.4375
42,0.46875
43,0.34375
44,0.25
45,0.25
46,0.3125
47,0.46875
48,0.40625
49,0.375
50,0.125
51,0.34375
52,0.125
53,0.25
54,0.09375
55,0.21875
56,0.21875
57,0.15625
58,0.125
59,0.3125
60,0.125
61,0.09375
62,0.15625
63,0.125
64,0.46875
65,0.15625
66,0.0625
67,0.21875
68,0.1875
69,0.125
70,0.0625
71,0.28125
72,0.21875
73,0.15625
74,0.1875
75,0.28125
76,0.0
77,0.3125
78,0.40625
79,0.34375
80,0.65625
81,0.53125
82,0.5
83,0.25
84,0.09375
85,0.15625
86,0.1875
87,0.21875
88,0.25
89,0.15625
90,0.1875
91,0.28125
92,0.1875
93,0.09375
94,0.125
95,0.09375
96,0.03125
97,0.1875
98,0.40625
99,0.25
100,0.375
101,0.53125
102,0.3125
103,0.125
104,0.03125
105,0.1875
106,0.03125
107,0.34375
108,0.59375
109,0.4375
110,0.28125
111,0.34375
112,0.375
113,0.1875
114,0.15625
115,0.15625
116,0.4375
117,0.5
118,0.625
119,0.6875
120,0.53125
121,0.125
122,0.34375
123,0.34375
124,0.5
125,0.40625
126,0.21875
127,0.09375
128,0.1875
129,0.15625
130,0.1875
131,0.34375
132,0.4375
133,0.28125
134,0.15625
135,0.15625
136,0.28125
137,0.3125
138,0.5
139,0.3125
140,0.375
141,0.34375
142,0.1875
143,0.25
144,0.25
145,0.0
146,0.15625
147,0.46875
148,0.40625
149,0.34375
150,0.53125
151,0.28125
152,0.09375
153,0.21875
154,0.4375
155,0.21875
156,0.09375
157,0.0625
158,0.28125
159,0.46875
160,0.5
161,0.53125
162,0.5625
163,0.71875
164,0.53125
165,0.53125
166,0.625
167,0.65625
168,0.4375
169,0.375
170,0.25
171,0.0625
172,0.1875
173,0.0625
174,0.1875
175,0.15625
176,0.0
177,0.09375
178,0.40625
179,0.375
180,0.28125
181,0.5
182,0.34375
183,0.34375
184,0.46875
185,0.4375
186,0.375
187,0.1875
188,0.0625
189,0.1875
190,0.34375
191,0.15625
192,0.0625
193,0.15625
194,0.4375
195,0.4375
196,0.40625
197,0.0
198,0.25
199,0.375
200,0.40625
201,0.25
202,0.09375
203,0.0625
204,0.03125
205,0.0625
206,0.375
207,0.1875
208,0.125
209,0.125
210,0.0
211,0.1875
212,0.125
213,0.0625
214,0.15625
215,0.1875
216,0.3125
217,0.4375
218,0.4375
219,0.375
220,0.09375
221,0.34375
222,0.375
223,0.28125
224,0.5
225,0.6875
226,0.5625
227,0.65625
228,0.65625
229,0.625
230,0.46875
231,0.65625
232,0.625
233,0.875
234,0.6875
235,0.59375
236,0.1875
237,0.09375
238,0.25
239,0.40625
240,0.15625
241,0.34375
242,0.21875
243,0.0
244,0.09375
245,0.03125
246,0.28125
247,0.34375
248,0.625
249,0.625
250,0.59375
251,0.375
252,0.5
253,0.59375
254,0.28125
255,0.1875
256,0.28125
257,0.59375
258,0.5625
259,0.4375
260,0.53125
261,0.65625
262,0.59375
263,0.71875
264,0.84375
265,0.8125
266,0.5625
267,0.5625
268,0.46875
269,0.15625
270,0.25
271,0.09375
272,0.125
273,0.28125
274,0.375
275,0.5
276,0.65625
277,0.53125
278,0.4375
279,0.25
280,0.4375
281,0.4375
282,0.59375
283,0.625
284,0.4375
285,0.46875
286,0.4375
287,0.34375
288,0.28125
289,0.46875
290,0.03125
291,0.25
292,0.0
293,0.15625
294,0.1875
295,0.0625
296,0.0625
297,0.03125
298,0.21875
299,0.0625
300,0.28125
301,0.4375
302,0.53125
303,0.5625
304,0.53125
305,0.46875
306,0.46875
307,0.15625
308,0.1875
309,0.0625
310,0.25
311,0.59375
312,0.625
313,0.6875
314,0.46875
315,0.3125
316,0.28125
317,0.3125
318,0.21875
319,0.3125
320,0.25
321,0.1875
322,0.21875
323,0.09375
324,0.3125
325,0.25
326,0.34375
327,0.28125
328,0.3125
329,0.15625
330,0.0625
331,0.1875
332,0.1875
333,0.0625
334,0.125
335,0.25
336,0.28125
337,0.21875
338,0.125
339,0.0625
340,0.34375
341,0.375
342,0.21875
343,0.09375
344,0.125
345,0.15625
346,0.3125
347,0.125
348,0.25
349,0.21875
350,0.28125
351,0.1875
352,0.28125
353,0.46875
354,0.625
355,0.40625
356,0.40625
357,0.25
358,0.40625
359,0.34375
360,0.4375
361,0.46875
362,0.5625
363,0.65625
364,0.5625
365,0.5625
366,0.8125
367,0.59375
368,0.1875
369,0.15625
370,0.09375
371,0.15625
372,0.03125
373,0.03125
374,0.0
375,0.1875
376,0.0
377,0.03125
378,0.0
379,0.21875
380,0.3125
381,0.25
382,0.125
383,0.03125
384,0.03125
385,0.03125
386,0.1875
387,0.0
388,0.15625
389,0.3125
390,0.46875
391,0.40625
392,0.40625
393,0.3125
394,0.34375
395,0.3125
396,0.03125
397,0.09375
398,0.125
399,0.09375
400,0.0625
401,0.125
402,0.15625
403,0.09375
404,0.09375
405,0.15625
406,0.34375
407,0.375
408,0.53125
409,0.6875
410,0.90625
411,0.875
412,0.71875
413,0.71875
414,0.78125
415,0.84375
416,0.9375
417,0.8125
418,0.59375
419,0.5
420,0.40625
421,0.3125
422,0.125
423,0.03125
424,0.125
425,0.15625
426,0.09375
427,0.375
428,0.21875
429,0.21875
430,0.40625
431,0.21875
432,0.15625
433,0.1875
434,0.1875
435,0.28125
436,0.15625
437,0.15625
438,0.5625
439,0.46875
440,0.53125
441,0.625
442,0.625
443,0.53125
444,0.34375
445,0.34375
446,0.125
447,0.1875
448,0.3125
449,0.3125
450,0.28125
451,0.375
452,0.375
453,0.1875
454,0.15625
455,0.15625
456,0.1875
457,0.3125
458,0.46875
459,0.3125
460,0.1875
461,0.3125
462,0.28125
463,0.125
464,0.0
465,0.21875
466,0.3125
467,0.1875
468,0.15625
469,0.0625
470,0.09375
471,0.125
472,0.1875
473,0.28125
474,0.25
475,0.40625
476,0.1875
477,0.0625
478,0.0
479,0.21875
480,0.3125
481,0.21875
482,0.40625
483,0.4375
484,0.65625
485,0.6875
486,0.5
487,0.25
488,0.46875
489,0.3125
490,0.5
491,0.15625
492,0.0
493,0.34375
494,0.1875
495,0.28125
496,0.03125
497,0.0625
498,0.0625
499,0.125
500,0.125
501,0.28125
502,0.375
503,0.28125
504,0.28125
505,0.25
506,0.65625
507,0.40625
508,0.34375
509,0.15625
510,0.03125
511,0.0625
512,0.0625
513,0.125
514,0.125
515,0.09375
516,0.0625
517,0.09375
518,0.34375
519,0.71875
520,0.5625
521,0.65625
522,0.46875
523,0.3125
524,0.5
525,0.4375
526,0.03125
527,0.3125
528,0.34375
529,0.46875
530,0.75
531,0.65625
532,0.75
533,0.59375
534,0.46875
535,0.625
536,0.40625
537,0.3125
538,0.09375
539,0.1875
540,0.0625
541,0.15625
542,0.0
543,0.09375
544,0.0625
545,0.125
546,0.4375
547,0.34375
548,0.25
549,0.4375
550,0.6875
551,0.59375
552,0.4375
553,0.0625
554,0.15625
555,0.375
556,0.5625
557,0.8125
558,0.78125
559,0.65625
560,0.5625
561,0.625
562,0.25
563,0.28125
564,0.40625
565,0.5
566,0.375
567,0.15625
568,0.25
569,0.25
570,0.25
571,0.1875
572,0.15625
573,0.03125
574,0.125
575,0.03125
576,0.1875
577,0.03125
578,0.21875
579,0.09375
580,0.125
581,0.03125
582,0.0625
583,0.03125
584,0.15625
585,0.0
586,0.0625
587,0.1875
588,0.34375
589,0.28125
590,0.34375
591,0.46875
592,0.4375
593,0.375
594,0.46875
595,0.5
596,0.3125
597,0.53125
598,0.4375
599,0.5
600,0.21875
601,0.03125
602,0.09375
603,0.03125
604,0.0
605,0.03125
606,0.09375
607,0.25
608,0.21875
609,0.0625
610,0.3125
611,0.21875
612,0.03125
613,0.0
614,0.28125
615,0.03125
616,0.09375
617,0.125
618,0.09375
619,0.25
620,0.25
621,0.09375
622,0.125
623,0.0625
624,0.15625
625,0.09375
626,0.28125
627,0.40625
628,0.375
629,0.3125
630,0.09375
631,0.09375
632,0.34375
633,0.09375
634,0.09375
635,0.5
636,0.5
637,0.15625
638,0.15625
639,0.1875
640,0.15625
641,0.125
642,0.28125
643,0.34375
644,0.15625
645,0.25
646,0.0625
647,0.34375
648,0.125
649,0.375
650,0.6875
651,0.625
652,0.5
653,0.4375
654,0.40625
655,0.40625
656,0.65625
657,0.40625
658,0.3125
659,0.21875
660,0.34375
661,0.40625
662,0.625
663,0.28125
664,0.15625
665,0.1875
666,0.1875
667,0.28125
668,0.5
669,0.25
670,0.5625
671,0.4375
672,0.53125
673,0.46875
674,0.3125
675,0.1875
676,0.15625
677,0.0
678,0.0625
679,0.09375
680,0.03125
681,0.15625
682,0.3125
683,0.46875
684,0.1875
685,0.125
686,0.21875
687,0.0625
688,0.0625
689,0.1875
690,0.34375
691,0.0
692,0.125
693,0.09375
694,0.09375
695,0.03125
696,0.09375
697,0.125
698,0.0625
699,0.1875
700,0.28125
701,0.15625
702,0.09375
703,0.0
704,0.0
705,0.1875
706,0.34375
707,0.53125
708,0.34375
709,0.1875
710,0.03125
711,0.125
712,0.28125
713,0.09375
714,0.0
715,0.28125
716,0.125
717,0.125
718,0.03125
719,0.1875
720,0.3125
721,0.28125
722,0.40625
723,0.21875
724,0.28125
725,0.3125
726,0.40625
727,0.3125
728,0.59375
729,0.4375
730,0.34375
731,0.15625
732,0.15625
733,0.0625
734,0.0
735,0.1875
736,0.0
737,0.28125
738,0.46875
739,0.5
740,0.34375
741,0.28125
742,0.15625
743,0.125
744,0.0
745,0.0625
746,0.125
747,0.28125
748,0.375
749,0.4375
750,0.21875
751,0.125
752,0.21875
753,0.21875
754,0.28125
755,0.125
756,0.0625
757,0.21875
758,0.03125
759,0.3125
760,0.1875
761,0.125
762,0.25
763,0.3125
764,0.21875
765,0.125
766,0.0625
767,0.15625
768,0.34375
769,0.53125
770,0.53125
771,0.3125
772,0.125
773,0.0
774,0.0625
775,0.25
776,0.09375
777,0.28125
778,0.15625
779,0.28125
780,0.09375
781,0.28125
782,0.09375
783,0.15625
784,0.1875
785,0.0625
786,0.03125
787,0.09375
788,0.21875
789,0.25
790,0.09375
791,0.15625
792,0.03125
793,0.0
794,0.1875
795,0.4375
796,0.125
797,0.0625
798,0.1875
799,0.03125
800,0.1875
801,0.34375
802,0.0625
803,0.03125
804,0.15625
805,0.125
806,0.09375
807,0.21875
808,0.125
809,0.09375
810,0.09375
811,0.0625
812,0.15625
813,0.0625
814,0.1875
815,0.03125
816,0.09375
817,0.03125
818,0.15625
819,0.3125
820,0.25
821,0.03125
822,0.1875
823,0.21875
824,0.03125
825,0.28125
826,0.3125
827,0.15625
828,0.03125
829,0.125
830,0.03125
831,0.1875
832,0.25
833,0.03125
834,0.125
835,0.34375
836,0.5625
837,0.5
838,0.40625
839,0.21875
840,0.5625
841,0.46875
842,0.40625
843,0.25
844,0.625
845,0.5625
846,0.3125
847,0.46875
848,0.40625
849,0.3125
850,0.53125
851,0.5
852,0.6875
853,0.65625
854,0.4375
855,0.5
856,0.5625
857,0.65625
858,0.6875
859,0.78125
860,0.75
861,0.75
862,0.8125
863,0.875
864,0.8125
865,0.78125
866,0.4375
867,0.3125
868,0.28125
869,0.25
870,0.15625
871,0.34375
872,0.125
873,0.0
874,0.40625
875,0.34375
876,0.125
877,0.125
878,0.1875
879,0.34375
880,0.4375
881,0.15625
882,0.09375
883,0.125
884,0.0
885,0.0625
886,0.1875
887,0.1875
888,0.0
889,0.0
890,0.03125
891,0.15625
892,0.09375
893,0.3125
894,0.375
895,0.375
896,0.25
897,0.3125
898,0.15625
899,0.03125
900,0.03125
901,0.3125
902,0.375
903,0.25
904,0.0625
905,0.0625
906,0.25
907,0.25
908,0.25
909,0.1875
910,0.0
911,0.125
912,0.3125
913,0.21875
914,0.21875
915,0.25
916,0.34375
917,0.25
918,0.34375
919,0.28125
920,0.09375
921,0.09375
922,0.03125
923,0.15625
924,0.03125
925,0.03125
926,0.21875
927,0.25
928,0.375
929,0.25
930,0.1875
931,0.125
932,0.21875
933,0.15625
934,0.4375
935,0.71875
936,0.625
937,0.5
938,0.4375
939,0.46875
940,0.625
941,0.71875
942,0.625
943,0.3125
944,0.3125
945,0.59375
946,0.71875
947,0.875
948,0.65625
949,0.375
950,0.375
951,0.4375
952,0.59375
953,0.46875
954,0.625
955,0.65625
956,0.4375
957,0.25
958,0.4375
959,0.65625
960,0.65625
961,0.53125
962,0.46875
963,0.46875
964,0.375
965,0.25
966,0.09375
967,0.3125
968,0.125
969,0.40625
970,0.5
971,0.65625
972,0.59375
973,0.53125
974,0.4375
975,0.25
976,0.09375
977,0.28125
978,0.375
979,0.4375
980,0.5
981,0.71875
982,0.625
983,0.46875
984,0.71875
985,0.625
986,0.375
987,0.34375
988,0.59375
989,0.5
990,0.46875
991,0.75
992,0.59375
993,0.59375
994,0.4375
995,0.6875
996,0.5
997,0.65625
998,0.53125
999,0.53125
