,Absolute Magnetisations Per Spin
0,0.0
1,0.0
2,0.03125
3,0.09375
4,0.15625
5,0.125
6,0.28125
7,0.0
8,0.375
9,0.3125
10,0.28125
11,0.0625
12,0.34375
13,0.1875
14,0.125
15,0.3125
16,0.1875
17,0.25
18,0.40625
19,0.1875
20,0.25
21,0.28125
22,0.25
23,0.21875
24,0.28125
25,0.0
26,0.03125
27,0.15625
28,0.28125
29,0.46875
30,0.21875
31,0.0625
32,0.125
33,0.28125
34,0.1875
35,0.1875
36,0.1875
37,0.09375
38,0.0625
39,0.1875
40,0.125
41,0.09375
42,0.03125
43,0.15625
44,0.0625
45,0.15625
46,0.09375
47,0.03125
48,0.15625
49,0.09375
50,0.1875
51,0.28125
52,0.34375
53,0.25
54,0.4375
55,0.28125
56,0.375
57,0.1875
58,0.0625
59,0.03125
60,0.09375
61,0.125
62,0.0625
63,0.15625
64,0.1875
65,0.46875
66,0.34375
67,0.28125
68,0.34375
69,0.0
70,0.28125
71,0.3125
72,0.0625
73,0.0
74,0.0625
75,0.3125
76,0.3125
77,0.375
78,0.21875
79,0.40625
80,0.75
81,0.71875
82,0.875
83,0.84375
84,0.6875
85,0.5
86,0.25
87,0.1875
88,0.09375
89,0.0
90,0.25
91,0.15625
92,0.21875
93,0.15625
94,0.03125
95,0.09375
96,0.09375
97,0.28125
98,0.09375
99,0.15625
100,0.15625
101,0.21875
102,0.21875
103,0.3125
104,0.0625
105,0.15625
106,0.28125
107,0.1875
108,0.03125
109,0.1875
110,0.03125
111,0.125
112,0.125
113,0.25
114,0.28125
115,0.46875
116,0.65625
117,0.59375
118,0.21875
119,0.25
120,0.375
121,0.4375
122,0.46875
123,0.34375
124,0.34375
125,0.09375
126,0.15625
127,0.03125
128,0.0625
129,0.34375
130,0.53125
131,0.5
132,0.28125
133,0.0
134,0.03125
135,0.09375
136,0.3125
137,0.34375
138,0.34375
139,0.1875
140,0.03125
141,0.0625
142,0.0
143,0.1875
144,0.375
145,0.46875
146,0.375
147,0.4375
148,0.40625
149,0.0
150,0.28125
151,0.125
152,0.15625
153,0.25
154,0.1875
155,0.09375
156,0.03125
157,0.21875
158,0.125
159,0.3125
160,0.25
161,0.5625
162,0.5
163,0.625
164,0.5
165,0.65625
166,0.625
167,0.6875
168,0.71875
169,0.90625
170,0.78125
171,0.65625
172,0.59375
173,0.40625
174,0.40625
175,0.15625
176,0.28125
177,0.65625
178,0.59375
179,0.65625
180,0.84375
181,0.625
182,0.46875
183,0.53125
184,0.65625
185,0.59375
186,0.53125
187,0.53125
188,0.5
189,0.34375
190,0.4375
191,0.4375
192,0.25
193,0.46875
194,0.75
195,0.8125
196,0.6875
197,0.46875
198,0.375
199,0.4375
200,0.125
201,0.34375
202,0.09375
203,0.15625
204,0.0
205,0.21875
206,0.125
207,0.21875
208,0.375
209,0.40625
210,0.375
211,0.6875
212,0.625
213,0.46875
214,0.375
215,0.125
216,0.0625
217,0.1875
218,0.03125
219,0.03125
220,0.25
221,0.3125
222,0.125
223,0.0625
224,0.0625
225,0.03125
226,0.15625
227,0.4375
228,0.53125
229,0.1875
230,0.0
231,0.15625
232,0.09375
233,0.09375
234,0.1875
235,0.09375
236,0.03125
237,0.1875
238,0.46875
239,0.40625
240,0.53125
241,0.46875
242,0.4375
243,0.125
244,0.34375
245,0.53125
246,0.53125
247,0.4375
248,0.34375
249,0.21875
250,0.3125
251,0.28125
252,0.03125
253,0.03125
254,0.0625
255,0.0625
256,0.0
257,0.09375
258,0.0
259,0.0
260,0.125
261,0.25
262,0.375
263,0.46875
264,0.21875
265,0.25
266,0.34375
267,0.625
268,0.375
269,0.03125
270,0.53125
271,0.34375
272,0.25
273,0.09375
274,0.40625
275,0.65625
276,0.5625
277,0.8125
278,0.84375
279,0.65625
280,0.8125
281,0.6875
282,0.65625
283,0.65625
284,0.5625
285,0.5625
286,0.625
287,0.5625
288,0.3125
289,0.3125
290,0.03125
291,0.09375
292,0.03125
293,0.34375
294,0.21875
295,0.09375
296,0.125
297,0.375
298,0.34375
299,0.46875
300,0.375
301,0.15625
302,0.21875
303,0.3125
304,0.4375
305,0.21875
306,0.28125
307,0.21875
308,0.1875
309,0.28125
310,0.21875
311,0.1875
312,0.0625
313,0.15625
314,0.03125
315,0.09375
316,0.3125
317,0.375
318,0.125
319,0.21875
320,0.03125
321,0.1875
322,0.15625
323,0.28125
324,0.0
325,0.0625
326,0.375
327,0.4375
328,0.625
329,0.34375
330,0.46875
331,0.25
332,0.09375
333,0.15625
334,0.28125
335,0.25
336,0.125
337,0.21875
338,0.25
339,0.15625
340,0.0625
341,0.28125
342,0.03125
343,0.09375
344,0.03125
345,0.0
346,0.09375
347,0.1875
348,0.15625
349,0.1875
350,0.25
351,0.125
352,0.15625
353,0.0
354,0.28125
355,0.21875
356,0.21875
357,0.125
358,0.0
359,0.09375
360,0.03125
361,0.21875
362,0.0625
363,0.21875
364,0.0
365,0.0625
366,0.28125
367,0.125
368,0.1875
369,0.1875
370,0.03125
371,0.03125
372,0.1875
373,0.15625
374,0.125
375,0.0625
376,0.3125
377,0.125
378,0.21875
379,0.5
380,0.5
381,0.375
382,0.5
383,0.53125
384,0.46875
385,0.375
386,0.3125
387,0.4375
388,0.5
389,0.28125
390,0.3125
391,0.3125
392,0.15625
393,0.28125
394,0.4375
395,0.4375
396,0.625
397,0.8125
398,0.625
399,0.65625
400,0.4375
401,0.40625
402,0.3125
403,0.375
404,0.34375
405,0.4375
406,0.46875
407,0.65625
408,0.71875
409,0.65625
410,0.59375
411,0.46875
412,0.4375
413,0.15625
414,0.15625
415,0.375
416,0.125
417,0.03125
418,0.21875
419,0.03125
420,0.15625
421,0.0
422,0.09375
423,0.09375
424,0.53125
425,0.5625
426,0.3125
427,0.46875
428,0.625
429,0.71875
430,0.21875
431,0.0625
432,0.0625
433,0.03125
434,0.3125
435,0.125
436,0.15625
437,0.125
438,0.15625
439,0.0625
440,0.03125
441,0.0625
442,0.1875
443,0.15625
444,0.125
445,0.03125
446,0.1875
447,0.1875
448,0.125
449,0.09375
450,0.0625
451,0.1875
452,0.125
453,0.0
454,0.4375
455,0.375
456,0.34375
457,0.53125
458,0.40625
459,0.40625
460,0.375
461,0.34375
462,0.4375
463,0.34375
464,0.53125
465,0.53125
466,0.53125
467,0.25
468,0.3125
469,0.21875
470,0.15625
471,0.15625
472,0.15625
473,0.21875
474,0.1875
475,0.3125
476,0.34375
477,0.21875
478,0.59375
479,0.21875
480,0.25
481,0.34375
482,0.375
483,0.375
484,0.46875
485,0.375
486,0.53125
487,0.625
488,0.53125
489,0.5
490,0.59375
491,0.4375
492,0.5625
493,0.5625
494,0.375
495,0.0
496,0.15625
497,0.15625
498,0.25
499,0.21875
500,0.3125
501,0.34375
502,0.375
503,0.53125
504,0.5
505,0.5
506,0.6875
507,0.65625
508,0.625
509,0.625
510,0.6875
511,0.21875
512,0.21875
513,0.4375
514,0.53125
515,0.25
516,0.25
517,0.3125
518,0.375
519,0.0625
520,0.15625
521,0.46875
522,0.03125
523,0.46875
524,0.5625
525,0.78125
526,0.84375
527,0.8125
528,0.53125
529,0.125
530,0.09375
531,0.3125
532,0.40625
533,0.28125
534,0.15625
535,0.09375
536,0.09375
537,0.1875
538,0.21875
539,0.125
540,0.1875
541,0.28125
542,0.25
543,0.25
544,0.0625
545,0.0
546,0.0625
547,0.21875
548,0.09375
549,0.09375
550,0.03125
551,0.09375
552,0.125
553,0.0625
554,0.40625
555,0.53125
556,0.46875
557,0.21875
558,0.4375
559,0.0625
560,0.09375
561,0.125
562,0.1875
563,0.375
564,0.5
565,0.625
566,0.5625
567,0.5
568,0.4375
569,0.6875
570,0.65625
571,0.53125
572,0.53125
573,0.53125
574,0.4375
575,0.1875
576,0.3125
577,0.40625
578,0.5
579,0.4375
580,0.25
581,0.34375
582,0.53125
583,0.625
584,0.625
585,0.5625
586,0.40625
587,0.5625
588,0.5625
589,0.40625
590,0.375
591,0.28125
592,0.1875
593,0.40625
594,0.5
595,0.40625
596,0.53125
597,0.4375
598,0.5
599,0.21875
600,0.15625
601,0.28125
602,0.125
603,0.15625
604,0.4375
605,0.46875
606,0.5625
607,0.59375
608,0.59375
609,0.59375
610,0.4375
611,0.34375
612,0.6875
613,0.84375
614,0.875
615,0.75
616,0.65625
617,0.53125
618,0.4375
619,0.5625
620,0.71875
621,0.6875
622,0.5
623,0.625
624,0.375
625,0.375
626,0.40625
627,0.46875
628,0.3125
629,0.25
630,0.0625
631,0.03125
632,0.1875
633,0.09375
634,0.375
635,0.34375
636,0.1875
637,0.3125
638,0.625
639,0.5
640,0.21875
641,0.34375
642,0.0625
643,0.25
644,0.0
645,0.34375
646,0.34375
647,0.21875
648,0.375
649,0.34375
650,0.53125
651,0.5
652,0.34375
653,0.1875
654,0.375
655,0.03125
656,0.0
657,0.09375
658,0.125
659,0.28125
660,0.0
661,0.125
662,0.0625
663,0.28125
664,0.53125
665,0.46875
666,0.21875
667,0.5625
668,0.53125
669,0.5625
670,0.53125
671,0.40625
672,0.03125
673,0.125
674,0.0
675,0.0625
676,0.125
677,0.15625
678,0.1875
679,0.0625
680,0.1875
681,0.25
682,0.1875
683,0.28125
684,0.15625
685,0.1875
686,0.40625
687,0.28125
688,0.125
689,0.3125
690,0.4375
691,0.4375
692,0.4375
693,0.5
694,0.5
695,0.03125
696,0.125
697,0.0625
698,0.03125
699,0.25
700,0.0625
701,0.09375
702,0.15625
703,0.09375
704,0.0
705,0.1875
706,0.25
707,0.03125
708,0.09375
709,0.125
710,0.21875
711,0.34375
712,0.3125
713,0.09375
714,0.0
715,0.0625
716,0.21875
717,0.09375
718,0.1875
719,0.25
720,0.25
721,0.34375
722,0.21875
723,0.3125
724,0.1875
725,0.09375
726,0.25
727,0.03125
728,0.0625
729,0.09375
730,0.03125
731,0.375
732,0.21875
733,0.28125
734,0.4375
735,0.5
736,0.46875
737,0.1875
738,0.03125
739,0.15625
740,0.15625
741,0.40625
742,0.25
743,0.4375
744,0.28125
745,0.25
746,0.59375
747,0.5625
748,0.53125
749,0.71875
750,0.78125
751,0.65625
752,0.25
753,0.03125
754,0.125
755,0.3125
756,0.3125
757,0.28125
758,0.3125
759,0.5625
760,0.4375
761,0.34375
762,0.0625
763,0.125
764,0.28125
765,0.03125
766,0.03125
767,0.1875
768,0.15625
769,0.15625
770,0.1875
771,0.3125
772,0.125
773,0.40625
774,0.1875
775,0.4375
776,0.53125
777,0.4375
778,0.40625
779,0.21875
780,0.21875
781,0.125
782,0.125
783,0.0625
784,0.0625
785,0.15625
786,0.0625
787,0.15625
788,0.0625
789,0.21875
790,0.1875
791,0.5625
792,0.46875
793,0.5
794,0.34375
795,0.3125
796,0.1875
797,0.0
798,0.21875
799,0.0625
800,0.03125
801,0.15625
802,0.3125
803,0.0625
804,0.21875
805,0.21875
806,0.09375
807,0.03125
808,0.09375
809,0.34375
810,0.46875
811,0.40625
812,0.375
813,0.59375
814,0.5
815,0.375
816,0.4375
817,0.59375
818,0.4375
819,0.34375
820,0.375
821,0.25
822,0.375
823,0.03125
824,0.125
825,0.40625
826,0.34375
827,0.3125
828,0.25
829,0.0625
830,0.125
831,0.1875
832,0.21875
833,0.125
834,0.03125
835,0.28125
836,0.28125
837,0.09375
838,0.0625
839,0.125
840,0.0625
841,0.21875
842,0.3125
843,0.40625
844,0.4375
845,0.40625
846,0.5
847,0.4375
848,0.375
849,0.53125
850,0.65625
851,0.75
852,0.875
853,0.59375
854,0.59375
855,0.65625
856,0.65625
857,0.625
858,0.53125
859,0.5625
860,0.375
861,0.28125
862,0.25
863,0.3125
864,0.28125
865,0.1875
866,0.03125
867,0.03125
868,0.15625
869,0.1875
870,0.03125
871,0.09375
872,0.28125
873,0.1875
874,0.4375
875,0.0
876,0.03125
877,0.0625
878,0.0
879,0.1875
880,0.40625
881,0.3125
882,0.34375
883,0.3125
884,0.375
885,0.53125
886,0.5625
887,0.28125
888,0.28125
889,0.15625
890,0.25
891,0.4375
892,0.1875
893,0.03125
894,0.03125
895,0.0625
896,0.15625
897,0.25
898,0.0625
899,0.0625
900,0.125
901,0.125
902,0.34375
903,0.5
904,0.53125
905,0.34375
906,0.15625
907,0.1875
908,0.0
909,0.53125
910,0.59375
911,0.5625
912,0.65625
913,0.46875
914,0.15625
915,0.03125
916,0.21875
917,0.21875
918,0.1875
919,0.1875
920,0.1875
921,0.34375
922,0.375
923,0.53125
924,0.625
925,0.625
926,0.53125
927,0.5625
928,0.28125
929,0.34375
930,0.375
931,0.28125
932,0.5
933,0.46875
934,0.34375
935,0.1875
936,0.21875
937,0.03125
938,0.0
939,0.21875
940,0.21875
941,0.3125
942,0.15625
943,0.25
944,0.46875
945,0.4375
946,0.5625
947,0.5
948,0.625
949,0.53125
950,0.28125
951,0.4375
952,0.3125
953,0.40625
954,0.4375
955,0.21875
956,0.5
957,0.40625
958,0.28125
959,0.09375
960,0.0625
961,0.09375
962,0.15625
963,0.09375
964,0.25
965,0.46875
966,0.4375
967,0.625
968,0.375
969,0.0
970,0.125
971,0.03125
972,0.03125
973,0.0625
974,0.25
975,0.34375
976,0.4375
977,0.3125
978,0.4375
979,0.59375
980,0.5
981,0.09375
982,0.34375
983,0.375
984,0.125
985,0.03125
986,0.03125
987,0.03125
988,0.09375
989,0.15625
990,0.09375
991,0.03125
992,0.1875
993,0.15625
994,0.1875
995,0.21875
996,0.125
997,0.3125
998,0.25
999,0.125
