,Absolute Magnetisations Per Spin
0,0.71875
1,0.8125
2,0.78125
3,0.625
4,0.78125
5,0.71875
6,0.5625
7,0.5
8,0.375
9,0.25
10,0.21875
11,0.3125
12,0.3125
13,0.53125
14,0.5
15,0.59375
16,0.8125
17,0.71875
18,0.75
19,0.875
20,0.75
21,0.75
22,0.78125
23,0.84375
24,0.8125
25,0.71875
26,0.625
27,0.8125
28,0.8125
29,0.6875
30,0.78125
31,0.71875
32,0.65625
33,0.59375
34,0.65625
35,0.875
36,0.90625
37,0.78125
38,0.8125
39,0.6875
40,0.71875
41,0.53125
42,0.3125
43,0.40625
44,0.65625
45,0.625
46,0.5
47,0.65625
48,0.40625
49,0.4375
50,0.53125
51,0.40625
52,0.40625
53,0.40625
54,0.1875
55,0.0
56,0.09375
57,0.40625
58,0.5
59,0.75
60,0.8125
61,0.8125
62,0.84375
63,0.90625
64,0.84375
65,0.625
66,0.46875
67,0.375
68,0.46875
69,0.40625
70,0.21875
71,0.4375
72,0.5625
73,0.53125
74,0.625
75,0.59375
76,0.5
77,0.375
78,0.375
79,0.375
80,0.3125
81,0.09375
82,0.09375
83,0.15625
84,0.1875
85,0.3125
86,0.53125
87,0.5
88,0.46875
89,0.25
90,0.40625
91,0.375
92,0.5
93,0.59375
94,0.78125
95,0.8125
96,0.875
97,0.6875
98,0.71875
99,0.90625
100,0.75
101,0.90625
102,0.84375
103,0.90625
104,0.8125
105,0.84375
106,0.875
107,0.96875
108,0.8125
109,0.875
110,0.84375
111,0.78125
112,0.8125
113,0.9375
114,0.84375
115,0.9375
116,0.875
117,0.875
118,0.875
119,0.71875
120,0.78125
121,0.78125
122,0.75
123,0.59375
124,0.59375
125,0.6875
126,0.6875
127,0.59375
128,0.75
129,0.59375
130,0.84375
131,0.78125
132,0.875
133,0.96875
134,0.90625
135,0.8125
136,0.75
137,0.875
138,0.90625
139,1.0
140,1.0
141,1.0
142,0.9375
143,0.9375
144,0.9375
145,0.90625
146,0.9375
147,0.84375
148,0.65625
149,0.5
150,0.5625
151,0.53125
152,0.1875
153,0.03125
154,0.125
155,0.125
156,0.0625
157,0.3125
158,0.34375
159,0.5
160,0.53125
161,0.65625
162,0.78125
163,0.84375
164,0.8125
165,0.71875
166,0.71875
167,0.8125
168,0.84375
169,0.84375
170,0.9375
171,0.96875
172,0.84375
173,0.75
174,0.8125
175,0.84375
176,0.8125
177,0.84375
178,0.875
179,0.65625
180,0.65625
181,0.59375
182,0.6875
183,0.5
184,0.40625
185,0.25
186,0.28125
187,0.03125
188,0.125
189,0.28125
190,0.28125
191,0.21875
192,0.1875
193,0.15625
194,0.3125
195,0.15625
196,0.09375
197,0.0
198,0.15625
199,0.03125
200,0.28125
201,0.3125
202,0.1875
203,0.40625
204,0.5
205,0.6875
206,0.78125
207,0.75
208,0.78125
209,0.625
210,0.65625
211,0.84375
212,0.59375
213,0.65625
214,0.8125
215,0.71875
216,0.90625
217,0.9375
218,0.875
219,0.8125
220,0.90625
221,0.9375
222,0.78125
223,0.71875
224,0.34375
225,0.34375
226,0.21875
227,0.28125
228,0.125
229,0.21875
230,0.375
231,0.40625
232,0.34375
233,0.25
234,0.21875
235,0.0625
236,0.25
237,0.34375
238,0.34375
239,0.21875
240,0.03125
241,0.03125
242,0.25
243,0.1875
244,0.09375
245,0.0625
246,0.125
247,0.21875
248,0.0625
249,0.125
250,0.03125
251,0.3125
252,0.09375
253,0.15625
254,0.15625
255,0.25
256,0.5
257,0.5
258,0.4375
259,0.46875
260,0.4375
261,0.65625
262,0.65625
263,0.75
264,0.71875
265,0.78125
266,0.6875
267,0.71875
268,0.78125
269,0.875
270,0.875
271,0.6875
272,0.59375
273,0.59375
274,0.59375
275,0.71875
276,0.8125
277,0.875
278,0.8125
279,0.84375
280,0.84375
281,0.8125
282,0.875
283,0.84375
284,0.6875
285,0.6875
286,0.65625
287,0.6875
288,0.375
289,0.21875
290,0.40625
291,0.1875
292,0.3125
293,0.34375
294,0.28125
295,0.28125
296,0.21875
297,0.1875
298,0.0625
299,0.25
300,0.40625
301,0.1875
302,0.3125
303,0.625
304,0.59375
305,0.46875
306,0.53125
307,0.46875
308,0.5625
309,0.5
310,0.3125
311,0.28125
312,0.34375
313,0.15625
314,0.09375
315,0.125
316,0.40625
317,0.53125
318,0.5
319,0.71875
320,0.625
321,0.78125
322,0.5
323,0.53125
324,0.53125
325,0.34375
326,0.1875
327,0.4375
328,0.71875
329,0.53125
330,0.4375
331,0.5
332,0.21875
333,0.25
334,0.3125
335,0.3125
336,0.4375
337,0.375
338,0.40625
339,0.4375
340,0.46875
341,0.75
342,0.75
343,0.75
344,0.84375
345,0.78125
346,0.875
347,0.84375
348,0.96875
349,0.75
350,0.6875
351,0.5625
352,0.375
353,0.3125
354,0.40625
355,0.4375
356,0.71875
357,0.84375
358,0.65625
359,0.4375
360,0.15625
361,0.25
362,0.28125
363,0.4375
364,0.09375
365,0.03125
366,0.15625
367,0.1875
368,0.40625
369,0.53125
370,0.46875
371,0.3125
372,0.3125
373,0.15625
374,0.3125
375,0.03125
376,0.21875
377,0.09375
378,0.125
379,0.34375
380,0.25
381,0.28125
382,0.375
383,0.53125
384,0.40625
385,0.625
386,0.59375
387,0.6875
388,0.90625
389,0.8125
390,0.875
391,0.90625
392,0.875
393,0.71875
394,0.84375
395,0.875
396,0.4375
397,0.3125
398,0.375
399,0.40625
400,0.40625
401,0.375
402,0.40625
403,0.4375
404,0.4375
405,0.375
406,0.65625
407,0.5625
408,0.4375
409,0.09375
410,0.28125
411,0.375
412,0.21875
413,0.6875
414,0.46875
415,0.40625
416,0.3125
417,0.3125
418,0.59375
419,0.59375
420,0.34375
421,0.375
422,0.21875
423,0.46875
424,0.3125
425,0.34375
426,0.34375
427,0.4375
428,0.40625
429,0.3125
430,0.1875
431,0.1875
432,0.21875
433,0.3125
434,0.3125
435,0.5
436,0.46875
437,0.5
438,0.4375
439,0.28125
440,0.46875
441,0.625
442,0.65625
443,0.5625
444,0.5
445,0.3125
446,0.0
447,0.09375
448,0.03125
449,0.0625
450,0.125
451,0.09375
452,0.03125
453,0.0625
454,0.28125
455,0.25
456,0.125
457,0.09375
458,0.28125
459,0.34375
460,0.34375
461,0.375
462,0.21875
463,0.21875
464,0.0625
465,0.15625
466,0.15625
467,0.0
468,0.21875
469,0.40625
470,0.40625
471,0.125
472,0.125
473,0.15625
474,0.03125
475,0.0
476,0.1875
477,0.3125
478,0.0625
479,0.28125
480,0.34375
481,0.1875
482,0.15625
483,0.28125
484,0.1875
485,0.21875
486,0.125
487,0.09375
488,0.1875
489,0.40625
490,0.3125
491,0.1875
492,0.25
493,0.1875
494,0.1875
495,0.28125
496,0.625
497,0.46875
498,0.53125
499,0.6875
500,0.625
501,0.6875
502,0.875
503,0.875
504,0.96875
505,0.8125
506,0.875
507,0.75
508,0.65625
509,0.75
510,0.65625
511,0.5625
512,0.6875
513,0.6875
514,0.84375
515,0.875
516,0.90625
517,0.8125
518,0.71875
519,0.65625
520,0.65625
521,0.53125
522,0.53125
523,0.5
524,0.375
525,0.46875
526,0.59375
527,0.71875
528,0.875
529,0.84375
530,0.71875
531,0.78125
532,0.75
533,0.8125
534,0.90625
535,0.875
536,0.71875
537,0.875
538,0.6875
539,0.625
540,0.75
541,0.71875
542,0.5
543,0.65625
544,0.90625
545,0.875
546,0.84375
547,0.6875
548,0.6875
549,0.875
550,0.84375
551,0.6875
552,0.78125
553,0.71875
554,0.78125
555,0.59375
556,0.59375
557,0.5
558,0.40625
559,0.65625
560,0.6875
561,0.71875
562,0.75
563,0.59375
564,0.5
565,0.5
566,0.5625
567,0.46875
568,0.25
569,0.28125
570,0.21875
571,0.28125
572,0.40625
573,0.15625
574,0.15625
575,0.40625
576,0.5625
577,0.53125
578,0.375
579,0.40625
580,0.3125
581,0.4375
582,0.53125
583,0.75
584,0.78125
585,0.78125
586,0.6875
587,0.5625
588,0.5625
589,0.53125
590,0.5
591,0.1875
592,0.125
593,0.375
594,0.15625
595,0.28125
596,0.3125
597,0.46875
598,0.625
599,0.46875
600,0.09375
601,0.34375
602,0.40625
603,0.3125
604,0.21875
605,0.40625
606,0.375
607,0.34375
608,0.5
609,0.5
610,0.59375
611,0.5625
612,0.78125
613,0.46875
614,0.5
615,0.59375
616,0.53125
617,0.65625
618,0.75
619,0.84375
620,0.6875
621,0.53125
622,0.4375
623,0.5625
624,0.59375
625,0.625
626,0.53125
627,0.625
628,0.78125
629,0.65625
630,0.78125
631,0.71875
632,0.71875
633,0.625
634,0.625
635,0.65625
636,0.78125
637,0.5625
638,0.375
639,0.1875
640,0.125
641,0.125
642,0.0625
643,0.09375
644,0.0625
645,0.1875
646,0.25
647,0.375
648,0.21875
649,0.25
650,0.53125
651,0.4375
652,0.53125
653,0.65625
654,0.78125
655,0.53125
656,0.4375
657,0.46875
658,0.5
659,0.4375
660,0.4375
661,0.28125
662,0.25
663,0.40625
664,0.34375
665,0.5625
666,0.6875
667,0.8125
668,0.78125
669,0.75
670,0.59375
671,0.40625
672,0.5
673,0.71875
674,0.46875
675,0.15625
676,0.0625
677,0.15625
678,0.03125
679,0.0625
680,0.125
681,0.09375
682,0.21875
683,0.0625
684,0.21875
685,0.03125
686,0.125
687,0.1875
688,0.25
689,0.25
690,0.28125
691,0.15625
692,0.125
693,0.125
694,0.0625
695,0.15625
696,0.34375
697,0.5625
698,0.625
699,0.46875
700,0.09375
701,0.0
702,0.09375
703,0.03125
704,0.21875
705,0.25
706,0.0625
707,0.28125
708,0.28125
709,0.28125
710,0.46875
711,0.4375
712,0.46875
713,0.5625
714,0.6875
715,0.6875
716,0.5625
717,0.59375
718,0.75
719,0.875
720,0.875
721,0.75
722,0.84375
723,0.65625
724,0.75
725,0.65625
726,0.53125
727,0.5625
728,0.53125
729,0.71875
730,0.6875
731,0.8125
732,0.8125
733,0.84375
734,0.90625
735,0.8125
736,0.90625
737,0.9375
738,0.8125
739,0.78125
740,0.71875
741,0.34375
742,0.15625
743,0.125
744,0.21875
745,0.09375
746,0.15625
747,0.15625
748,0.0625
749,0.15625
750,0.15625
751,0.1875
752,0.15625
753,0.40625
754,0.3125
755,0.1875
756,0.15625
757,0.25
758,0.5
759,0.5
760,0.59375
761,0.59375
762,0.375
763,0.21875
764,0.15625
765,0.09375
766,0.1875
767,0.0
768,0.0625
769,0.0625
770,0.1875
771,0.34375
772,0.09375
773,0.15625
774,0.46875
775,0.40625
776,0.375
777,0.3125
778,0.40625
779,0.59375
780,0.5
781,0.375
782,0.5
783,0.5625
784,0.46875
785,0.4375
786,0.65625
787,0.59375
788,0.375
789,0.25
790,0.3125
791,0.40625
792,0.59375
793,0.46875
794,0.5625
795,0.625
796,0.59375
797,0.5
798,0.625
799,0.84375
800,0.75
801,0.875
802,0.8125
803,0.625
804,0.71875
805,0.65625
806,0.75
807,0.78125
808,0.90625
809,0.65625
810,0.65625
811,0.8125
812,0.8125
813,0.65625
814,0.8125
815,0.90625
816,0.875
817,0.84375
818,0.75
819,0.75
820,0.5625
821,0.6875
822,0.75
823,0.90625
824,0.8125
825,0.875
826,0.9375
827,0.9375
828,0.84375
829,0.84375
830,0.6875
831,0.6875
832,0.65625
833,0.5625
834,0.40625
835,0.15625
836,0.25
837,0.3125
838,0.375
839,0.59375
840,0.59375
841,0.5625
842,0.59375
843,0.6875
844,0.71875
845,0.8125
846,0.78125
847,0.8125
848,0.78125
849,0.75
850,0.65625
851,0.8125
852,0.78125
853,0.59375
854,0.6875
855,0.65625
856,0.6875
857,0.53125
858,0.53125
859,0.65625
860,0.59375
861,0.65625
862,0.8125
863,0.875
864,0.8125
865,0.8125
866,0.84375
867,0.625
868,0.78125
869,0.78125
870,0.375
871,0.46875
872,0.4375
873,0.46875
874,0.3125
875,0.5
876,0.59375
877,0.40625
878,0.34375
879,0.28125
880,0.3125
881,0.5625
882,0.59375
883,0.375
884,0.375
885,0.5625
886,0.65625
887,0.5625
888,0.5
889,0.40625
890,0.4375
891,0.46875
892,0.28125
893,0.34375
894,0.28125
895,0.375
896,0.5
897,0.65625
898,0.6875
899,0.75
900,0.875
901,0.875
902,1.0
903,0.875
904,0.90625
905,0.8125
906,0.75
907,0.6875
908,0.71875
909,0.5
910,0.46875
911,0.40625
912,0.65625
913,0.65625
914,0.8125
915,0.71875
916,0.71875
917,0.78125
918,0.71875
919,0.78125
920,0.5
921,0.5
922,0.59375
923,0.8125
924,0.90625
925,0.9375
926,0.84375
927,0.96875
928,0.8125
929,0.6875
930,0.71875
931,0.71875
932,0.71875
933,0.6875
934,0.53125
935,0.5
936,0.59375
937,0.40625
938,0.125
939,0.09375
940,0.3125
941,0.40625
942,0.375
943,0.21875
944,0.3125
945,0.40625
946,0.34375
947,0.375
948,0.46875
949,0.6875
950,0.5
951,0.625
952,0.5
953,0.625
954,0.65625
955,0.6875
956,0.75
957,0.65625
958,0.625
959,0.71875
960,0.71875
961,0.875
962,0.9375
963,0.9375
964,0.90625
965,0.875
966,0.84375
967,0.84375
968,0.5625
969,0.59375
970,0.28125
971,0.09375
972,0.0625
973,0.0625
974,0.0625
975,0.1875
976,0.21875
977,0.03125
978,0.40625
979,0.5625
980,0.6875
981,0.59375
982,0.65625
983,0.53125
984,0.71875
985,0.65625
986,0.8125
987,0.9375
988,0.90625
989,0.84375
990,0.84375
991,0.875
992,0.75
993,0.8125
994,0.84375
995,0.75
996,0.625
997,0.78125
998,0.84375
999,0.71875
