,Absolute Magnetisations Per Spin
0,1.0
1,0.96875
2,0.9375
3,0.78125
4,0.78125
5,0.8125
6,0.9375
7,0.875
8,0.75
9,0.6875
10,0.90625
11,0.78125
12,0.875
13,0.71875
14,0.8125
15,0.75
16,0.71875
17,0.59375
18,0.5625
19,0.75
20,0.78125
21,0.875
22,0.875
23,0.9375
24,0.9375
25,0.8125
26,0.75
27,0.78125
28,0.78125
29,0.84375
30,0.90625
31,0.8125
32,0.84375
33,0.90625
34,0.78125
35,0.875
36,0.8125
37,0.9375
38,0.96875
39,0.9375
40,0.96875
41,0.90625
42,0.9375
43,0.9375
44,1.0
45,0.96875
46,0.875
47,0.96875
48,0.90625
49,0.90625
50,0.90625
51,0.90625
52,1.0
53,0.96875
54,0.9375
55,0.96875
56,0.875
57,0.9375
58,0.9375
59,0.96875
60,0.9375
61,0.96875
62,0.96875
63,0.90625
64,0.78125
65,0.90625
66,0.9375
67,0.9375
68,0.96875
69,1.0
70,0.9375
71,0.96875
72,1.0
73,1.0
74,1.0
75,0.96875
76,0.90625
77,0.96875
78,0.9375
79,0.90625
80,0.9375
81,0.875
82,0.71875
83,0.6875
84,0.65625
85,0.78125
86,0.8125
87,0.84375
88,0.875
89,0.9375
90,1.0
91,1.0
92,1.0
93,0.96875
94,0.8125
95,0.8125
96,0.78125
97,0.71875
98,0.78125
99,0.8125
100,0.75
101,0.875
102,0.96875
103,0.9375
104,0.96875
105,0.96875
106,0.9375
107,1.0
108,0.96875
109,0.96875
110,0.9375
111,0.96875
112,0.96875
113,0.96875
114,1.0
115,1.0
116,0.9375
117,1.0
118,1.0
119,1.0
120,0.96875
121,1.0
122,1.0
123,0.875
124,0.96875
125,0.96875
126,1.0
127,0.96875
128,1.0
129,1.0
130,0.96875
131,1.0
132,1.0
133,1.0
134,0.96875
135,0.9375
136,0.90625
137,0.875
138,0.8125
139,0.78125
140,0.90625
141,1.0
142,1.0
143,0.9375
144,0.9375
145,1.0
146,1.0
147,0.96875
148,0.8125
149,0.71875
150,0.625
151,0.8125
152,0.9375
153,0.875
154,0.9375
155,1.0
156,1.0
157,1.0
158,1.0
159,0.96875
160,0.96875
161,0.90625
162,0.90625
163,0.9375
164,1.0
165,1.0
166,0.96875
167,1.0
168,0.9375
169,0.9375
170,0.9375
171,1.0
172,0.96875
173,0.9375
174,0.90625
175,0.90625
176,1.0
177,1.0
178,1.0
179,1.0
180,1.0
181,0.9375
182,0.84375
183,0.9375
184,0.96875
185,0.90625
186,1.0
187,1.0
188,1.0
189,1.0
190,0.9375
191,0.96875
192,0.90625
193,1.0
194,0.9375
195,0.96875
196,0.9375
197,0.90625
198,0.90625
199,0.84375
200,0.875
201,0.875
202,0.90625
203,0.9375
204,1.0
205,0.96875
206,0.9375
207,0.96875
208,1.0
209,0.96875
210,0.9375
211,0.96875
212,0.9375
213,0.9375
214,1.0
215,1.0
216,1.0
217,0.96875
218,0.9375
219,1.0
220,1.0
221,1.0
222,1.0
223,0.875
224,1.0
225,1.0
226,1.0
227,1.0
228,0.96875
229,0.9375
230,0.96875
231,0.84375
232,0.78125
233,0.8125
234,0.6875
235,0.90625
236,0.9375
237,0.96875
238,1.0
239,1.0
240,0.96875
241,0.84375
242,0.96875
243,0.90625
244,0.90625
245,1.0
246,1.0
247,0.9375
248,0.96875
249,0.9375
250,0.9375
251,0.9375
252,0.84375
253,0.84375
254,0.84375
255,0.78125
256,0.90625
257,0.90625
258,0.9375
259,0.96875
260,0.96875
261,0.9375
262,0.9375
263,0.9375
264,0.90625
265,0.875
266,0.875
267,0.96875
268,0.875
269,0.875
270,0.90625
271,0.96875
272,0.9375
273,0.9375
274,0.9375
275,0.96875
276,1.0
277,0.84375
278,0.9375
279,0.96875
280,0.96875
281,0.90625
282,0.9375
283,0.96875
284,0.9375
285,0.8125
286,0.8125
287,0.90625
288,0.84375
289,0.78125
290,0.84375
291,0.90625
292,0.78125
293,0.75
294,0.8125
295,0.90625
296,0.875
297,0.96875
298,0.96875
299,0.875
300,0.90625
301,0.78125
302,0.6875
303,0.6875
304,0.875
305,0.875
306,0.90625
307,0.96875
308,1.0
309,1.0
310,0.9375
311,0.90625
312,0.875
313,0.84375
314,0.90625
315,0.90625
316,0.875
317,0.90625
318,0.96875
319,0.96875
320,0.96875
321,1.0
322,0.90625
323,0.8125
324,0.75
325,0.90625
326,0.96875
327,0.9375
328,0.90625
329,0.9375
330,1.0
331,0.96875
332,1.0
333,1.0
334,1.0
335,0.90625
336,0.96875
337,1.0
338,1.0
339,1.0
340,0.90625
341,0.90625
342,0.96875
343,0.96875
344,1.0
345,0.96875
346,0.96875
347,0.96875
348,0.96875
349,1.0
350,1.0
351,0.9375
352,0.9375
353,0.9375
354,0.96875
355,0.96875
356,0.90625
357,0.8125
358,0.96875
359,0.96875
360,0.9375
361,0.9375
362,0.96875
363,0.9375
364,0.90625
365,0.875
366,0.875
367,0.90625
368,0.96875
369,0.9375
370,0.90625
371,0.96875
372,0.96875
373,0.9375
374,0.96875
375,0.9375
376,0.90625
377,0.75
378,0.875
379,0.9375
380,0.8125
381,0.96875
382,0.90625
383,0.90625
384,0.96875
385,1.0
386,1.0
387,1.0
388,1.0
389,0.875
390,0.84375
391,0.90625
392,0.875
393,0.875
394,0.90625
395,0.96875
396,0.96875
397,0.90625
398,0.84375
399,0.90625
400,1.0
401,0.9375
402,1.0
403,1.0
404,1.0
405,0.90625
406,0.96875
407,0.9375
408,0.90625
409,0.9375
410,0.9375
411,0.9375
412,0.96875
413,1.0
414,1.0
415,1.0
416,0.9375
417,1.0
418,1.0
419,1.0
420,1.0
421,0.96875
422,0.96875
423,1.0
424,0.9375
425,0.9375
426,0.90625
427,0.84375
428,0.9375
429,0.875
430,0.96875
431,1.0
432,0.96875
433,1.0
434,1.0
435,0.8125
436,0.84375
437,0.8125
438,0.84375
439,0.78125
440,0.8125
441,0.875
442,0.84375
443,0.875
444,0.84375
445,0.96875
446,0.9375
447,0.9375
448,0.875
449,0.9375
450,0.78125
451,0.84375
452,0.90625
453,0.9375
454,0.96875
455,0.9375
456,0.96875
457,1.0
458,1.0
459,0.96875
460,1.0
461,0.9375
462,0.96875
463,0.96875
464,0.96875
465,0.96875
466,0.96875
467,0.96875
468,0.9375
469,0.84375
470,0.71875
471,0.78125
472,0.71875
473,0.9375
474,1.0
475,1.0
476,0.9375
477,0.75
478,0.875
479,0.96875
480,1.0
481,1.0
482,0.90625
483,1.0
484,1.0
485,0.90625
486,0.90625
487,0.875
488,0.90625
489,0.9375
490,0.96875
491,0.875
492,0.90625
493,0.96875
494,0.96875
495,1.0
496,0.9375
497,0.90625
498,0.96875
499,0.90625
500,0.96875
501,0.96875
502,1.0
503,1.0
504,1.0
505,1.0
506,0.90625
507,0.875
508,0.875
509,0.875
510,0.8125
511,0.875
512,0.9375
513,0.96875
514,1.0
515,1.0
516,1.0
517,0.96875
518,0.9375
519,0.96875
520,0.96875
521,0.90625
522,1.0
523,1.0
524,1.0
525,1.0
526,1.0
527,0.9375
528,0.90625
529,0.9375
530,0.96875
531,0.96875
532,1.0
533,0.96875
534,0.9375
535,1.0
536,0.9375
537,0.9375
538,1.0
539,0.9375
540,0.9375
541,0.9375
542,0.9375
543,1.0
544,0.96875
545,1.0
546,0.9375
547,0.875
548,0.84375
549,0.75
550,0.84375
551,0.9375
552,1.0
553,0.96875
554,0.90625
555,0.96875
556,0.96875
557,0.90625
558,0.9375
559,0.90625
560,0.96875
561,0.96875
562,0.96875
563,1.0
564,1.0
565,1.0
566,0.96875
567,0.9375
568,0.90625
569,0.90625
570,0.90625
571,1.0
572,0.875
573,0.90625
574,0.875
575,0.875
576,0.875
577,0.96875
578,0.875
579,0.71875
580,0.65625
581,0.75
582,0.8125
583,0.96875
584,0.875
585,0.96875
586,0.9375
587,0.96875
588,0.75
589,0.6875
590,0.625
591,0.84375
592,0.84375
593,0.90625
594,0.84375
595,0.96875
596,0.90625
597,0.875
598,0.90625
599,0.96875
600,0.96875
601,0.96875
602,0.9375
603,0.9375
604,0.96875
605,0.9375
606,0.9375
607,0.9375
608,0.9375
609,0.875
610,0.75
611,0.8125
612,0.875
613,1.0
614,0.9375
615,0.90625
616,0.875
617,0.9375
618,0.9375
619,0.96875
620,0.96875
621,1.0
622,0.96875
623,0.90625
624,0.90625
625,0.875
626,0.8125
627,0.8125
628,0.71875
629,0.71875
630,0.84375
631,1.0
632,0.875
633,0.8125
634,0.9375
635,0.8125
636,0.8125
637,0.71875
638,0.8125
639,0.75
640,0.90625
641,0.90625
642,1.0
643,0.96875
644,0.9375
645,0.9375
646,0.9375
647,0.9375
648,0.9375
649,0.90625
650,0.90625
651,1.0
652,0.96875
653,1.0
654,0.96875
655,0.96875
656,0.875
657,0.90625
658,0.90625
659,0.84375
660,0.71875
661,0.75
662,0.78125
663,0.90625
664,0.9375
665,0.875
666,0.875
667,0.8125
668,0.96875
669,1.0
670,1.0
671,1.0
672,0.96875
673,0.9375
674,0.9375
675,0.84375
676,0.84375
677,0.9375
678,0.875
679,1.0
680,1.0
681,0.96875
682,0.9375
683,0.90625
684,0.9375
685,0.9375
686,0.96875
687,0.90625
688,0.84375
689,0.875
690,0.90625
691,1.0
692,0.90625
693,0.96875
694,0.90625
695,0.96875
696,1.0
697,0.96875
698,0.90625
699,1.0
700,1.0
701,1.0
702,1.0
703,0.96875
704,0.96875
705,0.875
706,0.875
707,0.65625
708,0.75
709,0.78125
710,0.875
711,0.9375
712,0.9375
713,0.9375
714,0.90625
715,0.9375
716,0.8125
717,0.875
718,0.875
719,0.875
720,0.9375
721,0.875
722,1.0
723,0.9375
724,1.0
725,0.96875
726,0.96875
727,1.0
728,0.9375
729,0.96875
730,0.8125
731,0.96875
732,0.9375
733,0.90625
734,0.96875
735,0.96875
736,0.9375
737,1.0
738,0.9375
739,0.96875
740,0.9375
741,0.8125
742,0.96875
743,1.0
744,0.9375
745,0.96875
746,1.0
747,1.0
748,0.90625
749,1.0
750,1.0
751,1.0
752,1.0
753,0.96875
754,0.96875
755,0.96875
756,0.96875
757,1.0
758,0.96875
759,0.96875
760,0.96875
761,0.96875
762,0.90625
763,0.875
764,0.875
765,0.96875
766,1.0
767,1.0
768,1.0
769,0.9375
770,0.9375
771,0.90625
772,0.9375
773,0.90625
774,0.96875
775,0.9375
776,1.0
777,1.0
778,0.96875
779,0.9375
780,0.9375
781,0.875
782,0.84375
783,0.9375
784,0.90625
785,0.9375
786,0.9375
787,0.78125
788,0.75
789,0.75
790,0.84375
791,0.90625
792,0.9375
793,0.9375
794,1.0
795,1.0
796,1.0
797,1.0
798,1.0
799,0.90625
800,0.84375
801,0.78125
802,0.71875
803,0.8125
804,0.84375
805,0.875
806,0.90625
807,0.9375
808,0.96875
809,0.96875
810,0.96875
811,1.0
812,1.0
813,0.96875
814,0.96875
815,0.96875
816,0.9375
817,0.9375
818,0.96875
819,1.0
820,1.0
821,1.0
822,0.96875
823,0.96875
824,0.9375
825,0.78125
826,0.75
827,0.8125
828,0.8125
829,0.875
830,0.8125
831,0.90625
832,0.90625
833,0.9375
834,0.90625
835,0.9375
836,0.90625
837,0.9375
838,0.9375
839,0.9375
840,1.0
841,1.0
842,0.9375
843,0.9375
844,1.0
845,0.9375
846,0.9375
847,0.90625
848,0.90625
849,0.875
850,0.875
851,0.8125
852,0.90625
853,0.9375
854,0.9375
855,0.96875
856,1.0
857,1.0
858,1.0
859,0.90625
860,0.9375
861,0.96875
862,0.96875
863,1.0
864,0.96875
865,0.9375
866,0.96875
867,1.0
868,0.96875
869,0.9375
870,0.90625
871,0.90625
872,0.96875
873,1.0
874,1.0
875,0.96875
876,0.84375
877,0.90625
878,0.96875
879,0.96875
880,0.8125
881,0.84375
882,0.96875
883,1.0
884,1.0
885,0.96875
886,0.96875
887,0.90625
888,0.90625
889,0.9375
890,0.96875
891,0.8125
892,0.875
893,0.9375
894,0.96875
895,0.90625
896,0.9375
897,0.84375
898,0.9375
899,0.96875
900,0.96875
901,1.0
902,1.0
903,1.0
904,0.96875
905,0.84375
906,0.84375
907,0.65625
908,0.75
909,0.84375
910,0.8125
911,0.875
912,1.0
913,0.875
914,0.8125
915,0.5625
916,0.65625
917,0.6875
918,0.875
919,0.90625
920,0.90625
921,0.84375
922,0.875
923,0.84375
924,1.0
925,1.0
926,1.0
927,1.0
928,0.96875
929,0.96875
930,0.875
931,0.9375
932,1.0
933,1.0
934,0.9375
935,0.875
936,0.8125
937,0.78125
938,0.90625
939,0.90625
940,0.78125
941,0.84375
942,0.84375
943,1.0
944,1.0
945,1.0
946,0.96875
947,0.96875
948,1.0
949,0.96875
950,1.0
951,1.0
952,0.96875
953,1.0
954,0.96875
955,0.96875
956,0.9375
957,1.0
958,1.0
959,1.0
960,1.0
961,0.96875
962,1.0
963,0.96875
964,0.96875
965,0.9375
966,0.9375
967,1.0
968,0.96875
969,0.96875
970,0.9375
971,0.96875
972,0.96875
973,0.9375
974,0.96875
975,0.90625
976,0.90625
977,0.875
978,0.875
979,0.875
980,0.96875
981,1.0
982,1.0
983,1.0
984,0.9375
985,0.9375
986,0.875
987,0.78125
988,0.78125
989,0.75
990,0.875
991,0.78125
992,0.84375
993,0.84375
994,0.90625
995,0.84375
996,0.90625
997,0.96875
998,0.9375
999,0.90625
