,Absolute Magnetisations Per Spin
0,0.71875
1,0.875
2,0.84375
3,0.65625
4,0.25
5,0.46875
6,0.28125
7,0.90625
8,0.78125
9,0.375
10,0.6875
11,0.15625
12,0.09375
13,0.46875
14,0.125
15,0.15625
16,0.6875
17,0.25
18,0.09375
19,0.03125
20,0.0
21,0.28125
22,0.46875
23,0.25
24,0.3125
25,0.84375
26,0.46875
27,0.90625
28,0.125
29,0.34375
30,0.71875
31,0.8125
32,0.75
33,0.8125
34,0.75
35,0.875
36,0.71875
37,0.6875
38,0.25
39,0.4375
40,0.5625
41,0.21875
42,0.6875
43,0.3125
44,0.21875
45,0.65625
46,0.09375
47,0.875
48,0.5625
49,0.9375
50,0.59375
51,0.40625
52,0.65625
53,0.15625
54,0.09375
55,0.21875
56,0.09375
57,0.625
58,0.5
59,0.5
60,0.03125
61,0.28125
62,0.84375
63,0.34375
64,0.34375
65,0.65625
66,0.8125
67,0.53125
68,0.6875
69,0.8125
70,0.90625
71,0.75
72,0.6875
73,0.8125
74,0.59375
75,0.5
76,0.25
77,0.3125
78,0.21875
79,0.65625
80,0.90625
81,0.4375
82,0.375
83,0.5
84,0.0625
85,0.78125
86,0.5
87,0.65625
88,0.59375
89,0.75
90,0.65625
91,0.25
92,0.46875
93,0.15625
94,0.3125
95,0.375
96,0.15625
97,0.34375
98,0.65625
99,0.65625
100,0.53125
101,0.78125
102,0.4375
103,0.4375
104,0.0
105,0.375
106,0.21875
107,0.0
108,0.78125
109,0.3125
110,0.3125
111,0.46875
112,0.1875
113,0.09375
114,0.0625
115,0.84375
116,0.84375
117,0.96875
118,0.59375
119,0.8125
120,0.53125
121,0.1875
122,0.71875
123,0.625
124,0.8125
125,0.625
126,0.0
127,0.21875
128,0.5
129,0.75
130,0.6875
131,0.625
132,0.4375
133,0.65625
134,0.75
135,0.71875
136,0.8125
137,0.5
138,0.5625
139,0.75
140,0.65625
141,0.90625
142,0.46875
143,0.78125
144,0.15625
145,0.09375
146,0.03125
147,0.125
148,0.3125
149,0.1875
150,0.5
151,0.65625
152,0.3125
153,0.4375
154,0.5
155,0.34375
156,0.125
157,0.28125
158,0.53125
159,0.625
160,0.71875
161,0.28125
162,0.15625
163,0.65625
164,0.59375
165,0.4375
166,0.15625
167,0.3125
168,0.21875
169,0.1875
170,0.15625
171,0.3125
172,0.21875
173,0.84375
174,0.59375
175,0.78125
176,0.8125
177,0.75
178,0.78125
179,0.6875
180,0.15625
181,0.875
182,0.21875
183,0.09375
184,0.0
185,0.5625
186,0.78125
187,0.6875
188,0.8125
189,0.28125
190,0.875
191,0.78125
192,0.59375
193,0.875
194,0.21875
195,0.09375
196,0.3125
197,0.28125
198,0.03125
199,0.0625
200,0.375
201,0.25
202,0.90625
203,0.25
204,0.09375
205,0.78125
206,0.25
207,0.3125
208,0.875
209,0.59375
210,0.09375
211,0.46875
212,0.625
213,0.8125
214,0.75
215,0.90625
216,0.28125
217,0.3125
218,0.625
219,0.0
220,0.03125
221,0.0
222,0.0625
223,0.09375
224,0.09375
225,0.28125
226,0.375
227,0.21875
228,0.6875
229,0.9375
230,0.90625
231,0.65625
232,0.75
233,0.6875
234,0.65625
235,0.78125
236,0.71875
237,0.75
238,0.03125
239,0.84375
240,0.28125
241,0.1875
242,0.25
243,0.28125
244,0.09375
245,0.78125
246,0.875
247,0.34375
248,0.375
249,0.8125
250,0.84375
251,0.6875
252,0.75
253,0.8125
254,0.8125
255,0.6875
256,0.71875
257,0.40625
258,0.28125
259,0.40625
260,0.5
261,0.75
262,0.625
263,0.59375
264,0.125
265,0.84375
266,0.59375
267,0.75
268,0.25
269,0.15625
270,0.375
271,0.625
272,0.65625
273,0.40625
274,0.28125
275,0.65625
276,0.46875
277,0.6875
278,0.5625
279,0.125
280,0.375
281,0.1875
282,0.59375
283,0.40625
284,0.71875
285,0.53125
286,0.0
287,0.78125
288,0.28125
289,0.71875
290,0.71875
291,0.375
292,0.5625
293,0.46875
294,0.875
295,0.78125
296,0.6875
297,0.625
298,0.9375
299,0.0625
300,0.25
301,0.53125
302,0.25
303,0.78125
304,0.65625
305,0.625
306,0.65625
307,0.71875
308,0.84375
309,0.71875
310,0.125
311,0.625
312,0.78125
313,0.75
314,0.53125
315,0.34375
316,0.34375
317,0.75
318,0.71875
319,0.75
320,0.03125
321,0.09375
322,0.375
323,0.875
324,0.6875
325,0.59375
326,0.125
327,0.71875
328,0.71875
329,0.40625
330,0.03125
331,0.8125
332,0.8125
333,0.78125
334,0.71875
335,0.78125
336,0.78125
337,0.8125
338,0.6875
339,0.3125
340,0.46875
341,0.0625
342,0.125
343,0.75
344,0.25
345,0.125
346,0.5625
347,0.625
348,0.4375
349,0.03125
350,0.5
351,0.5625
352,0.40625
353,0.125
354,0.375
355,0.78125
356,0.875
357,0.5625
358,0.75
359,0.3125
360,0.5
361,0.875
362,0.03125
363,0.15625
364,0.15625
365,0.125
366,0.75
367,0.53125
368,0.65625
369,0.15625
370,0.0625
371,0.40625
372,0.8125
373,0.84375
374,0.90625
375,0.625
376,0.75
377,0.84375
378,0.15625
379,0.375
380,0.5
381,0.3125
382,0.0625
383,0.28125
384,0.40625
385,0.09375
386,0.0
387,0.78125
388,0.71875
389,0.8125
390,0.53125
391,0.0625
392,0.09375
393,0.28125
394,0.625
395,0.78125
396,0.78125
397,0.59375
398,0.5
399,0.65625
400,0.75
401,0.09375
402,0.40625
403,0.78125
404,0.875
405,0.34375
406,0.5625
407,0.71875
408,0.71875
409,0.25
410,0.59375
411,0.65625
412,0.84375
413,0.84375
414,0.625
415,0.875
416,0.625
417,0.78125
418,0.8125
419,0.84375
420,0.875
421,0.71875
422,0.71875
423,0.4375
424,0.78125
425,0.9375
426,0.6875
427,0.46875
428,0.875
429,0.78125
430,0.53125
431,0.96875
432,0.84375
433,0.03125
434,0.34375
435,0.71875
436,0.65625
437,0.75
438,0.25
439,0.5625
440,0.0625
441,0.78125
442,0.46875
443,0.5625
444,0.34375
445,0.625
446,0.0625
447,0.125
448,0.625
449,0.78125
450,0.875
451,0.9375
452,0.6875
453,0.1875
454,0.375
455,0.5
456,0.5625
457,0.59375
458,0.5
459,0.65625
460,0.71875
461,0.53125
462,0.625
463,0.125
464,0.8125
465,0.59375
466,0.4375
467,0.84375
468,0.59375
469,0.15625
470,0.34375
471,0.21875
472,0.09375
473,0.5625
474,0.875
475,0.0625
476,0.40625
477,0.40625
478,0.8125
479,0.4375
480,0.625
481,0.6875
482,0.75
483,0.03125
484,0.4375
485,0.5
486,0.8125
487,0.84375
488,0.75
489,0.71875
490,0.71875
491,0.75
492,0.90625
493,0.6875
494,0.65625
495,0.8125
496,0.25
497,0.375
498,0.375
499,0.875
500,0.6875
501,0.625
502,0.5625
503,0.8125
504,1.0
505,0.4375
506,0.1875
507,0.4375
508,0.5
509,0.03125
510,0.5
511,0.875
512,0.90625
513,0.21875
514,0.59375
515,0.59375
516,0.5625
517,0.59375
518,0.65625
519,0.5625
520,0.28125
521,0.625
522,0.3125
523,0.21875
524,0.5625
525,0.375
526,0.46875
527,0.40625
528,0.9375
529,0.90625
530,0.65625
531,0.65625
532,0.09375
533,0.46875
534,0.21875
535,0.71875
536,0.75
537,0.9375
538,0.6875
539,0.90625
540,0.90625
541,0.6875
542,0.40625
543,0.71875
544,0.75
545,0.125
546,0.46875
547,0.53125
548,0.5625
549,0.28125
550,0.375
551,0.5
552,0.21875
553,0.03125
554,0.3125
555,0.3125
556,0.75
557,0.375
558,0.8125
559,0.9375
560,0.34375
561,0.6875
562,0.0
563,0.03125
564,0.375
565,0.84375
566,0.4375
567,0.6875
568,0.875
569,0.46875
570,0.6875
571,0.25
572,0.53125
573,0.6875
574,0.125
575,0.21875
576,0.84375
577,0.46875
578,0.15625
579,0.0625
580,0.71875
581,0.71875
582,0.75
583,0.46875
584,0.46875
585,0.1875
586,0.34375
587,0.5
588,0.40625
589,0.8125
590,0.65625
591,0.84375
592,0.75
593,0.78125
594,0.84375
595,0.75
596,0.5625
597,0.28125
598,0.46875
599,0.03125
600,0.6875
601,0.78125
602,0.78125
603,0.625
604,0.375
605,0.0625
606,0.3125
607,0.625
608,0.65625
609,0.5
610,0.03125
611,0.6875
612,0.875
613,0.65625
614,0.28125
615,0.90625
616,0.46875
617,0.625
618,0.15625
619,0.25
620,0.6875
621,0.78125
622,0.09375
623,0.59375
624,0.6875
625,0.28125
626,0.125
627,0.53125
628,0.78125
629,0.96875
630,0.84375
631,0.53125
632,0.75
633,0.53125
634,0.09375
635,0.5625
636,0.4375
637,0.90625
638,0.5
639,0.46875
640,0.65625
641,0.15625
642,0.125
643,0.25
644,0.28125
645,0.5
646,0.65625
647,0.6875
648,0.40625
649,0.6875
650,0.28125
651,0.1875
652,0.59375
653,0.59375
654,0.5
655,0.4375
656,0.78125
657,0.78125
658,0.28125
659,0.40625
660,0.46875
661,0.84375
662,0.6875
663,0.6875
664,0.3125
665,0.71875
666,0.25
667,0.15625
668,0.5625
669,0.8125
670,0.5
671,0.625
672,0.40625
673,0.21875
674,0.40625
675,0.03125
676,0.71875
677,0.40625
678,0.4375
679,0.21875
680,0.25
681,0.71875
682,0.3125
683,0.59375
684,0.15625
685,0.28125
686,0.46875
687,0.78125
688,0.53125
689,0.5
690,0.59375
691,0.65625
692,0.78125
693,0.75
694,0.90625
695,0.125
696,0.65625
697,0.71875
698,0.75
699,0.78125
700,0.5
701,0.34375
702,0.75
703,0.75
704,0.6875
705,0.625
706,0.84375
707,0.59375
708,0.46875
709,0.09375
710,0.09375
711,0.3125
712,0.0625
713,0.65625
714,0.25
715,0.09375
716,0.15625
717,0.0625
718,0.0625
719,0.1875
720,0.6875
721,0.59375
722,0.65625
723,0.8125
724,0.34375
725,0.75
726,0.4375
727,0.28125
728,0.53125
729,0.0625
730,0.3125
731,0.03125
732,0.53125
733,0.3125
734,0.03125
735,0.03125
736,0.21875
737,0.40625
738,0.71875
739,0.65625
740,0.625
741,0.46875
742,0.21875
743,0.65625
744,0.96875
745,0.75
746,0.53125
747,0.5
748,0.71875
749,0.5
750,0.03125
751,0.46875
752,0.21875
753,0.125
754,0.125
755,0.75
756,0.4375
757,0.03125
758,0.875
759,0.53125
760,0.53125
761,0.15625
762,0.28125
763,0.9375
764,0.34375
765,0.40625
766,0.375
767,0.65625
768,0.65625
769,0.28125
770,0.03125
771,0.21875
772,0.5625
773,0.0
774,0.3125
775,0.25
776,0.21875
777,0.21875
778,0.5
779,0.875
780,0.4375
781,0.15625
782,0.65625
783,0.71875
784,0.03125
785,0.34375
786,0.875
787,0.375
788,0.5625
789,0.59375
790,0.59375
791,0.90625
792,0.96875
793,0.71875
794,0.375
795,0.21875
796,0.8125
797,0.75
798,0.25
799,0.5625
800,0.6875
801,0.875
802,0.78125
803,0.125
804,0.1875
805,0.6875
806,0.46875
807,0.15625
808,0.5625
809,0.8125
810,0.875
811,0.9375
812,0.78125
813,0.28125
814,0.0625
815,0.1875
816,0.78125
817,0.71875
818,0.5625
819,0.78125
820,0.0625
821,0.09375
822,0.21875
823,0.125
824,0.09375
825,0.0625
826,0.09375
827,0.59375
828,0.4375
829,0.5625
830,0.53125
831,0.78125
832,0.9375
833,0.4375
834,0.09375
835,0.875
836,0.78125
837,0.8125
838,0.78125
839,0.375
840,0.25
841,0.21875
842,0.3125
843,0.46875
844,0.5625
845,0.6875
846,0.15625
847,0.1875
848,0.8125
849,0.71875
850,0.0625
851,0.15625
852,0.03125
853,0.5
854,0.6875
855,0.1875
856,0.21875
857,0.15625
858,0.59375
859,0.90625
860,0.4375
861,0.34375
862,0.34375
863,0.21875
864,0.34375
865,0.625
866,0.71875
867,0.0625
868,0.21875
869,0.65625
870,0.3125
871,0.46875
872,0.5
873,0.71875
874,0.8125
875,0.3125
876,0.40625
877,0.8125
878,0.28125
879,0.6875
880,0.25
881,0.1875
882,0.0625
883,0.15625
884,0.5625
885,0.8125
886,0.40625
887,0.46875
888,0.1875
889,0.34375
890,0.1875
891,0.53125
892,0.84375
893,0.78125
894,0.65625
895,0.125
896,0.21875
897,0.1875
898,0.9375
899,0.5625
900,0.125
901,0.1875
902,0.15625
903,0.5625
904,0.8125
905,0.375
906,0.5
907,0.84375
908,0.34375
909,0.375
910,0.03125
911,0.09375
912,0.21875
913,0.71875
914,0.6875
915,0.4375
916,0.65625
917,0.125
918,0.5625
919,0.75
920,0.84375
921,0.71875
922,0.78125
923,0.71875
924,0.25
925,0.6875
926,0.875
927,0.6875
928,0.96875
929,0.03125
930,0.15625
931,0.46875
932,0.5625
933,0.65625
934,0.84375
935,0.65625
936,0.3125
937,0.75
938,0.65625
939,0.90625
940,0.53125
941,0.375
942,0.21875
943,0.0
944,0.5625
945,0.5625
946,0.90625
947,0.71875
948,0.625
949,0.6875
950,0.8125
951,0.59375
952,0.6875
953,0.71875
954,0.65625
955,0.34375
956,0.15625
957,0.40625
958,0.875
959,0.46875
960,0.375
961,0.90625
962,0.78125
963,0.9375
964,1.0
965,0.78125
966,0.1875
967,0.375
968,0.84375
969,0.78125
970,0.75
971,0.75
972,0.15625
973,0.90625
974,0.84375
975,0.0
976,0.71875
977,0.1875
978,0.125
979,0.0625
980,0.78125
981,0.65625
982,0.21875
983,0.09375
984,0.1875
985,0.28125
986,0.0
987,0.53125
988,0.5
989,0.8125
990,0.8125
991,0.875
992,0.5625
993,0.5625
994,0.6875
995,0.90625
996,0.8125
997,0.71875
998,0.90625
999,0.84375
