,Absolute Magnetisations Per Spin
0,0.125
1,0.03125
2,0.15625
3,0.28125
4,0.46875
5,0.25
6,0.03125
7,0.375
8,0.125
9,0.25
10,0.34375
11,0.40625
12,0.21875
13,0.09375
14,0.1875
15,0.1875
16,0.03125
17,0.1875
18,0.25
19,0.25
20,0.25
21,0.125
22,0.25
23,0.21875
24,0.25
25,0.15625
26,0.03125
27,0.125
28,0.15625
29,0.0
30,0.15625
31,0.0625
32,0.15625
33,0.25
34,0.125
35,0.15625
36,0.15625
37,0.03125
38,0.03125
39,0.28125
40,0.125
41,0.125
42,0.25
43,0.1875
44,0.0
45,0.0625
46,0.1875
47,0.0625
48,0.03125
49,0.03125
50,0.0625
51,0.1875
52,0.34375
53,0.3125
54,0.0625
55,0.125
56,0.0
57,0.21875
58,0.03125
59,0.40625
60,0.21875
61,0.375
62,0.65625
63,0.53125
64,0.15625
65,0.375
66,0.40625
67,0.34375
68,0.0625
69,0.0625
70,0.03125
71,0.125
72,0.1875
73,0.1875
74,0.125
75,0.125
76,0.5
77,0.4375
78,0.46875
79,0.53125
80,0.65625
81,0.46875
82,0.5625
83,0.09375
84,0.21875
85,0.1875
86,0.28125
87,0.28125
88,0.375
89,0.46875
90,0.59375
91,0.28125
92,0.3125
93,0.15625
94,0.09375
95,0.125
96,0.125
97,0.3125
98,0.1875
99,0.03125
100,0.0
101,0.0625
102,0.0
103,0.09375
104,0.03125
105,0.125
106,0.34375
107,0.28125
108,0.5625
109,0.28125
110,0.40625
111,0.5
112,0.53125
113,0.375
114,0.4375
115,0.1875
116,0.03125
117,0.40625
118,0.40625
119,0.28125
120,0.21875
121,0.125
122,0.34375
123,0.0625
124,0.03125
125,0.25
126,0.28125
127,0.4375
128,0.625
129,0.625
130,0.6875
131,0.5
132,0.40625
133,0.375
134,0.28125
135,0.0625
136,0.125
137,0.3125
138,0.125
139,0.0
140,0.15625
141,0.0625
142,0.53125
143,0.1875
144,0.3125
145,0.1875
146,0.15625
147,0.1875
148,0.15625
149,0.3125
150,0.1875
151,0.3125
152,0.375
153,0.46875
154,0.5625
155,0.40625
156,0.25
157,0.46875
158,0.3125
159,0.3125
160,0.59375
161,0.6875
162,0.71875
163,0.6875
164,0.5625
165,0.8125
166,0.5
167,0.53125
168,0.53125
169,0.28125
170,0.0
171,0.25
172,0.15625
173,0.0
174,0.1875
175,0.0625
176,0.03125
177,0.0625
178,0.3125
179,0.4375
180,0.40625
181,0.15625
182,0.15625
183,0.40625
184,0.34375
185,0.25
186,0.21875
187,0.15625
188,0.21875
189,0.09375
190,0.0
191,0.1875
192,0.0
193,0.25
194,0.03125
195,0.25
196,0.1875
197,0.25
198,0.625
199,0.5625
200,0.40625
201,0.53125
202,0.28125
203,0.21875
204,0.1875
205,0.03125
206,0.0625
207,0.28125
208,0.28125
209,0.34375
210,0.1875
211,0.4375
212,0.375
213,0.4375
214,0.46875
215,0.28125
216,0.28125
217,0.25
218,0.5
219,0.5
220,0.28125
221,0.21875
222,0.09375
223,0.21875
224,0.03125
225,0.21875
226,0.15625
227,0.375
228,0.4375
229,0.53125
230,0.40625
231,0.34375
232,0.5
233,0.375
234,0.0625
235,0.1875
236,0.03125
237,0.0625
238,0.15625
239,0.25
240,0.15625
241,0.25
242,0.5625
243,0.46875
244,0.375
245,0.28125
246,0.25
247,0.53125
248,0.375
249,0.1875
250,0.34375
251,0.0625
252,0.34375
253,0.375
254,0.125
255,0.03125
256,0.28125
257,0.15625
258,0.0625
259,0.0
260,0.125
261,0.09375
262,0.125
263,0.09375
264,0.03125
265,0.03125
266,0.0
267,0.03125
268,0.0625
269,0.1875
270,0.15625
271,0.375
272,0.21875
273,0.46875
274,0.5
275,0.34375
276,0.34375
277,0.0625
278,0.0
279,0.3125
280,0.21875
281,0.03125
282,0.25
283,0.125
284,0.03125
285,0.28125
286,0.4375
287,0.4375
288,0.46875
289,0.46875
290,0.5
291,0.1875
292,0.09375
293,0.0625
294,0.09375
295,0.375
296,0.5
297,0.75
298,0.71875
299,0.65625
300,0.53125
301,0.25
302,0.09375
303,0.0
304,0.0
305,0.1875
306,0.1875
307,0.09375
308,0.0625
309,0.0625
310,0.15625
311,0.21875
312,0.03125
313,0.125
314,0.0
315,0.0625
316,0.0625
317,0.21875
318,0.3125
319,0.375
320,0.28125
321,0.125
322,0.25
323,0.34375
324,0.3125
325,0.0625
326,0.34375
327,0.375
328,0.1875
329,0.3125
330,0.5
331,0.28125
332,0.09375
333,0.0625
334,0.28125
335,0.375
336,0.59375
337,0.59375
338,0.40625
339,0.4375
340,0.25
341,0.375
342,0.25
343,0.25
344,0.21875
345,0.28125
346,0.375
347,0.40625
348,0.46875
349,0.5
350,0.28125
351,0.40625
352,0.0625
353,0.21875
354,0.375
355,0.28125
356,0.3125
357,0.25
358,0.3125
359,0.0625
360,0.03125
361,0.15625
362,0.09375
363,0.1875
364,0.21875
365,0.15625
366,0.15625
367,0.09375
368,0.0
369,0.09375
370,0.28125
371,0.0625
372,0.25
373,0.03125
374,0.09375
375,0.21875
376,0.71875
377,0.5
378,0.34375
379,0.21875
380,0.15625
381,0.15625
382,0.3125
383,0.15625
384,0.03125
385,0.125
386,0.03125
387,0.21875
388,0.34375
389,0.125
390,0.0625
391,0.1875
392,0.03125
393,0.28125
394,0.1875
395,0.40625
396,0.34375
397,0.21875
398,0.0625
399,0.0625
400,0.0625
401,0.0625
402,0.25
403,0.0625
404,0.15625
405,0.25
406,0.25
407,0.15625
408,0.28125
409,0.21875
410,0.3125
411,0.25
412,0.125
413,0.03125
414,0.1875
415,0.09375
416,0.3125
417,0.75
418,0.75
419,0.625
420,0.09375
421,0.15625
422,0.0625
423,0.0625
424,0.375
425,0.21875
426,0.125
427,0.1875
428,0.21875
429,0.3125
430,0.3125
431,0.03125
432,0.15625
433,0.375
434,0.34375
435,0.28125
436,0.25
437,0.1875
438,0.15625
439,0.0625
440,0.0625
441,0.3125
442,0.53125
443,0.53125
444,0.5625
445,0.5
446,0.46875
447,0.09375
448,0.09375
449,0.21875
450,0.15625
451,0.0
452,0.0
453,0.0
454,0.0
455,0.25
456,0.25
457,0.0625
458,0.25
459,0.3125
460,0.25
461,0.3125
462,0.25
463,0.15625
464,0.1875
465,0.25
466,0.03125
467,0.03125
468,0.28125
469,0.09375
470,0.03125
471,0.125
472,0.03125
473,0.03125
474,0.25
475,0.375
476,0.40625
477,0.15625
478,0.15625
479,0.25
480,0.125
481,0.21875
482,0.46875
483,0.46875
484,0.1875
485,0.1875
486,0.25
487,0.375
488,0.03125
489,0.0
490,0.25
491,0.5
492,0.46875
493,0.125
494,0.1875
495,0.09375
496,0.125
497,0.09375
498,0.21875
499,0.125
500,0.0625
501,0.15625
502,0.21875
503,0.3125
504,0.21875
505,0.34375
506,0.40625
507,0.375
508,0.09375
509,0.21875
510,0.0625
511,0.25
512,0.53125
513,0.21875
514,0.0
515,0.1875
516,0.09375
517,0.28125
518,0.28125
519,0.28125
520,0.03125
521,0.1875
522,0.125
523,0.0
524,0.03125
525,0.125
526,0.34375
527,0.4375
528,0.25
529,0.125
530,0.125
531,0.28125
532,0.375
533,0.71875
534,0.6875
535,0.6875
536,0.71875
537,0.59375
538,0.3125
539,0.40625
540,0.4375
541,0.1875
542,0.21875
543,0.5
544,0.6875
545,0.59375
546,0.375
547,0.0625
548,0.125
549,0.25
550,0.375
551,0.3125
552,0.46875
553,0.40625
554,0.375
555,0.4375
556,0.59375
557,0.46875
558,0.5
559,0.34375
560,0.40625
561,0.34375
562,0.21875
563,0.46875
564,0.46875
565,0.34375
566,0.21875
567,0.125
568,0.40625
569,0.09375
570,0.0625
571,0.0625
572,0.0
573,0.03125
574,0.125
575,0.0
576,0.0625
577,0.09375
578,0.0
579,0.0625
580,0.03125
581,0.1875
582,0.15625
583,0.0625
584,0.15625
585,0.34375
586,0.5625
587,0.40625
588,0.625
589,0.875
590,0.78125
591,1.0
592,0.90625
593,0.78125
594,0.8125
595,0.78125
596,0.625
597,0.5
598,0.53125
599,0.5
600,0.40625
601,0.25
602,0.5
603,0.625
604,0.65625
605,0.46875
606,0.125
607,0.03125
608,0.0
609,0.0625
610,0.125
611,0.0625
612,0.15625
613,0.03125
614,0.0
615,0.09375
616,0.0
617,0.03125
618,0.03125
619,0.1875
620,0.03125
621,0.0
622,0.0625
623,0.125
624,0.03125
625,0.15625
626,0.21875
627,0.15625
628,0.09375
629,0.0625
630,0.1875
631,0.34375
632,0.46875
633,0.28125
634,0.28125
635,0.3125
636,0.09375
637,0.09375
638,0.0625
639,0.1875
640,0.09375
641,0.1875
642,0.0625
643,0.25
644,0.25
645,0.1875
646,0.34375
647,0.09375
648,0.0625
649,0.21875
650,0.0625
651,0.03125
652,0.09375
653,0.03125
654,0.09375
655,0.21875
656,0.28125
657,0.375
658,0.34375
659,0.53125
660,0.375
661,0.3125
662,0.25
663,0.40625
664,0.375
665,0.3125
666,0.25
667,0.4375
668,0.375
669,0.125
670,0.21875
671,0.09375
672,0.3125
673,0.25
674,0.15625
675,0.3125
676,0.28125
677,0.15625
678,0.21875
679,0.09375
680,0.28125
681,0.1875
682,0.125
683,0.0
684,0.0
685,0.03125
686,0.09375
687,0.28125
688,0.0625
689,0.125
690,0.46875
691,0.28125
692,0.09375
693,0.1875
694,0.5625
695,0.53125
696,0.28125
697,0.1875
698,0.25
699,0.28125
700,0.375
701,0.40625
702,0.3125
703,0.3125
704,0.46875
705,0.15625
706,0.0
707,0.21875
708,0.125
709,0.21875
710,0.0625
711,0.1875
712,0.3125
713,0.53125
714,0.28125
715,0.28125
716,0.21875
717,0.21875
718,0.03125
719,0.0625
720,0.0625
721,0.0
722,0.125
723,0.09375
724,0.15625
725,0.25
726,0.34375
727,0.28125
728,0.03125
729,0.3125
730,0.4375
731,0.375
732,0.375
733,0.53125
734,0.46875
735,0.90625
736,0.78125
737,0.5625
738,0.40625
739,0.3125
740,0.125
741,0.3125
742,0.25
743,0.25
744,0.375
745,0.0625
746,0.09375
747,0.21875
748,0.4375
749,0.5625
750,0.34375
751,0.15625
752,0.03125
753,0.0625
754,0.0625
755,0.03125
756,0.0625
757,0.1875
758,0.0625
759,0.3125
760,0.0625
761,0.15625
762,0.0
763,0.25
764,0.125
765,0.09375
766,0.21875
767,0.03125
768,0.0625
769,0.1875
770,0.34375
771,0.65625
772,0.5625
773,0.0625
774,0.28125
775,0.375
776,0.15625
777,0.1875
778,0.09375
779,0.0625
780,0.03125
781,0.0
782,0.21875
783,0.25
784,0.40625
785,0.375
786,0.40625
787,0.34375
788,0.125
789,0.0
790,0.09375
791,0.03125
792,0.09375
793,0.1875
794,0.0625
795,0.15625
796,0.1875
797,0.21875
798,0.0625
799,0.1875
800,0.28125
801,0.46875
802,0.0625
803,0.34375
804,0.03125
805,0.1875
806,0.34375
807,0.4375
808,0.28125
809,0.0625
810,0.15625
811,0.4375
812,0.5625
813,0.3125
814,0.09375
815,0.15625
816,0.03125
817,0.28125
818,0.0625
819,0.09375
820,0.125
821,0.25
822,0.0
823,0.0
824,0.1875
825,0.125
826,0.21875
827,0.03125
828,0.09375
829,0.0625
830,0.1875
831,0.21875
832,0.34375
833,0.0625
834,0.34375
835,0.0625
836,0.03125
837,0.125
838,0.03125
839,0.09375
840,0.3125
841,0.4375
842,0.5
843,0.5
844,0.71875
845,0.875
846,0.5625
847,0.53125
848,0.5
849,0.375
850,0.21875
851,0.125
852,0.21875
853,0.0625
854,0.21875
855,0.21875
856,0.53125
857,0.65625
858,0.5625
859,0.40625
860,0.28125
861,0.5
862,0.46875
863,0.34375
864,0.125
865,0.09375
866,0.03125
867,0.15625
868,0.15625
869,0.375
870,0.5625
871,0.3125
872,0.09375
873,0.0
874,0.03125
875,0.0625
876,0.15625
877,0.375
878,0.59375
879,0.4375
880,0.5625
881,0.6875
882,0.59375
883,0.53125
884,0.46875
885,0.15625
886,0.15625
887,0.09375
888,0.03125
889,0.0
890,0.1875
891,0.1875
892,0.25
893,0.46875
894,0.5625
895,0.71875
896,0.46875
897,0.375
898,0.375
899,0.34375
900,0.1875
901,0.125
902,0.125
903,0.125
904,0.1875
905,0.40625
906,0.3125
907,0.0625
908,0.0625
909,0.09375
910,0.09375
911,0.0625
912,0.03125
913,0.0
914,0.09375
915,0.03125
916,0.09375
917,0.21875
918,0.125
919,0.09375
920,0.15625
921,0.09375
922,0.375
923,0.1875
924,0.3125
925,0.53125
926,0.34375
927,0.28125
928,0.34375
929,0.5
930,0.65625
931,0.625
932,0.59375
933,0.75
934,0.65625
935,0.5
936,0.59375
937,0.65625
938,0.59375
939,0.71875
940,0.71875
941,0.40625
942,0.625
943,0.40625
944,0.53125
945,0.65625
946,0.78125
947,0.5
948,0.59375
949,0.25
950,0.09375
951,0.25
952,0.28125
953,0.125
954,0.125
955,0.0625
956,0.1875
957,0.28125
958,0.15625
959,0.0625
960,0.15625
961,0.0
962,0.03125
963,0.0625
964,0.28125
965,0.1875
966,0.15625
967,0.21875
968,0.25
969,0.03125
970,0.15625
971,0.375
972,0.625
973,0.5
974,0.46875
975,0.59375
976,0.40625
977,0.3125
978,0.40625
979,0.28125
980,0.0625
981,0.375
982,0.25
983,0.375
984,0.53125
985,0.5
986,0.53125
987,0.25
988,0.40625
989,0.5625
990,0.28125
991,0.25
992,0.28125
993,0.34375
994,0.46875
995,0.28125
996,0.0
997,0.125
998,0.1875
999,0.28125
