,Absolute Magnetisations Per Spin
0,0.90625
1,0.875
2,0.8125
3,0.8125
4,0.78125
5,0.71875
6,0.78125
7,0.8125
8,0.78125
9,0.75
10,0.875
11,0.90625
12,0.96875
13,0.96875
14,0.96875
15,0.875
16,0.875
17,0.8125
18,0.84375
19,0.84375
20,0.875
21,0.875
22,1.0
23,1.0
24,1.0
25,0.9375
26,0.9375
27,0.90625
28,0.9375
29,0.90625
30,0.96875
31,0.875
32,0.9375
33,0.96875
34,0.96875
35,0.90625
36,0.90625
37,0.90625
38,0.90625
39,0.84375
40,0.84375
41,0.90625
42,0.96875
43,0.9375
44,0.96875
45,0.96875
46,0.96875
47,0.8125
48,0.9375
49,0.96875
50,1.0
51,0.96875
52,0.96875
53,0.9375
54,0.90625
55,0.9375
56,0.875
57,0.875
58,0.9375
59,1.0
60,1.0
61,0.9375
62,0.84375
63,0.84375
64,0.875
65,0.9375
66,0.9375
67,0.9375
68,0.96875
69,0.9375
70,0.90625
71,0.9375
72,0.9375
73,0.875
74,0.875
75,0.90625
76,0.9375
77,0.9375
78,1.0
79,1.0
80,0.96875
81,1.0
82,1.0
83,1.0
84,1.0
85,0.9375
86,0.9375
87,0.96875
88,0.875
89,0.90625
90,0.96875
91,0.96875
92,0.9375
93,0.875
94,0.9375
95,0.96875
96,0.96875
97,1.0
98,0.96875
99,0.9375
100,1.0
101,0.875
102,0.9375
103,0.96875
104,0.9375
105,1.0
106,0.96875
107,1.0
108,0.96875
109,0.8125
110,0.84375
111,0.84375
112,0.84375
113,0.875
114,0.90625
115,0.90625
116,0.96875
117,0.9375
118,0.9375
119,0.96875
120,0.9375
121,1.0
122,0.9375
123,0.96875
124,0.96875
125,0.96875
126,1.0
127,0.96875
128,0.84375
129,0.84375
130,0.9375
131,0.875
132,0.875
133,0.8125
134,0.9375
135,0.96875
136,0.9375
137,0.9375
138,0.90625
139,1.0
140,1.0
141,1.0
142,0.84375
143,0.875
144,0.90625
145,0.84375
146,0.9375
147,0.875
148,0.90625
149,1.0
150,0.9375
151,0.96875
152,0.96875
153,1.0
154,0.875
155,0.96875
156,0.84375
157,0.9375
158,0.84375
159,0.875
160,0.875
161,0.9375
162,0.8125
163,0.9375
164,0.9375
165,0.9375
166,0.9375
167,0.96875
168,0.9375
169,0.84375
170,0.9375
171,0.9375
172,0.9375
173,0.90625
174,0.875
175,0.8125
176,0.875
177,0.84375
178,0.90625
179,0.90625
180,0.96875
181,0.96875
182,1.0
183,0.96875
184,0.84375
185,0.8125
186,0.75
187,0.75
188,0.875
189,0.90625
190,0.96875
191,1.0
192,0.9375
193,0.90625
194,0.78125
195,0.9375
196,0.90625
197,0.90625
198,0.875
199,0.875
200,0.8125
201,0.625
202,0.34375
203,0.5
204,0.53125
205,0.59375
206,0.6875
207,0.71875
208,0.65625
209,0.84375
210,0.84375
211,0.71875
212,0.625
213,0.71875
214,0.625
215,0.65625
216,0.78125
217,0.875
218,0.90625
219,0.96875
220,0.96875
221,0.96875
222,0.96875
223,1.0
224,0.96875
225,1.0
226,1.0
227,0.9375
228,0.96875
229,0.875
230,0.78125
231,0.78125
232,0.8125
233,0.78125
234,0.84375
235,0.65625
236,0.625
237,0.75
238,0.84375
239,0.78125
240,0.84375
241,0.90625
242,0.90625
243,0.9375
244,0.9375
245,1.0
246,0.96875
247,1.0
248,1.0
249,0.90625
250,0.90625
251,0.90625
252,0.84375
253,0.96875
254,0.96875
255,0.9375
256,0.9375
257,0.9375
258,0.96875
259,0.9375
260,0.90625
261,0.96875
262,0.96875
263,0.96875
264,0.96875
265,0.875
266,0.78125
267,0.8125
268,0.9375
269,0.9375
270,0.9375
271,0.96875
272,0.96875
273,1.0
274,1.0
275,1.0
276,0.96875
277,0.96875
278,0.96875
279,0.96875
280,0.96875
281,0.875
282,0.84375
283,0.75
284,0.84375
285,0.9375
286,0.96875
287,1.0
288,1.0
289,0.96875
290,1.0
291,0.96875
292,0.96875
293,0.9375
294,0.875
295,0.875
296,0.6875
297,0.5
298,0.625
299,0.53125
300,0.78125
301,0.59375
302,0.65625
303,0.75
304,0.65625
305,0.5625
306,0.34375
307,0.46875
308,0.34375
309,0.53125
310,0.78125
311,0.84375
312,0.96875
313,0.90625
314,0.71875
315,0.75
316,0.84375
317,0.8125
318,0.875
319,0.84375
320,0.875
321,0.96875
322,0.96875
323,0.9375
324,0.90625
325,0.9375
326,0.8125
327,0.90625
328,0.96875
329,0.96875
330,1.0
331,0.96875
332,0.9375
333,0.9375
334,0.9375
335,0.96875
336,0.84375
337,0.90625
338,0.84375
339,0.90625
340,0.90625
341,0.96875
342,0.96875
343,1.0
344,1.0
345,0.96875
346,1.0
347,1.0
348,1.0
349,0.96875
350,1.0
351,0.90625
352,0.84375
353,0.84375
354,0.90625
355,0.875
356,0.84375
357,0.9375
358,0.8125
359,0.9375
360,0.875
361,0.96875
362,0.9375
363,0.96875
364,0.96875
365,0.9375
366,0.90625
367,0.84375
368,0.96875
369,0.90625
370,0.84375
371,0.84375
372,0.84375
373,0.8125
374,0.78125
375,0.65625
376,0.46875
377,0.3125
378,0.40625
379,0.5625
380,0.59375
381,0.59375
382,0.65625
383,0.71875
384,0.75
385,0.875
386,1.0
387,1.0
388,0.96875
389,1.0
390,0.96875
391,0.8125
392,0.90625
393,0.9375
394,0.9375
395,0.9375
396,0.96875
397,0.90625
398,0.9375
399,0.96875
400,0.90625
401,0.90625
402,0.90625
403,1.0
404,0.90625
405,0.90625
406,0.90625
407,0.9375
408,0.875
409,0.84375
410,0.75
411,0.625
412,0.625
413,0.84375
414,0.65625
415,0.84375
416,0.71875
417,0.90625
418,0.875
419,0.875
420,0.96875
421,0.96875
422,1.0
423,0.96875
424,0.96875
425,1.0
426,1.0
427,0.9375
428,1.0
429,0.96875
430,0.8125
431,0.875
432,0.9375
433,0.9375
434,0.90625
435,0.96875
436,0.96875
437,0.96875
438,0.96875
439,0.9375
440,0.9375
441,0.96875
442,1.0
443,1.0
444,0.9375
445,1.0
446,0.9375
447,0.8125
448,0.96875
449,0.96875
450,0.90625
451,0.9375
452,0.90625
453,0.875
454,0.78125
455,0.90625
456,0.90625
457,0.96875
458,0.96875
459,1.0
460,1.0
461,1.0
462,1.0
463,1.0
464,0.96875
465,0.78125
466,0.8125
467,0.875
468,0.96875
469,0.90625
470,0.90625
471,0.9375
472,0.90625
473,1.0
474,1.0
475,1.0
476,0.96875
477,1.0
478,0.90625
479,1.0
480,0.9375
481,0.9375
482,0.90625
483,0.96875
484,0.96875
485,0.96875
486,0.96875
487,0.9375
488,0.90625
489,0.90625
490,0.875
491,1.0
492,1.0
493,0.96875
494,0.90625
495,0.84375
496,0.84375
497,0.71875
498,0.8125
499,0.84375
500,0.8125
501,0.78125
502,0.75
503,0.71875
504,0.90625
505,0.9375
506,0.9375
507,0.9375
508,0.9375
509,0.8125
510,0.90625
511,0.9375
512,0.9375
513,0.875
514,0.9375
515,0.9375
516,0.9375
517,0.90625
518,0.875
519,0.96875
520,0.9375
521,0.96875
522,0.9375
523,0.96875
524,0.96875
525,1.0
526,1.0
527,0.96875
528,0.9375
529,0.96875
530,0.90625
531,0.9375
532,0.90625
533,0.875
534,0.9375
535,0.875
536,0.875
537,0.96875
538,0.9375
539,1.0
540,1.0
541,1.0
542,0.90625
543,0.9375
544,0.9375
545,0.9375
546,0.9375
547,0.9375
548,0.78125
549,0.6875
550,0.46875
551,0.4375
552,0.46875
553,0.6875
554,0.71875
555,0.6875
556,0.65625
557,0.71875
558,0.875
559,0.96875
560,1.0
561,0.96875
562,0.9375
563,0.9375
564,0.84375
565,0.96875
566,0.96875
567,0.96875
568,0.9375
569,0.9375
570,1.0
571,1.0
572,0.9375
573,0.875
574,1.0
575,0.9375
576,0.90625
577,0.875
578,0.96875
579,0.9375
580,0.9375
581,1.0
582,0.96875
583,1.0
584,0.96875
585,0.9375
586,0.9375
587,0.90625
588,0.96875
589,1.0
590,0.9375
591,0.9375
592,0.9375
593,0.9375
594,0.96875
595,0.96875
596,0.96875
597,1.0
598,0.875
599,0.71875
600,0.90625
601,0.9375
602,1.0
603,0.9375
604,1.0
605,0.9375
606,0.96875
607,0.90625
608,0.875
609,0.8125
610,0.84375
611,0.875
612,0.96875
613,0.96875
614,0.9375
615,0.9375
616,0.96875
617,0.96875
618,0.90625
619,0.84375
620,0.90625
621,0.875
622,0.78125
623,0.71875
624,0.71875
625,0.71875
626,0.625
627,0.65625
628,0.5625
629,0.6875
630,0.875
631,0.875
632,0.90625
633,0.875
634,0.875
635,0.90625
636,0.9375
637,0.9375
638,0.9375
639,0.84375
640,0.84375
641,0.9375
642,1.0
643,1.0
644,1.0
645,0.96875
646,1.0
647,1.0
648,0.96875
649,0.9375
650,0.96875
651,0.90625
652,0.90625
653,0.71875
654,0.46875
655,0.625
656,0.5625
657,0.59375
658,0.65625
659,0.6875
660,0.875
661,0.96875
662,0.90625
663,0.96875
664,0.9375
665,0.875
666,0.78125
667,0.84375
668,0.78125
669,0.78125
670,0.90625
671,0.875
672,0.9375
673,0.9375
674,0.84375
675,0.8125
676,0.90625
677,0.9375
678,0.875
679,0.875
680,1.0
681,0.9375
682,0.9375
683,0.9375
684,0.96875
685,0.96875
686,0.90625
687,0.90625
688,0.875
689,0.8125
690,0.71875
691,0.71875
692,0.84375
693,0.90625
694,0.90625
695,0.9375
696,0.90625
697,0.9375
698,0.9375
699,0.90625
700,0.78125
701,0.75
702,0.8125
703,0.875
704,0.875
705,0.8125
706,0.84375
707,0.71875
708,0.6875
709,0.78125
710,0.9375
711,0.96875
712,0.875
713,0.9375
714,0.96875
715,0.9375
716,0.84375
717,0.78125
718,0.875
719,0.90625
720,0.96875
721,0.90625
722,0.9375
723,0.9375
724,0.9375
725,0.9375
726,0.90625
727,0.90625
728,0.96875
729,1.0
730,0.96875
731,1.0
732,1.0
733,0.96875
734,1.0
735,1.0
736,0.875
737,0.84375
738,0.90625
739,0.90625
740,0.90625
741,0.9375
742,1.0
743,1.0
744,0.9375
745,1.0
746,0.9375
747,0.90625
748,1.0
749,0.96875
750,0.9375
751,1.0
752,0.96875
753,0.96875
754,0.96875
755,0.9375
756,0.96875
757,1.0
758,1.0
759,1.0
760,0.96875
761,0.90625
762,0.96875
763,0.84375
764,0.78125
765,0.59375
766,0.59375
767,0.6875
768,0.65625
769,0.65625
770,0.78125
771,0.875
772,0.8125
773,0.90625
774,0.9375
775,0.90625
776,0.90625
777,0.90625
778,0.96875
779,0.8125
780,0.78125
781,0.9375
782,0.96875
783,0.9375
784,0.9375
785,0.90625
786,0.9375
787,1.0
788,0.9375
789,0.875
790,0.90625
791,0.96875
792,0.96875
793,0.96875
794,1.0
795,0.90625
796,0.875
797,0.96875
798,0.96875
799,0.96875
800,1.0
801,0.9375
802,0.96875
803,1.0
804,0.96875
805,0.96875
806,0.9375
807,0.875
808,0.875
809,0.96875
810,0.96875
811,0.96875
812,0.96875
813,0.9375
814,0.96875
815,0.84375
816,0.96875
817,1.0
818,1.0
819,0.96875
820,0.96875
821,0.875
822,0.9375
823,0.9375
824,1.0
825,1.0
826,1.0
827,1.0
828,1.0
829,0.9375
830,0.9375
831,0.875
832,0.84375
833,0.875
834,0.71875
835,0.40625
836,0.4375
837,0.53125
838,0.78125
839,0.78125
840,0.75
841,0.875
842,0.9375
843,0.96875
844,0.9375
845,0.875
846,0.96875
847,0.9375
848,0.9375
849,0.875
850,0.9375
851,0.96875
852,0.96875
853,0.96875
854,1.0
855,0.90625
856,0.9375
857,0.875
858,0.84375
859,0.78125
860,0.78125
861,0.84375
862,0.78125
863,0.84375
864,0.84375
865,0.84375
866,0.84375
867,0.9375
868,1.0
869,0.96875
870,1.0
871,1.0
872,0.9375
873,1.0
874,1.0
875,0.9375
876,0.875
877,0.84375
878,0.625
879,0.65625
880,0.59375
881,0.53125
882,0.75
883,0.8125
884,0.75
885,0.6875
886,0.8125
887,0.9375
888,1.0
889,0.96875
890,0.96875
891,0.90625
892,0.9375
893,0.9375
894,0.84375
895,0.78125
896,0.71875
897,0.65625
898,0.6875
899,0.84375
900,0.84375
901,0.96875
902,0.90625
903,0.8125
904,0.78125
905,0.875
906,0.96875
907,0.9375
908,0.9375
909,0.9375
910,0.875
911,0.9375
912,0.9375
913,0.9375
914,0.90625
915,0.875
916,0.84375
917,0.875
918,0.78125
919,1.0
920,1.0
921,0.96875
922,0.9375
923,0.90625
924,0.90625
925,0.90625
926,0.96875
927,0.90625
928,0.9375
929,0.9375
930,0.9375
931,0.84375
932,0.875
933,0.9375
934,0.9375
935,0.90625
936,0.78125
937,0.5
938,0.8125
939,0.90625
940,1.0
941,1.0
942,0.875
943,0.9375
944,0.90625
945,0.9375
946,0.9375
947,0.96875
948,1.0
949,0.9375
950,0.8125
951,0.8125
952,0.90625
953,0.9375
954,1.0
955,0.9375
956,0.84375
957,0.875
958,0.8125
959,0.84375
960,0.96875
961,0.96875
962,1.0
963,0.9375
964,1.0
965,1.0
966,0.96875
967,0.9375
968,0.875
969,1.0
970,1.0
971,1.0
972,1.0
973,0.9375
974,0.96875
975,0.96875
976,0.75
977,0.84375
978,0.9375
979,1.0
980,1.0
981,0.96875
982,1.0
983,0.96875
984,0.96875
985,0.96875
986,0.9375
987,0.96875
988,0.90625
989,0.9375
990,1.0
991,1.0
992,0.84375
993,0.875
994,0.875
995,0.875
996,0.9375
997,0.9375
998,0.84375
999,0.96875
