,Absolute Magnetisations Per Spin
0,0.53125
1,0.34375
2,0.4375
3,0.3125
4,0.34375
5,0.21875
6,0.3125
7,0.15625
8,0.03125
9,0.125
10,0.03125
11,0.125
12,0.25
13,0.3125
14,0.09375
15,0.25
16,0.125
17,0.1875
18,0.28125
19,0.40625
20,0.46875
21,0.5625
22,0.46875
23,0.0
24,0.15625
25,0.25
26,0.3125
27,0.625
28,0.625
29,0.25
30,0.0
31,0.09375
32,0.0625
33,0.0
34,0.15625
35,0.1875
36,0.0625
37,0.15625
38,0.15625
39,0.03125
40,0.3125
41,0.53125
42,0.4375
43,0.5625
44,0.5
45,0.4375
46,0.53125
47,0.65625
48,0.5625
49,0.65625
50,0.71875
51,0.625
52,0.40625
53,0.40625
54,0.1875
55,0.1875
56,0.21875
57,0.40625
58,0.25
59,0.15625
60,0.125
61,0.21875
62,0.15625
63,0.03125
64,0.125
65,0.21875
66,0.34375
67,0.40625
68,0.09375
69,0.1875
70,0.3125
71,0.15625
72,0.21875
73,0.09375
74,0.0
75,0.1875
76,0.0
77,0.21875
78,0.59375
79,0.4375
80,0.34375
81,0.28125
82,0.1875
83,0.25
84,0.125
85,0.34375
86,0.53125
87,0.71875
88,0.53125
89,0.28125
90,0.21875
91,0.3125
92,0.09375
93,0.21875
94,0.21875
95,0.28125
96,0.21875
97,0.09375
98,0.1875
99,0.15625
100,0.4375
101,0.46875
102,0.71875
103,0.875
104,0.84375
105,0.625
106,0.4375
107,0.25
108,0.125
109,0.0
110,0.34375
111,0.15625
112,0.09375
113,0.28125
114,0.40625
115,0.65625
116,0.5
117,0.0625
118,0.09375
119,0.0625
120,0.125
121,0.03125
122,0.125
123,0.03125
124,0.375
125,0.4375
126,0.21875
127,0.15625
128,0.0
129,0.21875
130,0.03125
131,0.1875
132,0.15625
133,0.3125
134,0.40625
135,0.5
136,0.28125
137,0.25
138,0.46875
139,0.375
140,0.03125
141,0.1875
142,0.25
143,0.28125
144,0.1875
145,0.0625
146,0.03125
147,0.09375
148,0.03125
149,0.0625
150,0.1875
151,0.15625
152,0.03125
153,0.125
154,0.34375
155,0.46875
156,0.34375
157,0.375
158,0.0625
159,0.09375
160,0.0
161,0.1875
162,0.15625
163,0.3125
164,0.3125
165,0.3125
166,0.28125
167,0.21875
168,0.25
169,0.125
170,0.125
171,0.0625
172,0.03125
173,0.03125
174,0.34375
175,0.375
176,0.21875
177,0.5
178,0.1875
179,0.15625
180,0.15625
181,0.15625
182,0.21875
183,0.03125
184,0.09375
185,0.03125
186,0.28125
187,0.53125
188,0.5
189,0.53125
190,0.28125
191,0.375
192,0.3125
193,0.5
194,0.25
195,0.25
196,0.3125
197,0.53125
198,0.65625
199,0.71875
200,0.6875
201,0.53125
202,0.6875
203,0.5625
204,0.28125
205,0.5
206,0.0625
207,0.125
208,0.21875
209,0.375
210,0.40625
211,0.625
212,0.5625
213,0.6875
214,0.5625
215,0.625
216,0.53125
217,0.53125
218,0.59375
219,0.53125
220,0.34375
221,0.40625
222,0.53125
223,0.625
224,0.5625
225,0.4375
226,0.40625
227,0.0625
228,0.0625
229,0.03125
230,0.1875
231,0.09375
232,0.28125
233,0.21875
234,0.25
235,0.25
236,0.25
237,0.1875
238,0.34375
239,0.40625
240,0.53125
241,0.5
242,0.09375
243,0.0625
244,0.15625
245,0.03125
246,0.15625
247,0.25
248,0.21875
249,0.21875
250,0.09375
251,0.34375
252,0.15625
253,0.3125
254,0.21875
255,0.25
256,0.375
257,0.71875
258,0.65625
259,0.4375
260,0.09375
261,0.03125
262,0.09375
263,0.0625
264,0.03125
265,0.03125
266,0.125
267,0.34375
268,0.03125
269,0.125
270,0.03125
271,0.09375
272,0.21875
273,0.21875
274,0.1875
275,0.1875
276,0.1875
277,0.125
278,0.15625
279,0.40625
280,0.4375
281,0.6875
282,0.59375
283,0.25
284,0.25
285,0.3125
286,0.0625
287,0.0625
288,0.09375
289,0.0
290,0.0625
291,0.28125
292,0.40625
293,0.21875
294,0.09375
295,0.0625
296,0.0625
297,0.0
298,0.03125
299,0.1875
300,0.125
301,0.21875
302,0.0625
303,0.3125
304,0.4375
305,0.5
306,0.3125
307,0.34375
308,0.3125
309,0.1875
310,0.46875
311,0.28125
312,0.03125
313,0.15625
314,0.0
315,0.125
316,0.125
317,0.4375
318,0.46875
319,0.5
320,0.5625
321,0.46875
322,0.5
323,0.5625
324,0.65625
325,0.78125
326,0.78125
327,0.71875
328,0.5625
329,0.21875
330,0.25
331,0.1875
332,0.34375
333,0.34375
334,0.25
335,0.21875
336,0.1875
337,0.375
338,0.09375
339,0.34375
340,0.125
341,0.1875
342,0.28125
343,0.0625
344,0.125
345,0.15625
346,0.15625
347,0.21875
348,0.1875
349,0.28125
350,0.46875
351,0.34375
352,0.3125
353,0.34375
354,0.625
355,0.375
356,0.21875
357,0.09375
358,0.21875
359,0.53125
360,0.53125
361,0.21875
362,0.0625
363,0.09375
364,0.53125
365,0.28125
366,0.3125
367,0.03125
368,0.0625
369,0.1875
370,0.09375
371,0.1875
372,0.125
373,0.0625
374,0.15625
375,0.03125
376,0.09375
377,0.0
378,0.03125
379,0.0
380,0.1875
381,0.25
382,0.3125
383,0.1875
384,0.21875
385,0.34375
386,0.59375
387,0.28125
388,0.5
389,0.5625
390,0.40625
391,0.3125
392,0.125
393,0.0625
394,0.03125
395,0.28125
396,0.34375
397,0.28125
398,0.125
399,0.0
400,0.21875
401,0.125
402,0.03125
403,0.0625
404,0.34375
405,0.28125
406,0.1875
407,0.0625
408,0.40625
409,0.21875
410,0.1875
411,0.1875
412,0.21875
413,0.125
414,0.0
415,0.0625
416,0.03125
417,0.0625
418,0.34375
419,0.03125
420,0.1875
421,0.34375
422,0.25
423,0.53125
424,0.59375
425,0.6875
426,0.4375
427,0.28125
428,0.28125
429,0.09375
430,0.28125
431,0.09375
432,0.3125
433,0.25
434,0.15625
435,0.3125
436,0.34375
437,0.25
438,0.375
439,0.40625
440,0.3125
441,0.34375
442,0.03125
443,0.03125
444,0.0625
445,0.03125
446,0.03125
447,0.28125
448,0.46875
449,0.25
450,0.375
451,0.5
452,0.6875
453,0.65625
454,0.625
455,0.28125
456,0.21875
457,0.0625
458,0.0625
459,0.21875
460,0.09375
461,0.09375
462,0.03125
463,0.125
464,0.15625
465,0.28125
466,0.25
467,0.28125
468,0.03125
469,0.0
470,0.25
471,0.15625
472,0.09375
473,0.09375
474,0.0625
475,0.15625
476,0.25
477,0.25
478,0.21875
479,0.03125
480,0.21875
481,0.28125
482,0.65625
483,0.53125
484,0.40625
485,0.375
486,0.21875
487,0.3125
488,0.3125
489,0.3125
490,0.09375
491,0.125
492,0.03125
493,0.25
494,0.3125
495,0.3125
496,0.3125
497,0.28125
498,0.28125
499,0.5
500,0.25
501,0.40625
502,0.53125
503,0.5
504,0.40625
505,0.1875
506,0.09375
507,0.15625
508,0.03125
509,0.34375
510,0.1875
511,0.125
512,0.15625
513,0.15625
514,0.09375
515,0.40625
516,0.125
517,0.21875
518,0.3125
519,0.21875
520,0.25
521,0.3125
522,0.28125
523,0.53125
524,0.28125
525,0.125
526,0.09375
527,0.09375
528,0.15625
529,0.0625
530,0.03125
531,0.03125
532,0.125
533,0.0625
534,0.15625
535,0.09375
536,0.25
537,0.375
538,0.40625
539,0.59375
540,0.65625
541,0.40625
542,0.40625
543,0.4375
544,0.375
545,0.375
546,0.375
547,0.34375
548,0.3125
549,0.1875
550,0.3125
551,0.09375
552,0.3125
553,0.15625
554,0.28125
555,0.0
556,0.21875
557,0.4375
558,0.3125
559,0.375
560,0.53125
561,0.53125
562,0.34375
563,0.5
564,0.59375
565,0.34375
566,0.03125
567,0.03125
568,0.15625
569,0.21875
570,0.125
571,0.53125
572,0.46875
573,0.375
574,0.3125
575,0.34375
576,0.125
577,0.0625
578,0.125
579,0.0625
580,0.03125
581,0.0625
582,0.21875
583,0.4375
584,0.5625
585,0.25
586,0.1875
587,0.25
588,0.03125
589,0.15625
590,0.125
591,0.03125
592,0.03125
593,0.125
594,0.1875
595,0.15625
596,0.125
597,0.0625
598,0.40625
599,0.125
600,0.09375
601,0.1875
602,0.09375
603,0.28125
604,0.09375
605,0.5
606,0.71875
607,0.59375
608,0.5
609,0.46875
610,0.5625
611,0.3125
612,0.21875
613,0.28125
614,0.28125
615,0.03125
616,0.15625
617,0.125
618,0.25
619,0.28125
620,0.59375
621,0.40625
622,0.46875
623,0.59375
624,0.28125
625,0.0625
626,0.15625
627,0.28125
628,0.0625
629,0.03125
630,0.0
631,0.28125
632,0.0625
633,0.09375
634,0.03125
635,0.09375
636,0.0
637,0.125
638,0.0
639,0.0625
640,0.1875
641,0.375
642,0.5
643,0.3125
644,0.59375
645,0.3125
646,0.09375
647,0.09375
648,0.0625
649,0.09375
650,0.03125
651,0.03125
652,0.15625
653,0.15625
654,0.03125
655,0.09375
656,0.09375
657,0.5625
658,0.5625
659,0.625
660,0.5625
661,0.4375
662,0.40625
663,0.4375
664,0.46875
665,0.625
666,0.75
667,0.75
668,0.53125
669,0.5625
670,0.5625
671,0.46875
672,0.3125
673,0.1875
674,0.46875
675,0.25
676,0.0625
677,0.03125
678,0.3125
679,0.34375
680,0.125
681,0.25
682,0.46875
683,0.71875
684,0.65625
685,0.3125
686,0.40625
687,0.59375
688,0.65625
689,0.75
690,0.78125
691,0.6875
692,0.5625
693,0.5625
694,0.46875
695,0.625
696,0.5625
697,0.375
698,0.25
699,0.46875
700,0.53125
701,0.375
702,0.28125
703,0.375
704,0.5625
705,0.75
706,0.40625
707,0.5
708,0.65625
709,0.65625
710,0.53125
711,0.1875
712,0.03125
713,0.09375
714,0.15625
715,0.28125
716,0.375
717,0.28125
718,0.25
719,0.53125
720,0.5
721,0.46875
722,0.4375
723,0.21875
724,0.34375
725,0.40625
726,0.3125
727,0.375
728,0.34375
729,0.03125
730,0.09375
731,0.15625
732,0.0625
733,0.09375
734,0.0625
735,0.125
736,0.25
737,0.09375
738,0.25
739,0.1875
740,0.21875
741,0.3125
742,0.3125
743,0.3125
744,0.1875
745,0.125
746,0.125
747,0.46875
748,0.5625
749,0.4375
750,0.1875
751,0.4375
752,0.40625
753,0.28125
754,0.375
755,0.21875
756,0.15625
757,0.09375
758,0.09375
759,0.09375
760,0.1875
761,0.375
762,0.09375
763,0.0
764,0.40625
765,0.40625
766,0.65625
767,0.6875
768,0.46875
769,0.59375
770,0.46875
771,0.6875
772,0.53125
773,0.53125
774,0.625
775,0.375
776,0.375
777,0.40625
778,0.53125
779,0.5
780,0.34375
781,0.1875
782,0.03125
783,0.15625
784,0.15625
785,0.09375
786,0.40625
787,0.21875
788,0.15625
789,0.21875
790,0.21875
791,0.1875
792,0.5
793,0.40625
794,0.53125
795,0.40625
796,0.375
797,0.40625
798,0.4375
799,0.375
800,0.3125
801,0.75
802,0.75
803,0.6875
804,0.59375
805,0.59375
806,0.59375
807,0.53125
808,0.71875
809,0.375
810,0.0625
811,0.15625
812,0.40625
813,0.6875
814,0.625
815,0.375
816,0.28125
817,0.46875
818,0.25
819,0.0625
820,0.15625
821,0.15625
822,0.0625
823,0.21875
824,0.375
825,0.46875
826,0.03125
827,0.1875
828,0.0
829,0.15625
830,0.03125
831,0.125
832,0.125
833,0.28125
834,0.25
835,0.1875
836,0.09375
837,0.125
838,0.03125
839,0.03125
840,0.0625
841,0.46875
842,0.65625
843,0.46875
844,0.3125
845,0.09375
846,0.0625
847,0.09375
848,0.1875
849,0.375
850,0.03125
851,0.03125
852,0.09375
853,0.09375
854,0.03125
855,0.09375
856,0.25
857,0.09375
858,0.0
859,0.1875
860,0.21875
861,0.21875
862,0.21875
863,0.25
864,0.28125
865,0.1875
866,0.03125
867,0.28125
868,0.5625
869,0.28125
870,0.46875
871,0.3125
872,0.40625
873,0.46875
874,0.5625
875,0.5625
876,0.40625
877,0.34375
878,0.28125
879,0.375
880,0.0625
881,0.1875
882,0.03125
883,0.09375
884,0.1875
885,0.375
886,0.21875
887,0.0625
888,0.09375
889,0.0625
890,0.4375
891,0.3125
892,0.375
893,0.53125
894,0.0625
895,0.125
896,0.28125
897,0.5625
898,0.78125
899,0.90625
900,0.84375
901,0.65625
902,0.65625
903,0.53125
904,0.40625
905,0.28125
906,0.09375
907,0.0625
908,0.03125
909,0.25
910,0.03125
911,0.03125
912,0.125
913,0.1875
914,0.15625
915,0.15625
916,0.40625
917,0.1875
918,0.1875
919,0.0
920,0.125
921,0.3125
922,0.3125
923,0.40625
924,0.3125
925,0.09375
926,0.25
927,0.0
928,0.0625
929,0.21875
930,0.0
931,0.15625
932,0.15625
933,0.1875
934,0.28125
935,0.375
936,0.5
937,0.46875
938,0.34375
939,0.125
940,0.125
941,0.25
942,0.09375
943,0.03125
944,0.0625
945,0.25
946,0.5625
947,0.65625
948,0.46875
949,0.625
950,0.65625
951,0.46875
952,0.5
953,0.28125
954,0.4375
955,0.34375
956,0.46875
957,0.3125
958,0.40625
959,0.28125
960,0.40625
961,0.25
962,0.0
963,0.34375
964,0.3125
965,0.4375
966,0.4375
967,0.625
968,0.375
969,0.25
970,0.4375
971,0.46875
972,0.5
973,0.46875
974,0.5
975,0.28125
976,0.625
977,0.21875
978,0.0625
979,0.1875
980,0.125
981,0.15625
982,0.125
983,0.15625
984,0.15625
985,0.0
986,0.03125
987,0.15625
988,0.1875
989,0.25
990,0.25
991,0.0625
992,0.125
993,0.3125
994,0.40625
995,0.4375
996,0.625
997,0.71875
998,0.6875
999,0.3125
