,Absolute Magnetisations Per Spin
0,0.8125
1,0.875
2,1.0
3,0.96875
4,0.96875
5,0.9375
6,0.9375
7,0.9375
8,0.84375
9,0.90625
10,1.0
11,0.96875
12,0.96875
13,0.96875
14,0.9375
15,0.8125
16,0.75
17,0.8125
18,0.875
19,0.9375
20,0.9375
21,0.875
22,0.9375
23,0.875
24,0.75
25,0.90625
26,0.78125
27,0.875
28,0.9375
29,0.90625
30,0.875
31,0.84375
32,0.875
33,0.90625
34,0.875
35,0.875
36,0.71875
37,0.71875
38,0.78125
39,0.78125
40,0.90625
41,0.875
42,0.9375
43,0.9375
44,0.96875
45,1.0
46,0.96875
47,0.96875
48,0.96875
49,0.96875
50,1.0
51,1.0
52,0.96875
53,1.0
54,1.0
55,0.9375
56,0.90625
57,1.0
58,0.96875
59,1.0
60,0.875
61,0.84375
62,0.84375
63,0.8125
64,0.8125
65,0.75
66,0.8125
67,0.78125
68,0.84375
69,0.78125
70,0.875
71,0.8125
72,0.90625
73,0.9375
74,1.0
75,0.96875
76,0.875
77,0.875
78,0.9375
79,0.90625
80,0.9375
81,1.0
82,1.0
83,0.96875
84,0.96875
85,1.0
86,0.875
87,0.875
88,0.875
89,0.9375
90,0.96875
91,0.96875
92,1.0
93,0.9375
94,1.0
95,0.90625
96,0.84375
97,0.84375
98,0.90625
99,0.71875
100,0.84375
101,0.8125
102,0.8125
103,1.0
104,0.9375
105,0.9375
106,1.0
107,0.875
108,0.71875
109,0.84375
110,0.875
111,0.78125
112,0.8125
113,0.78125
114,0.75
115,0.78125
116,0.90625
117,0.8125
118,0.8125
119,0.875
120,0.96875
121,0.9375
122,0.90625
123,1.0
124,0.96875
125,0.90625
126,0.90625
127,0.90625
128,0.875
129,1.0
130,0.96875
131,0.96875
132,0.9375
133,0.96875
134,1.0
135,1.0
136,0.875
137,0.875
138,0.75
139,0.59375
140,0.53125
141,0.6875
142,0.59375
143,0.65625
144,0.625
145,0.84375
146,0.78125
147,0.8125
148,0.9375
149,0.90625
150,0.96875
151,1.0
152,0.96875
153,1.0
154,0.96875
155,0.9375
156,0.84375
157,0.9375
158,0.875
159,0.9375
160,0.96875
161,1.0
162,1.0
163,1.0
164,0.90625
165,0.96875
166,1.0
167,0.90625
168,0.78125
169,0.8125
170,0.9375
171,0.96875
172,1.0
173,0.96875
174,0.96875
175,0.90625
176,1.0
177,0.9375
178,0.96875
179,0.90625
180,0.96875
181,0.90625
182,0.96875
183,1.0
184,0.9375
185,0.9375
186,0.90625
187,1.0
188,0.90625
189,0.90625
190,0.90625
191,0.96875
192,0.90625
193,0.84375
194,0.75
195,0.71875
196,0.75
197,0.71875
198,0.8125
199,0.75
200,0.75
201,0.8125
202,0.6875
203,0.59375
204,0.40625
205,0.3125
206,0.40625
207,0.40625
208,0.625
209,0.5625
210,0.625
211,0.59375
212,0.625
213,0.75
214,0.78125
215,0.59375
216,0.4375
217,0.4375
218,0.65625
219,0.65625
220,0.53125
221,0.46875
222,0.5
223,0.34375
224,0.3125
225,0.0
226,0.1875
227,0.34375
228,0.40625
229,0.5
230,0.84375
231,0.9375
232,0.78125
233,0.875
234,0.90625
235,0.78125
236,0.71875
237,0.78125
238,0.8125
239,0.96875
240,0.96875
241,0.9375
242,0.78125
243,0.84375
244,0.78125
245,0.8125
246,0.71875
247,0.65625
248,0.6875
249,0.84375
250,0.90625
251,0.8125
252,0.8125
253,0.90625
254,0.875
255,0.84375
256,0.90625
257,0.78125
258,0.59375
259,0.40625
260,0.15625
261,0.1875
262,0.25
263,0.03125
264,0.0
265,0.15625
266,0.09375
267,0.125
268,0.09375
269,0.21875
270,0.5625
271,0.46875
272,0.65625
273,0.71875
274,0.75
275,0.71875
276,0.71875
277,0.6875
278,0.75
279,0.8125
280,0.71875
281,0.9375
282,0.90625
283,0.78125
284,0.875
285,0.875
286,0.8125
287,0.6875
288,0.59375
289,0.28125
290,0.25
291,0.4375
292,0.53125
293,0.53125
294,0.78125
295,0.75
296,0.75
297,0.8125
298,0.75
299,0.65625
300,0.625
301,0.90625
302,0.90625
303,0.9375
304,0.84375
305,0.9375
306,0.96875
307,0.90625
308,0.96875
309,1.0
310,0.96875
311,1.0
312,1.0
313,0.96875
314,0.84375
315,0.875
316,0.90625
317,0.84375
318,0.9375
319,1.0
320,0.9375
321,0.9375
322,0.8125
323,0.84375
324,0.84375
325,0.8125
326,0.84375
327,0.875
328,0.90625
329,0.9375
330,0.78125
331,0.71875
332,0.5
333,0.5
334,0.5625
335,0.6875
336,0.6875
337,0.71875
338,0.8125
339,0.96875
340,0.96875
341,0.90625
342,0.78125
343,0.65625
344,0.6875
345,0.78125
346,0.8125
347,0.90625
348,0.84375
349,0.9375
350,0.9375
351,0.90625
352,0.875
353,0.9375
354,0.9375
355,0.75
356,0.84375
357,0.96875
358,0.9375
359,1.0
360,1.0
361,1.0
362,1.0
363,0.875
364,0.96875
365,0.8125
366,0.8125
367,0.96875
368,0.90625
369,1.0
370,1.0
371,1.0
372,1.0
373,0.90625
374,0.8125
375,0.75
376,0.90625
377,0.96875
378,0.84375
379,0.8125
380,0.8125
381,0.8125
382,0.9375
383,0.84375
384,0.78125
385,0.875
386,0.875
387,0.78125
388,0.96875
389,0.96875
390,0.9375
391,1.0
392,1.0
393,1.0
394,1.0
395,0.9375
396,0.9375
397,0.875
398,0.875
399,0.875
400,0.90625
401,0.84375
402,0.9375
403,0.875
404,1.0
405,1.0
406,0.96875
407,0.9375
408,0.875
409,0.96875
410,1.0
411,0.9375
412,0.84375
413,0.78125
414,0.875
415,0.90625
416,0.9375
417,0.90625
418,0.84375
419,0.75
420,0.8125
421,0.96875
422,0.9375
423,0.90625
424,0.96875
425,1.0
426,0.96875
427,0.84375
428,0.78125
429,0.71875
430,0.65625
431,0.53125
432,0.75
433,0.84375
434,0.90625
435,0.9375
436,0.90625
437,0.84375
438,0.8125
439,0.9375
440,0.96875
441,0.875
442,0.84375
443,0.9375
444,0.90625
445,0.96875
446,0.96875
447,0.96875
448,0.875
449,0.90625
450,0.875
451,0.9375
452,0.78125
453,0.8125
454,0.78125
455,0.8125
456,0.84375
457,0.8125
458,0.84375
459,0.96875
460,0.96875
461,0.9375
462,0.96875
463,0.96875
464,0.96875
465,0.96875
466,0.84375
467,0.9375
468,0.90625
469,0.96875
470,0.96875
471,0.96875
472,0.90625
473,0.96875
474,0.875
475,0.9375
476,0.90625
477,0.90625
478,0.90625
479,0.90625
480,0.90625
481,0.9375
482,0.96875
483,0.96875
484,0.9375
485,0.9375
486,0.9375
487,0.9375
488,0.90625
489,0.96875
490,0.8125
491,0.78125
492,0.84375
493,0.6875
494,0.65625
495,0.65625
496,0.71875
497,0.59375
498,0.59375
499,0.625
500,0.84375
501,0.875
502,0.75
503,0.8125
504,0.65625
505,0.6875
506,0.6875
507,0.875
508,0.9375
509,0.875
510,0.90625
511,0.90625
512,0.875
513,0.90625
514,0.9375
515,0.9375
516,0.90625
517,0.9375
518,0.9375
519,0.8125
520,0.875
521,0.90625
522,1.0
523,0.96875
524,1.0
525,0.96875
526,0.96875
527,0.90625
528,0.90625
529,0.875
530,0.90625
531,0.71875
532,0.875
533,0.875
534,0.90625
535,0.9375
536,0.875
537,0.8125
538,0.65625
539,0.625
540,0.78125
541,0.84375
542,0.875
543,0.84375
544,0.9375
545,0.96875
546,0.9375
547,0.90625
548,0.90625
549,0.875
550,1.0
551,1.0
552,0.9375
553,0.9375
554,0.84375
555,0.90625
556,0.96875
557,0.96875
558,1.0
559,1.0
560,0.9375
561,0.9375
562,0.9375
563,0.9375
564,0.9375
565,0.90625
566,0.90625
567,0.9375
568,0.90625
569,0.90625
570,0.96875
571,0.90625
572,0.71875
573,0.6875
574,0.78125
575,0.875
576,0.90625
577,0.65625
578,0.78125
579,0.9375
580,0.96875
581,0.90625
582,0.75
583,0.9375
584,1.0
585,0.96875
586,0.96875
587,0.9375
588,0.96875
589,0.8125
590,0.875
591,0.9375
592,0.84375
593,0.84375
594,0.84375
595,0.90625
596,0.9375
597,0.9375
598,0.9375
599,0.90625
600,0.90625
601,0.875
602,1.0
603,1.0
604,0.96875
605,0.96875
606,0.96875
607,0.96875
608,0.9375
609,0.90625
610,1.0
611,0.96875
612,1.0
613,0.96875
614,1.0
615,0.96875
616,0.9375
617,0.875
618,0.96875
619,1.0
620,1.0
621,1.0
622,0.96875
623,0.9375
624,0.9375
625,0.9375
626,0.84375
627,0.8125
628,0.875
629,0.875
630,0.90625
631,0.9375
632,0.96875
633,1.0
634,0.96875
635,0.9375
636,0.96875
637,0.9375
638,0.84375
639,0.9375
640,0.9375
641,0.96875
642,0.96875
643,0.96875
644,0.90625
645,0.90625
646,0.8125
647,0.6875
648,0.8125
649,0.84375
650,0.875
651,0.8125
652,0.78125
653,0.75
654,0.78125
655,0.875
656,0.78125
657,0.875
658,0.9375
659,0.9375
660,0.96875
661,0.90625
662,0.9375
663,0.96875
664,1.0
665,0.9375
666,0.90625
667,0.90625
668,0.84375
669,0.96875
670,1.0
671,1.0
672,0.96875
673,1.0
674,1.0
675,0.90625
676,0.78125
677,0.6875
678,1.0
679,0.96875
680,0.9375
681,0.90625
682,0.78125
683,0.75
684,0.65625
685,0.6875
686,0.6875
687,0.71875
688,0.6875
689,0.53125
690,0.8125
691,0.8125
692,0.8125
693,0.84375
694,0.84375
695,0.9375
696,0.96875
697,0.96875
698,0.96875
699,1.0
700,1.0
701,1.0
702,0.90625
703,0.875
704,0.78125
705,0.84375
706,1.0
707,1.0
708,0.96875
709,0.96875
710,0.9375
711,0.875
712,0.96875
713,0.96875
714,0.9375
715,1.0
716,0.875
717,0.84375
718,0.875
719,0.75
720,0.71875
721,0.6875
722,0.78125
723,0.71875
724,0.71875
725,0.90625
726,0.9375
727,0.96875
728,0.96875
729,0.9375
730,0.875
731,0.90625
732,0.8125
733,0.78125
734,0.8125
735,0.84375
736,0.96875
737,0.84375
738,0.96875
739,1.0
740,0.9375
741,0.96875
742,0.96875
743,0.9375
744,0.90625
745,0.6875
746,0.8125
747,0.84375
748,0.90625
749,0.9375
750,1.0
751,0.9375
752,0.96875
753,0.90625
754,0.84375
755,0.59375
756,0.59375
757,0.59375
758,0.59375
759,0.53125
760,0.71875
761,0.65625
762,0.75
763,0.875
764,0.90625
765,0.90625
766,0.875
767,0.8125
768,0.9375
769,0.875
770,0.78125
771,0.96875
772,0.9375
773,1.0
774,0.90625
775,0.9375
776,0.875
777,0.90625
778,0.8125
779,0.75
780,0.875
781,0.84375
782,0.90625
783,0.78125
784,0.8125
785,0.9375
786,0.875
787,0.90625
788,0.8125
789,0.9375
790,0.90625
791,0.75
792,0.78125
793,0.9375
794,0.8125
795,0.78125
796,0.90625
797,0.78125
798,0.75
799,0.78125
800,0.96875
801,0.96875
802,1.0
803,0.96875
804,0.875
805,0.96875
806,0.9375
807,0.90625
808,0.9375
809,0.90625
810,0.9375
811,0.96875
812,0.90625
813,0.90625
814,0.75
815,0.78125
816,0.90625
817,0.875
818,0.8125
819,0.8125
820,0.875
821,0.8125
822,0.75
823,0.90625
824,0.875
825,0.96875
826,1.0
827,1.0
828,0.9375
829,0.84375
830,0.84375
831,0.6875
832,0.6875
833,0.75
834,0.6875
835,0.78125
836,0.84375
837,0.90625
838,0.875
839,0.96875
840,0.96875
841,0.90625
842,0.9375
843,0.9375
844,0.84375
845,0.9375
846,0.90625
847,0.875
848,0.8125
849,0.8125
850,0.8125
851,0.875
852,1.0
853,0.90625
854,0.875
855,1.0
856,0.9375
857,0.96875
858,0.84375
859,0.8125
860,0.8125
861,0.78125
862,0.75
863,0.90625
864,0.96875
865,0.9375
866,0.90625
867,0.8125
868,0.875
869,0.9375
870,0.9375
871,1.0
872,0.9375
873,1.0
874,0.9375
875,0.96875
876,0.96875
877,1.0
878,0.9375
879,0.875
880,0.875
881,0.9375
882,0.875
883,0.84375
884,0.90625
885,0.875
886,0.9375
887,0.90625
888,0.9375
889,0.90625
890,0.75
891,0.84375
892,0.90625
893,0.90625
894,0.9375
895,0.9375
896,0.96875
897,0.875
898,0.84375
899,0.8125
900,0.9375
901,0.96875
902,1.0
903,0.84375
904,0.78125
905,0.90625
906,0.96875
907,0.9375
908,0.9375
909,0.75
910,0.6875
911,0.625
912,0.625
913,0.78125
914,0.78125
915,0.78125
916,0.875
917,0.9375
918,0.84375
919,0.9375
920,0.875
921,0.96875
922,1.0
923,0.90625
924,0.84375
925,0.84375
926,0.84375
927,0.5625
928,0.4375
929,0.4375
930,0.5625
931,0.71875
932,0.78125
933,0.84375
934,0.875
935,0.84375
936,0.90625
937,0.84375
938,0.8125
939,0.84375
940,0.875
941,0.875
942,0.8125
943,0.59375
944,0.65625
945,0.65625
946,0.71875
947,0.59375
948,0.46875
949,0.40625
950,0.34375
951,0.375
952,0.4375
953,0.53125
954,0.59375
955,0.4375
956,0.25
957,0.3125
958,0.3125
959,0.25
960,0.46875
961,0.40625
962,0.6875
963,0.78125
964,0.78125
965,0.78125
966,0.75
967,0.875
968,0.90625
969,0.84375
970,0.9375
971,0.78125
972,0.8125
973,0.75
974,0.59375
975,0.59375
976,0.625
977,0.65625
978,0.53125
979,0.53125
980,0.4375
981,0.4375
982,0.46875
983,0.375
984,0.5625
985,0.6875
986,0.625
987,0.59375
988,0.6875
989,0.71875
990,0.875
991,0.84375
992,0.875
993,1.0
994,0.9375
995,0.90625
996,0.8125
997,0.875
998,0.84375
999,0.84375
