,Absolute Magnetisations Per Spin
0,1.0
1,1.0
2,0.96875
3,0.96875
4,1.0
5,0.96875
6,1.0
7,1.0
8,1.0
9,1.0
10,0.9375
11,1.0
12,1.0
13,1.0
14,1.0
15,1.0
16,1.0
17,1.0
18,1.0
19,1.0
20,0.96875
21,0.96875
22,1.0
23,1.0
24,1.0
25,1.0
26,1.0
27,1.0
28,1.0
29,1.0
30,1.0
31,1.0
32,1.0
33,1.0
34,0.96875
35,0.9375
36,0.9375
37,1.0
38,1.0
39,1.0
40,1.0
41,1.0
42,1.0
43,1.0
44,0.9375
45,0.96875
46,1.0
47,1.0
48,1.0
49,1.0
50,0.9375
51,0.90625
52,0.96875
53,1.0
54,0.96875
55,1.0
56,1.0
57,1.0
58,1.0
59,1.0
60,0.96875
61,0.96875
62,1.0
63,1.0
64,1.0
65,1.0
66,0.96875
67,1.0
68,1.0
69,1.0
70,0.96875
71,0.96875
72,0.96875
73,0.90625
74,0.875
75,0.9375
76,1.0
77,1.0
78,1.0
79,1.0
80,1.0
81,0.96875
82,1.0
83,1.0
84,1.0
85,1.0
86,1.0
87,1.0
88,1.0
89,1.0
90,0.96875
91,1.0
92,0.96875
93,0.96875
94,0.96875
95,0.96875
96,1.0
97,0.96875
98,0.96875
99,1.0
100,1.0
101,1.0
102,1.0
103,1.0
104,1.0
105,1.0
106,1.0
107,1.0
108,1.0
109,0.96875
110,0.96875
111,0.96875
112,0.96875
113,1.0
114,1.0
115,1.0
116,1.0
117,1.0
118,1.0
119,1.0
120,1.0
121,1.0
122,1.0
123,0.96875
124,0.96875
125,1.0
126,1.0
127,1.0
128,1.0
129,1.0
130,1.0
131,0.9375
132,1.0
133,1.0
134,1.0
135,1.0
136,0.96875
137,0.96875
138,0.96875
139,0.96875
140,1.0
141,1.0
142,1.0
143,1.0
144,1.0
145,1.0
146,1.0
147,1.0
148,1.0
149,0.96875
150,0.96875
151,1.0
152,1.0
153,0.96875
154,0.96875
155,1.0
156,1.0
157,1.0
158,1.0
159,1.0
160,1.0
161,1.0
162,1.0
163,1.0
164,1.0
165,0.96875
166,0.9375
167,0.9375
168,0.96875
169,0.875
170,0.84375
171,0.96875
172,0.9375
173,1.0
174,1.0
175,1.0
176,0.96875
177,0.96875
178,0.96875
179,0.9375
180,1.0
181,1.0
182,1.0
183,1.0
184,1.0
185,1.0
186,1.0
187,1.0
188,1.0
189,0.96875
190,0.96875
191,1.0
192,1.0
193,1.0
194,1.0
195,1.0
196,1.0
197,1.0
198,1.0
199,1.0
200,1.0
201,1.0
202,1.0
203,1.0
204,1.0
205,0.9375
206,0.9375
207,1.0
208,1.0
209,1.0
210,1.0
211,1.0
212,1.0
213,1.0
214,1.0
215,1.0
216,1.0
217,0.96875
218,0.96875
219,1.0
220,0.96875
221,1.0
222,1.0
223,1.0
224,1.0
225,0.875
226,0.9375
227,0.96875
228,1.0
229,1.0
230,1.0
231,1.0
232,1.0
233,1.0
234,1.0
235,1.0
236,1.0
237,1.0
238,0.96875
239,0.96875
240,0.96875
241,0.96875
242,1.0
243,1.0
244,1.0
245,0.96875
246,0.9375
247,1.0
248,1.0
249,1.0
250,0.96875
251,0.96875
252,1.0
253,1.0
254,0.9375
255,0.96875
256,0.9375
257,0.96875
258,1.0
259,1.0
260,1.0
261,1.0
262,1.0
263,1.0
264,1.0
265,1.0
266,0.96875
267,1.0
268,1.0
269,1.0
270,0.96875
271,1.0
272,1.0
273,1.0
274,1.0
275,1.0
276,1.0
277,0.96875
278,0.96875
279,0.96875
280,1.0
281,1.0
282,1.0
283,1.0
284,1.0
285,1.0
286,1.0
287,1.0
288,1.0
289,1.0
290,1.0
291,1.0
292,1.0
293,1.0
294,1.0
295,1.0
296,1.0
297,1.0
298,1.0
299,1.0
300,1.0
301,1.0
302,1.0
303,1.0
304,1.0
305,1.0
306,0.90625
307,0.9375
308,1.0
309,1.0
310,1.0
311,1.0
312,1.0
313,0.96875
314,1.0
315,1.0
316,1.0
317,1.0
318,1.0
319,1.0
320,1.0
321,1.0
322,0.96875
323,1.0
324,1.0
325,1.0
326,1.0
327,1.0
328,0.96875
329,0.96875
330,1.0
331,1.0
332,1.0
333,1.0
334,1.0
335,1.0
336,1.0
337,1.0
338,1.0
339,1.0
340,0.96875
341,1.0
342,1.0
343,1.0
344,1.0
345,1.0
346,1.0
347,1.0
348,1.0
349,1.0
350,1.0
351,1.0
352,1.0
353,0.96875
354,1.0
355,1.0
356,1.0
357,0.96875
358,1.0
359,0.96875
360,1.0
361,0.90625
362,0.96875
363,1.0
364,0.96875
365,1.0
366,1.0
367,1.0
368,1.0
369,1.0
370,0.96875
371,1.0
372,1.0
373,1.0
374,1.0
375,1.0
376,1.0
377,0.96875
378,0.96875
379,1.0
380,1.0
381,1.0
382,1.0
383,1.0
384,1.0
385,1.0
386,0.96875
387,1.0
388,1.0
389,1.0
390,0.96875
391,1.0
392,1.0
393,1.0
394,1.0
395,1.0
396,1.0
397,1.0
398,1.0
399,1.0
400,1.0
401,0.96875
402,1.0
403,1.0
404,0.96875
405,0.96875
406,1.0
407,1.0
408,1.0
409,1.0
410,1.0
411,1.0
412,1.0
413,1.0
414,1.0
415,1.0
416,1.0
417,1.0
418,1.0
419,0.96875
420,0.96875
421,0.96875
422,0.96875
423,0.96875
424,1.0
425,1.0
426,0.96875
427,1.0
428,1.0
429,1.0
430,1.0
431,1.0
432,1.0
433,0.96875
434,0.96875
435,0.96875
436,1.0
437,1.0
438,1.0
439,1.0
440,1.0
441,1.0
442,1.0
443,1.0
444,1.0
445,1.0
446,1.0
447,1.0
448,1.0
449,1.0
450,1.0
451,1.0
452,1.0
453,1.0
454,1.0
455,1.0
456,0.96875
457,0.96875
458,1.0
459,1.0
460,1.0
461,1.0
462,1.0
463,1.0
464,1.0
465,1.0
466,1.0
467,1.0
468,1.0
469,1.0
470,1.0
471,1.0
472,1.0
473,1.0
474,0.96875
475,0.96875
476,1.0
477,1.0
478,1.0
479,1.0
480,1.0
481,1.0
482,1.0
483,1.0
484,1.0
485,1.0
486,1.0
487,1.0
488,1.0
489,1.0
490,1.0
491,1.0
492,1.0
493,1.0
494,1.0
495,1.0
496,1.0
497,1.0
498,1.0
499,1.0
500,1.0
501,1.0
502,0.96875
503,0.96875
504,1.0
505,1.0
506,1.0
507,1.0
508,1.0
509,1.0
510,1.0
511,1.0
512,1.0
513,1.0
514,1.0
515,1.0
516,1.0
517,1.0
518,1.0
519,1.0
520,1.0
521,1.0
522,1.0
523,1.0
524,1.0
525,0.96875
526,1.0
527,1.0
528,1.0
529,1.0
530,1.0
531,1.0
532,0.96875
533,1.0
534,1.0
535,1.0
536,1.0
537,1.0
538,1.0
539,1.0
540,1.0
541,1.0
542,1.0
543,1.0
544,1.0
545,0.96875
546,0.96875
547,0.96875
548,1.0
549,1.0
550,0.96875
551,0.96875
552,1.0
553,1.0
554,1.0
555,1.0
556,1.0
557,0.96875
558,0.96875
559,0.96875
560,1.0
561,1.0
562,1.0
563,1.0
564,1.0
565,0.96875
566,0.96875
567,1.0
568,1.0
569,1.0
570,1.0
571,1.0
572,1.0
573,1.0
574,1.0
575,1.0
576,1.0
577,1.0
578,0.96875
579,1.0
580,1.0
581,0.96875
582,1.0
583,1.0
584,1.0
585,1.0
586,1.0
587,1.0
588,1.0
589,1.0
590,1.0
591,1.0
592,1.0
593,1.0
594,0.96875
595,1.0
596,0.96875
597,0.96875
598,0.96875
599,1.0
600,1.0
601,1.0
602,1.0
603,1.0
604,1.0
605,1.0
606,1.0
607,1.0
608,1.0
609,0.96875
610,0.96875
611,1.0
612,1.0
613,1.0
614,1.0
615,1.0
616,1.0
617,1.0
618,1.0
619,1.0
620,0.96875
621,0.96875
622,1.0
623,1.0
624,1.0
625,1.0
626,1.0
627,0.96875
628,0.96875
629,1.0
630,1.0
631,1.0
632,1.0
633,1.0
634,1.0
635,0.96875
636,0.96875
637,1.0
638,1.0
639,1.0
640,1.0
641,1.0
642,1.0
643,1.0
644,1.0
645,1.0
646,1.0
647,1.0
648,1.0
649,1.0
650,1.0
651,1.0
652,1.0
653,1.0
654,0.9375
655,1.0
656,1.0
657,1.0
658,1.0
659,1.0
660,1.0
661,1.0
662,1.0
663,1.0
664,1.0
665,1.0
666,0.96875
667,1.0
668,1.0
669,1.0
670,1.0
671,1.0
672,0.96875
673,1.0
674,1.0
675,0.96875
676,0.9375
677,0.9375
678,0.96875
679,1.0
680,1.0
681,1.0
682,1.0
683,1.0
684,1.0
685,0.96875
686,1.0
687,0.96875
688,0.9375
689,1.0
690,1.0
691,1.0
692,1.0
693,0.96875
694,1.0
695,0.96875
696,0.96875
697,1.0
698,1.0
699,1.0
700,0.96875
701,0.96875
702,1.0
703,1.0
704,1.0
705,1.0
706,1.0
707,1.0
708,1.0
709,1.0
710,1.0
711,1.0
712,0.96875
713,1.0
714,1.0
715,1.0
716,1.0
717,0.9375
718,0.96875
719,1.0
720,1.0
721,1.0
722,1.0
723,1.0
724,1.0
725,1.0
726,1.0
727,0.96875
728,1.0
729,1.0
730,1.0
731,1.0
732,1.0
733,1.0
734,1.0
735,1.0
736,1.0
737,1.0
738,0.96875
739,0.96875
740,0.9375
741,0.96875
742,0.9375
743,1.0
744,1.0
745,0.96875
746,0.96875
747,1.0
748,1.0
749,1.0
750,1.0
751,1.0
752,1.0
753,1.0
754,1.0
755,0.96875
756,0.96875
757,1.0
758,1.0
759,1.0
760,1.0
761,0.96875
762,1.0
763,0.96875
764,0.96875
765,1.0
766,1.0
767,1.0
768,0.96875
769,1.0
770,1.0
771,0.96875
772,1.0
773,1.0
774,1.0
775,1.0
776,0.96875
777,1.0
778,1.0
779,1.0
780,1.0
781,1.0
782,1.0
783,1.0
784,1.0
785,1.0
786,1.0
787,1.0
788,0.9375
789,1.0
790,1.0
791,1.0
792,1.0
793,1.0
794,1.0
795,1.0
796,1.0
797,1.0
798,1.0
799,1.0
800,1.0
801,1.0
802,1.0
803,1.0
804,0.96875
805,0.96875
806,1.0
807,0.9375
808,0.9375
809,0.9375
810,0.84375
811,0.8125
812,0.96875
813,1.0
814,1.0
815,1.0
816,1.0
817,1.0
818,1.0
819,1.0
820,1.0
821,1.0
822,1.0
823,0.96875
824,1.0
825,1.0
826,1.0
827,1.0
828,0.96875
829,1.0
830,1.0
831,1.0
832,1.0
833,0.96875
834,1.0
835,1.0
836,0.96875
837,0.96875
838,1.0
839,1.0
840,1.0
841,1.0
842,1.0
843,1.0
844,1.0
845,1.0
846,1.0
847,0.96875
848,1.0
849,1.0
850,1.0
851,1.0
852,1.0
853,1.0
854,1.0
855,0.96875
856,1.0
857,1.0
858,0.96875
859,1.0
860,0.96875
861,0.96875
862,1.0
863,1.0
864,1.0
865,1.0
866,1.0
867,1.0
868,1.0
869,1.0
870,1.0
871,1.0
872,1.0
873,1.0
874,1.0
875,1.0
876,1.0
877,0.9375
878,0.9375
879,0.96875
880,0.9375
881,0.96875
882,1.0
883,1.0
884,0.9375
885,1.0
886,0.96875
887,0.96875
888,1.0
889,0.9375
890,0.96875
891,0.96875
892,0.96875
893,1.0
894,1.0
895,1.0
896,1.0
897,1.0
898,1.0
899,1.0
900,1.0
901,1.0
902,1.0
903,0.96875
904,1.0
905,0.96875
906,0.96875
907,0.9375
908,0.96875
909,0.96875
910,0.96875
911,1.0
912,1.0
913,1.0
914,1.0
915,1.0
916,0.96875
917,1.0
918,1.0
919,0.96875
920,1.0
921,0.96875
922,0.9375
923,1.0
924,1.0
925,1.0
926,1.0
927,1.0
928,1.0
929,1.0
930,1.0
931,0.96875
932,0.96875
933,1.0
934,1.0
935,1.0
936,0.96875
937,1.0
938,1.0
939,1.0
940,1.0
941,1.0
942,0.96875
943,1.0
944,1.0
945,1.0
946,1.0
947,1.0
948,0.9375
949,0.96875
950,0.96875
951,1.0
952,1.0
953,1.0
954,1.0
955,0.96875
956,1.0
957,1.0
958,0.96875
959,0.96875
960,0.96875
961,0.96875
962,0.96875
963,0.96875
964,0.96875
965,1.0
966,0.96875
967,0.96875
968,1.0
969,1.0
970,1.0
971,1.0
972,1.0
973,1.0
974,1.0
975,1.0
976,1.0
977,1.0
978,1.0
979,1.0
980,0.96875
981,1.0
982,0.96875
983,1.0
984,1.0
985,1.0
986,1.0
987,1.0
988,1.0
989,1.0
990,1.0
991,1.0
992,0.96875
993,1.0
994,1.0
995,1.0
996,0.96875
997,1.0
998,1.0
999,1.0
