,Absolute Magnetisations Per Spin
0,0.84375
1,0.96875
2,0.9375
3,1.0
4,0.9375
5,0.96875
6,0.90625
7,0.90625
8,0.9375
9,0.96875
10,0.90625
11,1.0
12,1.0
13,0.96875
14,0.9375
15,0.96875
16,1.0
17,0.96875
18,0.96875
19,1.0
20,0.96875
21,0.9375
22,0.90625
23,0.9375
24,0.90625
25,0.75
26,0.5
27,0.375
28,0.21875
29,0.4375
30,0.5
31,0.53125
32,0.5625
33,0.71875
34,0.59375
35,0.5625
36,0.59375
37,0.8125
38,0.71875
39,0.84375
40,0.90625
41,0.96875
42,0.9375
43,0.875
44,0.875
45,0.8125
46,0.96875
47,0.96875
48,0.9375
49,1.0
50,0.96875
51,0.90625
52,0.9375
53,0.96875
54,1.0
55,0.875
56,0.9375
57,0.90625
58,0.9375
59,0.9375
60,0.9375
61,0.9375
62,0.96875
63,1.0
64,1.0
65,0.9375
66,0.875
67,0.8125
68,0.875
69,0.6875
70,0.71875
71,0.90625
72,0.875
73,0.90625
74,0.90625
75,0.9375
76,0.96875
77,0.96875
78,1.0
79,0.9375
80,0.96875
81,0.96875
82,1.0
83,0.9375
84,0.9375
85,0.9375
86,0.875
87,0.8125
88,0.90625
89,0.96875
90,0.96875
91,0.96875
92,1.0
93,0.9375
94,1.0
95,1.0
96,0.96875
97,0.9375
98,0.9375
99,0.96875
100,0.9375
101,0.96875
102,1.0
103,0.9375
104,0.9375
105,0.90625
106,0.9375
107,0.96875
108,0.96875
109,1.0
110,0.96875
111,1.0
112,1.0
113,1.0
114,1.0
115,1.0
116,1.0
117,0.9375
118,0.875
119,0.875
120,0.9375
121,0.875
122,0.875
123,0.84375
124,0.8125
125,0.84375
126,0.84375
127,0.8125
128,0.84375
129,0.96875
130,1.0
131,0.90625
132,0.9375
133,0.90625
134,0.96875
135,0.90625
136,0.8125
137,0.9375
138,1.0
139,0.96875
140,1.0
141,0.96875
142,1.0
143,1.0
144,1.0
145,0.9375
146,0.84375
147,0.84375
148,0.8125
149,0.875
150,0.9375
151,1.0
152,0.9375
153,0.9375
154,1.0
155,0.84375
156,0.96875
157,0.875
158,0.9375
159,1.0
160,0.9375
161,1.0
162,0.90625
163,0.9375
164,0.96875
165,0.96875
166,0.9375
167,0.9375
168,0.96875
169,0.96875
170,1.0
171,1.0
172,0.9375
173,0.90625
174,0.875
175,0.96875
176,0.90625
177,0.96875
178,1.0
179,0.90625
180,0.9375
181,0.96875
182,0.96875
183,0.8125
184,0.9375
185,0.96875
186,0.8125
187,0.78125
188,0.78125
189,1.0
190,0.96875
191,0.96875
192,0.9375
193,0.9375
194,0.9375
195,0.90625
196,1.0
197,0.96875
198,0.96875
199,1.0
200,1.0
201,1.0
202,1.0
203,0.875
204,0.9375
205,0.96875
206,0.96875
207,0.90625
208,0.90625
209,0.71875
210,0.84375
211,0.875
212,0.78125
213,0.8125
214,0.78125
215,0.9375
216,1.0
217,0.96875
218,0.875
219,0.875
220,0.9375
221,1.0
222,0.96875
223,0.90625
224,0.875
225,0.875
226,0.8125
227,0.84375
228,1.0
229,0.96875
230,1.0
231,1.0
232,1.0
233,1.0
234,1.0
235,1.0
236,0.90625
237,0.96875
238,1.0
239,0.9375
240,0.875
241,0.875
242,1.0
243,1.0
244,0.9375
245,1.0
246,0.9375
247,0.875
248,0.9375
249,0.875
250,0.96875
251,0.875
252,0.875
253,0.90625
254,0.9375
255,1.0
256,0.96875
257,0.875
258,0.96875
259,0.875
260,0.90625
261,0.84375
262,0.9375
263,0.96875
264,1.0
265,1.0
266,0.96875
267,1.0
268,0.9375
269,0.875
270,0.90625
271,0.96875
272,0.84375
273,0.96875
274,0.96875
275,0.96875
276,0.90625
277,0.8125
278,0.875
279,0.78125
280,0.8125
281,0.875
282,0.875
283,0.8125
284,0.90625
285,0.84375
286,0.75
287,0.78125
288,0.75
289,0.6875
290,0.875
291,0.96875
292,0.96875
293,0.96875
294,0.90625
295,0.75
296,0.75
297,0.875
298,0.8125
299,0.6875
300,0.625
301,0.71875
302,0.875
303,0.90625
304,0.8125
305,0.75
306,0.75
307,0.8125
308,0.875
309,0.84375
310,0.75
311,0.59375
312,0.6875
313,0.78125
314,0.90625
315,0.8125
316,0.9375
317,0.96875
318,1.0
319,0.96875
320,1.0
321,1.0
322,1.0
323,0.96875
324,1.0
325,0.9375
326,0.9375
327,0.9375
328,0.96875
329,0.96875
330,0.875
331,0.96875
332,0.9375
333,0.96875
334,0.9375
335,0.90625
336,0.875
337,1.0
338,1.0
339,0.90625
340,0.8125
341,0.78125
342,0.75
343,0.53125
344,0.4375
345,0.40625
346,0.5
347,0.5
348,0.625
349,0.84375
350,0.84375
351,0.90625
352,0.9375
353,0.9375
354,1.0
355,1.0
356,1.0
357,1.0
358,1.0
359,1.0
360,0.9375
361,0.9375
362,0.9375
363,0.96875
364,1.0
365,0.90625
366,0.875
367,0.9375
368,0.8125
369,0.84375
370,0.78125
371,0.71875
372,0.8125
373,0.90625
374,0.84375
375,0.96875
376,0.90625
377,0.9375
378,0.96875
379,0.9375
380,0.875
381,0.71875
382,0.84375
383,0.84375
384,0.9375
385,0.875
386,0.90625
387,0.78125
388,0.84375
389,0.8125
390,0.875
391,0.90625
392,0.71875
393,0.78125
394,0.8125
395,0.8125
396,0.875
397,0.9375
398,0.84375
399,0.9375
400,0.96875
401,0.96875
402,0.9375
403,0.96875
404,0.8125
405,0.9375
406,0.9375
407,0.96875
408,0.875
409,1.0
410,0.96875
411,0.96875
412,0.96875
413,1.0
414,0.96875
415,1.0
416,0.96875
417,0.9375
418,0.84375
419,0.9375
420,0.96875
421,1.0
422,0.9375
423,0.9375
424,0.875
425,0.84375
426,0.90625
427,0.90625
428,0.96875
429,0.90625
430,1.0
431,1.0
432,1.0
433,0.96875
434,0.90625
435,0.8125
436,0.78125
437,0.6875
438,0.65625
439,0.78125
440,0.875
441,1.0
442,1.0
443,0.9375
444,0.90625
445,1.0
446,1.0
447,1.0
448,1.0
449,0.96875
450,0.96875
451,1.0
452,0.96875
453,0.90625
454,0.84375
455,0.75
456,0.90625
457,0.875
458,0.9375
459,0.9375
460,0.9375
461,1.0
462,0.90625
463,1.0
464,1.0
465,1.0
466,0.9375
467,0.90625
468,0.875
469,0.8125
470,0.71875
471,0.78125
472,0.875
473,0.75
474,0.84375
475,0.84375
476,0.6875
477,0.75
478,0.84375
479,0.84375
480,0.9375
481,0.9375
482,0.90625
483,0.90625
484,1.0
485,1.0
486,0.96875
487,0.96875
488,0.9375
489,0.9375
490,0.96875
491,1.0
492,0.9375
493,0.875
494,0.90625
495,0.875
496,0.84375
497,0.84375
498,0.84375
499,0.78125
500,0.65625
501,0.78125
502,0.84375
503,0.96875
504,0.96875
505,0.96875
506,0.96875
507,1.0
508,1.0
509,0.96875
510,1.0
511,1.0
512,0.90625
513,0.90625
514,0.875
515,0.84375
516,0.71875
517,0.6875
518,0.6875
519,0.6875
520,0.8125
521,0.9375
522,0.90625
523,0.96875
524,0.8125
525,0.875
526,0.9375
527,0.96875
528,0.9375
529,0.84375
530,0.84375
531,0.875
532,0.9375
533,0.9375
534,0.9375
535,0.84375
536,0.96875
537,0.90625
538,0.9375
539,0.875
540,0.9375
541,0.96875
542,0.96875
543,1.0
544,0.96875
545,0.875
546,0.8125
547,0.84375
548,0.9375
549,0.9375
550,0.90625
551,0.9375
552,0.90625
553,0.9375
554,0.9375
555,0.9375
556,0.96875
557,0.96875
558,0.96875
559,0.875
560,0.8125
561,0.875
562,0.9375
563,0.875
564,0.9375
565,0.96875
566,1.0
567,0.96875
568,0.9375
569,0.875
570,0.96875
571,0.8125
572,0.78125
573,0.75
574,0.59375
575,0.65625
576,0.5625
577,0.65625
578,0.75
579,0.625
580,0.71875
581,0.6875
582,0.78125
583,0.875
584,0.875
585,0.875
586,0.78125
587,0.9375
588,0.8125
589,0.84375
590,0.9375
591,0.9375
592,0.875
593,0.9375
594,0.96875
595,1.0
596,1.0
597,1.0
598,0.90625
599,0.875
600,0.90625
601,0.96875
602,0.96875
603,1.0
604,1.0
605,1.0
606,1.0
607,0.9375
608,1.0
609,1.0
610,0.96875
611,0.96875
612,0.96875
613,0.9375
614,0.9375
615,0.9375
616,0.9375
617,0.9375
618,0.96875
619,0.96875
620,0.96875
621,0.96875
622,0.96875
623,1.0
624,0.96875
625,0.96875
626,1.0
627,0.96875
628,0.96875
629,1.0
630,0.96875
631,1.0
632,0.9375
633,0.90625
634,0.90625
635,0.8125
636,0.96875
637,1.0
638,1.0
639,0.96875
640,0.9375
641,0.9375
642,0.90625
643,0.84375
644,0.8125
645,0.78125
646,0.75
647,0.625
648,0.8125
649,0.875
650,0.65625
651,0.90625
652,0.9375
653,0.9375
654,0.96875
655,0.90625
656,1.0
657,0.96875
658,0.96875
659,0.96875
660,0.96875
661,0.75
662,0.8125
663,0.875
664,0.8125
665,0.875
666,0.9375
667,0.96875
668,0.96875
669,1.0
670,1.0
671,1.0
672,1.0
673,1.0
674,0.9375
675,1.0
676,0.90625
677,0.96875
678,0.96875
679,0.90625
680,0.96875
681,0.90625
682,0.9375
683,0.84375
684,0.84375
685,0.96875
686,1.0
687,1.0
688,1.0
689,0.96875
690,0.875
691,0.84375
692,0.9375
693,0.96875
694,0.9375
695,0.96875
696,0.90625
697,0.78125
698,0.6875
699,0.78125
700,0.71875
701,0.6875
702,0.625
703,0.65625
704,0.6875
705,0.8125
706,0.84375
707,0.96875
708,0.96875
709,0.96875
710,0.96875
711,1.0
712,1.0
713,0.96875
714,0.90625
715,1.0
716,0.96875
717,0.96875
718,1.0
719,0.96875
720,1.0
721,0.96875
722,0.96875
723,0.96875
724,1.0
725,0.96875
726,1.0
727,1.0
728,1.0
729,1.0
730,1.0
731,0.96875
732,0.9375
733,0.90625
734,0.9375
735,0.9375
736,0.9375
737,0.96875
738,0.9375
739,1.0
740,0.9375
741,0.90625
742,0.90625
743,0.96875
744,1.0
745,0.96875
746,1.0
747,0.96875
748,0.9375
749,0.9375
750,1.0
751,1.0
752,0.9375
753,0.9375
754,0.96875
755,0.875
756,0.90625
757,0.96875
758,1.0
759,1.0
760,1.0
761,1.0
762,0.90625
763,0.84375
764,0.84375
765,0.90625
766,0.96875
767,1.0
768,0.96875
769,1.0
770,1.0
771,0.9375
772,1.0
773,0.90625
774,0.78125
775,0.84375
776,0.875
777,0.9375
778,1.0
779,0.9375
780,1.0
781,0.875
782,0.90625
783,0.96875
784,0.9375
785,0.9375
786,0.96875
787,0.96875
788,0.875
789,0.96875
790,0.96875
791,0.9375
792,0.96875
793,0.96875
794,0.90625
795,0.875
796,0.90625
797,0.96875
798,0.96875
799,0.96875
800,0.96875
801,1.0
802,0.96875
803,1.0
804,1.0
805,0.96875
806,0.9375
807,0.90625
808,0.875
809,0.90625
810,0.875
811,0.875
812,0.8125
813,0.8125
814,0.96875
815,0.96875
816,1.0
817,0.8125
818,0.96875
819,0.90625
820,0.96875
821,0.96875
822,1.0
823,0.96875
824,0.9375
825,0.96875
826,0.9375
827,0.96875
828,0.96875
829,1.0
830,0.9375
831,0.96875
832,0.90625
833,0.8125
834,0.84375
835,0.875
836,0.9375
837,0.96875
838,1.0
839,0.96875
840,1.0
841,0.96875
842,0.96875
843,0.9375
844,0.875
845,0.96875
846,1.0
847,0.9375
848,0.9375
849,0.875
850,0.9375
851,1.0
852,1.0
853,1.0
854,0.9375
855,0.875
856,0.84375
857,0.8125
858,0.75
859,0.90625
860,0.9375
861,1.0
862,0.9375
863,0.96875
864,1.0
865,1.0
866,0.875
867,0.84375
868,0.96875
869,0.9375
870,0.9375
871,0.90625
872,0.90625
873,0.9375
874,0.96875
875,0.96875
876,0.96875
877,0.96875
878,0.96875
879,0.96875
880,0.9375
881,0.9375
882,0.90625
883,0.90625
884,0.9375
885,0.8125
886,0.875
887,0.875
888,0.90625
889,0.96875
890,0.9375
891,0.96875
892,0.9375
893,0.96875
894,0.84375
895,0.84375
896,0.90625
897,0.90625
898,0.90625
899,0.9375
900,0.96875
901,0.9375
902,0.875
903,0.9375
904,1.0
905,1.0
906,0.96875
907,0.90625
908,0.875
909,0.75
910,0.8125
911,0.90625
912,0.875
913,0.8125
914,0.9375
915,0.96875
916,0.96875
917,0.9375
918,0.9375
919,0.90625
920,0.96875
921,0.9375
922,1.0
923,1.0
924,0.96875
925,0.96875
926,1.0
927,0.96875
928,1.0
929,1.0
930,1.0
931,0.96875
932,0.90625
933,0.90625
934,0.84375
935,0.84375
936,0.96875
937,0.96875
938,0.96875
939,0.96875
940,0.90625
941,0.9375
942,0.90625
943,0.875
944,0.90625
945,0.96875
946,1.0
947,1.0
948,0.96875
949,0.9375
950,0.9375
951,0.96875
952,0.90625
953,1.0
954,1.0
955,0.96875
956,0.96875
957,1.0
958,1.0
959,1.0
960,0.9375
961,0.9375
962,0.9375
963,0.90625
964,0.875
965,0.9375
966,0.9375
967,0.96875
968,0.9375
969,0.96875
970,0.9375
971,0.96875
972,0.9375
973,1.0
974,0.96875
975,0.96875
976,1.0
977,0.96875
978,0.96875
979,0.84375
980,0.71875
981,0.8125
982,0.8125
983,0.9375
984,0.96875
985,0.9375
986,0.9375
987,0.90625
988,0.96875
989,1.0
990,1.0
991,1.0
992,0.9375
993,0.8125
994,0.90625
995,0.78125
996,0.8125
997,0.71875
998,0.71875
999,0.84375
